fid,fname,year,id,type,sdate,edate,inidoy,enddoy,source,zp_link,burn_perio,area,growth_rat,ros_i,ros_p,int_i,int_p,duration_i,duration_p,qc,elev_av,aspect_sin,aspect_cos,landform,land_use,1_3y_fir_p,3_8y_fir_p,8_ny_fir_p,fuel_age,fuel_model,f_load_av,sW_1m_av,sW_3m_av,sW_7_av,sW_28_av,sW_100_av,sW_289_av,t_2m_C_av,d_2m_C_av,rh_2m_av,VPD_Pa_av,sP_hPa_av,gp_m2s2_av,dfmc_av,HDW_av,Haines_av,FWI_12h_av,DC_12h_av,FFMC_12h_a,wv10_kh_av,wsin10_av,wcos10_av,wv100_k_av,wsin100_av,wcos100_av,Recirc,CircVar,t_950_av,t_850_av,t_700_av,t_500_av,t_300_av,rh_950_av,rh_850_av,rh_700_av,rh_500_av,rh_300_av,wv_950_av,wv_850_av,wv_700_av,wv_500_av,wv_300_av,wsi_950_av,wco_950_av,wsi_850_av,wco_850_av,wsi_700_av,wco_700_av,wsi_500_av,wco_500_av,wsi_300_av,wco_300_av,vwv_950_av,vwv_850_av,vwv_700_av,vwv_500_av,vwv_300_av,gp_950_av,gp_850_av,gp_700_av,gp_500_av,gp_300_av,gT_s_9_av,gT_9_8_av,gT_8_7_av,gT_7_5_av,gT_5_3_av,wSv_9_av,wSsin_9_av,wScos_9_av,wSv_7_av,wSsin_7_av,wScos_7_av,wSv_5_av,wSsin_5_av,wScos_5_av,wSv_1_av,wSsin_1_av,wScos_1_av,CBH_m_av,HigCC_p_av,LowCC_p_av,MidCC_p_av,TotCC_p_av,Cape_av,Cin_av,BLH_m_av,BLH_m_rt,LCL_hPa_av,LFC_hPa_av,CCL_hPa_av,EL_m_av,LiftIdx_av,VentIdx_av,CMLG_av,ros_p_lg1,f_start,ros_p_log,ros_p_linear,PredROS_log,PredROS_linear,PredDiff,Err_pct,Error_p_abs,High_err,shap_duration_p,shap_HDW_av,shap_3_8y_fir_p,shap_CircVar,shap_f_start,shap_8_ny_fir_p,shap_wsin100_av,shap_f_load_av,shap_wv100_k_av,shap_dfmc_av,shap_wco_500_av
29,Abrantes_09082017,2017,334,p,2017-08-09 18:00:00,2017-08-09 23:00:00,221.75,221.958333,fops,1,1,501.25,100.25,1199.641053,1199.641053,14302.974677,14302.974677,5.0,5.0,3,222.9939244765703,-0.083639182124461,-0.996496104966573,21.0,4.0,0.0,0.0,97.03815261044177,12.0,223,21.37132796780684,0.113209173685942,0.164375041088263,0.070368334313775,0.088492222465908,0.124583366064079,0.191446928602719,22.64176806911655,5.951859426728489,34.32745610562561,1840.8309729243676,995.1169541690156,1756.3467611159674,9.205702311242177,35308.785223040824,0.24884749151484,59.670234819823285,871.1251884440829,93.4494503589492,18.641460165320353,-0.405073536832105,0.914284107790532,33.00779550791043,-0.296169136212813,0.955135510152856,0.00505190579761,0.005422773731473,21.059096752525175,13.479162042372684,6.981467059343003,-8.128010946945874,-38.410637160666724,31.036044132123553,39.24130424907451,4.697755666373413,8.317030392403693,26.609503048007,42.33783658221184,35.719053789721926,39.34887130899487,70.72681443295262,103.5672271680907,0.018065737990944,0.999836801238503,0.690873996776463,0.722975186696,-0.405334832630717,0.91416829602444,-0.708532520675944,0.705678161164559,-0.779079139638757,0.6269255890293,-0.117708880222742,-0.171084805654123,-0.071308645111646,-0.174559016613837,-0.073258615622738,5854.192464882144,15162.09013555474,30925.76577521791,57367.098662852506,94013.14873596358,-0.853622412573271,-8.270810097219476,-4.181152438213608,-5.900119982939643,-8.440929418888306,66.74401650753086,-0.134307005808075,0.990939770213543,7.147653923578221,-0.000195477354112,0.999999980894302,9.422789265722628,-0.001332794010821,0.999999111829668,146.51628245162223,0.014971185487621,0.999887925522203,,0.0,0.0,0.0,0.0,0.0,,665.3827154902544,245.37140390302594,776.9440092046538,,603.126020454179,,23.052630614597945,21987.9876862416,1.521745095910536,,0.0,7.0906109039696155,1199.641053,6.413599967956543,609.0860226463216,-590.5550303536785,-49.22764429216966,49.22764429216966,True,-0.16252804,0.179059,-0.064410746,-0.04461707,0.21035564,0.018389987,0.010735192,0.15102029,0.22399953,0.055682875,-0.06388411
29,Abrantes_09082017,2017,335,p,2017-08-09 23:00:00,2017-08-10 03:00:00,221.958333,222.125,"fops,sat",1,2,127.5,31.875,388.237868,397.497644,3779.81918,4429.139637,4.0,4.0,3,167.29579373781675,0.259743644708011,-0.965677606157354,22.0,4.0,0.0,0.0,100.0,12.0,223,18.165317460317464,0.102546142363545,0.153008959210861,0.070612845122811,0.077137533128259,0.113061612844464,0.17970886230468,19.09472656250002,4.145751953125023,37.211457608535405,1385.8794421034204,1000.004125,1489.10009765625,9.946862663293741,20445.930534797335,0.424838256835938,54.16704235118699,893.2564460609003,94.778059291288,14.300063597223021,0.05949339116988,0.998228699450736,30.635126345445567,0.226039639974147,0.974118104318136,0.029998852191268,0.029587866547774,19.614434814453126,13.32939453125,6.479718017578125,-8.722906494140625,-37.92203063964844,30.528368377685545,28.89521369934082,2.167975330352783,9.456869506835938,20.19377555847168,46.508071189800795,27.576410645585035,34.73478923228496,65.87957535776216,105.0660236378362,0.62197666890702,0.783035773981832,0.786953410352786,0.617012422836136,0.399841507026074,0.916584294682774,-0.502568631420634,0.864537315974268,-0.620577299352562,0.784145277055394,-0.154164808764282,-0.11008213758142,-0.107085397122239,-0.093320868880826,-0.101622325099157,5990.32001953125,15273.65,31017.891796875,57406.346875,94020.875,5.385438454875201,-6.857892135419431,-4.407646362427418,-5.936492884624204,-8.138915834648312,79.60350314144819,-0.088115127421728,0.996110297266047,7.133237855051327,-0.005745614170404,0.999983493822675,9.209803727283077,0.010093121571033,0.999949063151195,170.61891634976683,-0.218836548411622,0.975761530846184,,0.0,0.0,0.0,0.0,0.0,,354.45206787109083,35.974963378905024,799.2803134798709,,580.925881364846,,25.88910034441192,23552.555084228516,1.600810737101536,1199.641053,300.0,5.987701586042153,397.497644,5.508455753326416,245.76975930051714,-151.72788469948284,-38.17076327111082,38.17076327111082,True,-0.19424127,-0.101077616,-0.06828519,-0.03870865,0.035381265,-0.24692838,-0.057934526,0.013438754,0.17611885,0.029005222,-0.081897594
29,Abrantes_09082017,2017,338,p,2017-08-10 12:00:00,2017-08-10 14:30:00,222.5,222.604167,sat,2,4,819.5,327.8,1092.753836,1092.753836,12211.261107,12211.261107,2.5,2.5,3,211.10384204094103,-0.929665815425231,-0.368403951702124,21.0,4.0,0.0,0.0,96.0025583626479,12.0,223,20.70333333333334,0.105624948102769,0.15833222359369,0.064708616110409,0.079440806273892,0.117239966191004,0.186219670943384,29.123006724128203,2.045424680424223,17.647203198051454,3323.7799224986934,1002.4527306812439,1412.7643539541484,6.322424556126076,35868.98772645491,-0.377870548449034,51.60944490844401,884.5506165359416,95.00814903167252,10.709168405682753,0.84044201337769,0.541901487495334,13.634893127327496,0.822900286279347,0.568185813657265,0.011760234395468,0.011717190347351,21.836584940085235,12.955596072475686,7.711337169373754,-7.840263774145401,-37.98094920121878,23.19944885474543,31.906097103784536,4.047502239275682,8.63178587392659,18.419346758071296,14.871882632882151,15.898397149560346,23.491173680293965,32.483219385988036,55.82581762247514,0.853339323785479,0.521355923032761,0.855166314214559,0.518353716136661,0.239859960158395,0.970807498690041,-0.231732502134947,0.972779547201871,-0.127615012431242,0.991823779006217,-0.046819657263124,-0.041184068608989,-0.06677477198989,-0.114810534317712,-0.143178291668647,6191.863752398404,15483.807524524089,31359.654369739746,57791.778340971905,94538.31200248352,-16.773671006299757,-9.690449219982932,-3.374588366581674,-6.072765151474424,-8.40136507749674,9.960924074080253,0.003048501173687,0.999995353309501,4.371284923965423,-0.004284716215619,0.999990820561345,3.978252624431514,0.016375086559923,0.999865919281258,29.788734635960324,0.002542815485826,0.999996767039476,,0.0,0.0,0.0,0.0,0.0,,1552.8354388022744,112.06740912182545,672.7416410314527,,518.6998035481129,,17.90451062671581,7464.756537848313,1.769979991220107,,1080.0,6.997370944865674,1092.753836,6.189266681671143,486.48849086206366,-606.2653451379365,-55.48050486440356,55.48050486440356,True,0.17813125,0.11698334,-0.07842079,-0.053527813,-0.026091503,0.009806799,-0.12576506,0.13003741,-0.1120359,0.13152649,-0.15339328
29,Abrantes_09082017,2017,340,p,2017-08-10 14:30:00,2017-08-10 22:00:00,222.604167,222.916667,sat,2,5,1290.25,172.033333,580.177102,584.937417,5245.719691,5133.28732,7.5,7.5,3,184.75268999612254,0.460585017068789,-0.887615593628088,21.0,4.0,0.0,0.0,98.7111892208553,12.0,223,18.67046367851623,0.100860889192976,0.154541452044566,0.057269391622938,0.074644246393193,0.112745472273333,0.182943866251757,27.82747286642458,4.65396366836667,25.121250383854914,2935.7189584545995,1002.8234809242101,1248.249108389704,7.4535002647941,32829.69025069141,0.146062504590274,51.774346856110085,889.345165792715,95.02514246711416,10.685129163856583,-0.182657236231761,0.983176654550023,17.49542056376014,-0.112663308525753,0.993633221521921,0.066588737438912,0.072572361006837,24.35026564274693,15.675167709660046,9.3830427004795,-7.262874953487934,-38.23555535723104,20.91331822072633,28.091324737458027,5.338400761391609,8.432433677311375,29.524148113457144,17.910817492688142,19.165960374261186,15.321934925189774,31.767572023660748,37.91099486726272,0.321091944873872,0.947048025676161,0.85744056028976,0.514583021066554,0.254846899265247,0.966981415506466,-0.419023093827647,0.90797557612477,-0.708218242100204,0.705993570478157,-0.00676294693732,-0.045281919924274,-0.061571872676022,-0.101531485772108,0.003282652217618,6049.525182018529,15434.985168478717,31374.357973286984,57907.55941022925,94678.27029097409,-6.356278185807819,-9.465792295445684,-4.048871775666711,-6.500086326189612,-8.633273988744234,16.467237459826418,-0.137929305839375,0.990442076343018,1.293061641900635,-0.021207814507695,0.999775089009427,3.690725872142492,0.006717887564551,0.99997743473874,75.04648230103325,0.005563282288905,0.999984524825346,,0.0,0.0,0.0,0.0,0.0,,924.1675913706363,262.02854575978904,716.4081736504521,,531.0378337601077,,19.62818793882135,9233.734741471297,1.936235678124827,1092.753836,1230.0,6.373212986945487,584.937417,5.490968227386475,241.4918805106003,-343.4455364893997,-58.71492000816896,58.71492000816896,True,-0.2988438,0.17381155,-0.0926614,-0.07175275,-0.02682484,-0.028641256,-0.03211178,0.08232473,-0.018962577,0.14132056,-0.071707346
113,Abrantes_29082023,2023,2669,p,2023-08-29 17:20:00,2023-08-29 18:50:00,241.722222,241.784722,airb,1,1,14.0,9.333333,708.321556,708.321556,7956.320253,7956.320253,1.5,1.5,5,170.9304413377193,-0.994517040016672,0.104574648536235,21.0,4.0,0.0,0.0,0.0,0.0,233,21.97142857142857,0.08331668088585,0.132984196744261,0.047072642892602,0.05589761018753,0.094837635755537,0.159263305664055,24.842675781250023,12.390527343750023,45.88056307582175,1695.4830483798803,993.0706250000001,1676.94189453125,10.533727874035112,45055.28747645125,2.395263671875,65.62872214888952,1170.8256889614715,93.74710124526251,26.573717454446893,-0.504173804051449,0.863602208952879,39.33348338450253,-0.499393519936486,0.866375272180275,,,19.9788818359375,17.411285400390625,6.620758056640625,-9.923370361328125,-38.78602600097656,61.320926666259766,34.400272369384766,24.274627685546875,20.403488159179688,43.05305862426758,48.39810693433296,37.702967774217356,42.68871726244723,46.249029476395684,36.6471974157328,-0.408828347847786,0.912611298415733,-0.008777938783557,0.999961473153197,-0.433648406726873,0.901082160151473,-0.711047107793791,0.703144373865058,-0.623638540808519,0.781712843963959,-0.049123744308755,-0.119604326178435,-0.003083881008698,-0.045564464243499,-0.043311712953154,5566.52490234375,14926.8115234375,30831.865234375,57152.27734375,93721.3359375,-14.894998185934218,-2.801620770725424,-6.943514558741921,-6.46033851325299,-8.045129156782476,55.61614200826422,0.006074329147023,0.999981551092526,5.217533199439685,0.000621204192463,0.999999807052657,3.402651769992025,-0.000780120060242,0.9999996957063,127.33613577458726,0.0051790383933,0.999986588690729,,0.0,0.0,0.0,0.0,0.0,,790.2421093750037,,826.247565461943,,722.9661771302794,,18.23165733114567,24199.052810668945,0.896717178499716,,0.0,6.564308958272129,708.321556,7.045058250427246,1146.1756573418138,437.8541013418138,61.8157244591627,61.8157244591627,True,0.26570472,0.17267527,-0.059686176,0.06308614,0.1602993,-0.11446075,0.08288891,0.100793734,0.25766638,-0.06587189,-0.070473574
48,Agueda_05092019,2019,1743,p,2019-09-05 09:30:00,2019-09-05 12:30:00,248.395833,248.520833,sat,1,1,19.0,6.333333,298.165383,298.165383,2690.21976,2690.21976,3.0,3.0,3,55.10904541015625,0.472677260111532,-0.88123561422213,21.0,4.0,0.0,26.027397260273972,6.849315068493151,4.0,223,13.358333333333334,0.168835073985166,0.236286901984525,0.071497847381984,0.133722487562199,0.188539586500507,0.271975699867784,27.311706981182976,11.584727300447895,37.76049256000875,2272.4033053309454,1005.9092454494336,1293.3633096337533,9.198735304922877,41228.49263465216,1.434320144611793,48.182347654167565,628.3979864280957,92.84631495759125,18.225526124686713,0.92587364775577,0.377833281211997,26.567602046653487,0.936228962365117,0.35139056622046,0.000938328553713,0.000923623347978,21.514084320729378,18.12192684769286,9.253286558469272,-11.790998434598293,-41.319359384023805,44.72422296842009,28.6084487777204,3.917418576889502,8.357398271720808,21.429248934679084,32.76099002638854,13.935731364957265,22.685167131445994,21.47858979024634,43.690288964212044,0.955911180489953,0.293655946669405,0.979079614204538,-0.203477539421658,0.664222960571612,0.747534520038696,0.361812261828895,0.932250978648056,-0.814849144241427,0.579673073489716,-0.197871998851931,0.08095519807649,-0.17039071264636,-0.037791357585719,-0.002769935196373,5910.546651543056,15296.08106839808,31284.074083457002,57567.263797433516,93660.58720299603,-13.96150220151249,-3.701336667421572,-5.706814041867631,-8.217610586056992,-8.230686759810363,33.28195617306795,0.003820769982686,0.999992700831731,1.110202898867899,-0.002806158876754,0.999996062728428,0.354259247297089,-0.002601040860635,0.999996617287499,78.31106908130934,0.006021333331852,0.999981871608134,,0.0,0.0,0.0,0.0,0.0,,809.1542660597988,153.26778029488224,798.36364811768,,662.8171706012366,,14.42760169208488,16396.784968003118,1.156667362165894,,0.0,5.700996540877319,298.165383,6.514074802398682,673.5695625802823,375.4041795802823,125.90468276469313,125.90468276469313,True,0.08827561,0.15214992,0.05381678,-0.02716587,0.24182582,0.024011241,-0.083442494,-0.15819433,0.1554744,0.016847076,-0.12121933
48,Agueda_05092019,2019,1744,p,2019-09-05 12:30:00,2019-09-05 17:00:00,248.520833,248.708333,fops,1,1,46.5,10.333333,287.880391,300.228952,2746.288964,2922.979039,7.5,4.5,3,78.21045169733503,0.444956660384814,-0.895552103665216,21.0,4.0,0.0,0.0,63.24324324324324,14.0,223,13.728913043478263,0.161429441319402,0.228436768561803,0.066327152997253,0.127555587887761,0.180555371046062,0.26389038085937,31.282177734375022,10.072216796875022,27.132155506854566,3322.7623140695528,1009.2648750000001,835.1695556640625,7.377491064481009,45222.62122564159,0.920843505859375,47.731246420213594,639.0895702678289,92.82830170602318,13.620112855687298,0.826459447622367,0.562996253482855,18.67423257921914,0.854794280276271,0.51896699163528,0.00490171854626,0.00514393904413,25.756201171875,17.24310302734375,9.401416015625,-11.87371826171875,-42.321875,31.78312759399414,42.102942657470706,5.926012134552002,6.688494300842285,17.760028457641603,21.58610101764453,16.23497329343194,17.50356627658592,12.130366248615896,26.252621239973333,0.922415521954169,0.386198918768577,0.999997182962227,-0.00237361909548,0.166627882849901,0.986019852060271,-0.122260101731168,0.992498094469045,-0.03123831392301,0.999511964782437,-0.102713961512327,-0.019974921201978,-0.061743156730203,0.068818919216387,-0.096141785226306,5843.7134765625,15276.2033203125,31275.0546875,57559.9328125,93600.6078125,-9.857420439474666,-9.28902698833311,-5.045987670148855,-8.307755227363483,-8.487069125022932,16.49762522115656,0.008909611538492,0.999960308623414,1.215911130117747,0.002919127373827,0.999995739338611,-0.244479804917979,0.008691468536353,0.999962228473997,52.659855077570796,0.014593132860151,0.999893514567089,,0.0,0.0,0.0,0.0,0.0,,1334.3976416015696,122.59615071614287,740.3662729549211,,649.358725354602,,11.843684781861175,10878.711891174316,1.234348577100853,298.165383,180.0,5.7078706134842525,300.228952,5.780481338500977,322.9150656920116,22.68611369201159,7.556271152694024,7.556271152694024,False,-0.14850666,0.17691527,-0.09499464,-0.020442024,0.045823514,0.120497875,-0.11937667,-0.17006114,-0.058514893,0.13861018,-0.18123612
48,Agueda_05092019,2019,1745,p,2019-09-05 17:00:00,2019-09-05 18:00:00,248.708333,248.75,"fops,sat",1,1,23.25,23.25,348.085076,914.672569,3402.912341,8905.099683,8.5,1.0,3,105.90013631184895,0.67466179292612,0.738126997992699,22.0,4.0,0.0,0.0,23.655913978494624,9.0,223,15.912173913043478,0.161083026088771,0.228258824320086,0.066004498302934,0.127049531787631,0.180253207683559,0.263801574707026,30.834619140625023,8.662011718750023,25.2506741399839,3322.127668426139,1008.7793750000001,835.1695556640625,7.170128420695341,35949.84225703978,0.870567321777344,47.731246420213594,639.0895702678289,92.82830170602318,10.545971323280357,0.554945986349163,0.831886381806406,17.899272653930886,0.509113629814082,0.860699315636727,0.023174452713609,0.023257882223528,26.297958374023438,17.090469360351562,9.349334716796875,-11.909759521484375,-42.081642150878906,28.50982666015625,45.53990364074707,5.567964553833008,6.643046140670776,20.029645919799805,21.45121521482791,21.58317594895969,18.42899266071198,16.569461054604744,42.380895246849114,0.786643578379177,0.617407386248985,0.991784526884532,0.127919710101397,-0.173510008315141,0.984832106003089,-0.50605387931156,0.862501867379846,0.824866685721032,0.565327295279115,-0.058448655055183,-0.075522451750152,-0.045515131510733,-0.028107037121278,-0.123096244735895,5794.055908203125,15242.30908203125,31246.0166015625,57527.908203125,93602.9296875,-6.207695751450849,-10.046708318254453,-4.981283989779836,-8.301491731367104,-8.410060934355426,21.66208097053881,0.018477762032959,0.99982927158103,2.342541585869594,0.033913615412967,0.999424767898826,0.905637165092119,0.016945168892595,0.999856420318038,71.62445377542807,0.02304504870102,0.999734427600834,,0.0,0.0,0.0,0.0,0.0,,1063.472662353507,679.5125854492345,729.2158078735972,,633.5216115275192,,12.682903028193394,10727.293491363525,1.624705045408859,300.228952,450.0,6.8196588433474155,914.672569,6.213537216186523,498.46484547704426,-416.2077235229557,-45.50346622704454,45.50346622704454,True,0.30921903,0.121712066,-0.08941321,-0.05672813,-0.055546246,0.10334137,-0.08295002,-0.11110208,-0.05265173,0.15832143,-0.08790057
4,Agueda_08082016,2016,25,p,2016-08-08 04:00:00,2016-08-08 12:30:00,221.166667,221.520833,sat,1,1,837.25,98.5,599.456399,599.456399,5491.303691,5491.303691,8.5,8.5,1,144.49122872499254,-0.997193522951582,-0.07486706741561,22.0,4.0,0.826699326393141,11.420698101653398,52.816901408450704,12.0,223,16.44403341288783,0.179569938868944,0.266435759725682,0.07240389264292,0.126278953916495,0.205532063974272,0.312396511501733,29.008474392361133,11.191932508680578,33.48946457880833,2742.7112849302584,1002.2125694444445,1479.0550537109375,8.456740814324204,31947.458610705988,4.234420776367188,40.76445511534814,504.3799069198681,95.33094468675206,12.633310264570156,0.978912611128057,0.204279464886831,22.15151559809631,0.977135718480368,0.212616527273528,0.005181490566234,0.004922913079072,28.854366726345486,24.11166720920139,9.642825656467014,-9.196265326605904,-35.926778157552086,24.634694629245335,18.517175674438477,22.581592347886826,15.024156994289822,23.568431430392796,30.392385112024098,8.930553724548899,23.646420465834343,13.436574692164767,48.44998339503407,0.989850577311212,0.142112049442193,0.951297121513486,0.308275504379046,0.71953305665638,0.694458191958829,-0.559657942907222,0.828723709652896,-0.993056601012817,-0.117637524561131,-0.223403113215553,0.122252642896962,0.119104876885961,-0.022806945028323,0.005308409693532,6084.884494357639,15709.964409722223,31903.675130208332,58281.69704861111,95221.29340277778,-1.087225791824786,-5.174974264875188,-9.310445056953725,-7.356501470360683,-7.450819177448794,47.579889267831625,0.004318528799438,0.999990675111027,4.082681803568796,-0.003287920850298,0.999994594773633,0.282558033140959,0.013998846437551,0.999902011348321,113.5781490731626,0.000958229102559,0.999999540898388,,0.0,0.0,0.0,0.0,0.0,,430.56458028157954,87.26554771423437,772.2393245225354,,634.7280029223416,,15.31935887901083,15249.286943011813,1.803994429909969,,0.0,6.397690031057151,599.456399,6.425382614135742,616.3169665606258,16.860567560625782,2.812642852549778,2.812642852549778,False,-0.37592492,0.14216405,0.15656143,-0.009440348,0.24511524,0.13026533,-0.14727889,-0.13714345,0.08913948,0.09906845,-0.09961685
4,Agueda_08082016,2016,26,p,2016-08-08 12:30:00,2016-08-09 02:30:00,221.520833,222.104167,sat,2,2,1929.25,137.803571,384.649786,384.649786,3465.266704,3465.266704,14.0,14.0,1,154.1467644019633,-0.971369860747551,-0.237572291379453,22.0,4.0,4.284591194968553,0.0,56.014150943396224,30.0,223,16.81220611082341,0.179906775213484,0.2683508760773,0.073562449723396,0.125658939518279,0.206068092269455,0.315146696640165,30.387150853416607,16.140122420549385,46.3573608205781,2644.848996116897,997.4119814520927,1754.6577752189826,10.66885846261975,23287.57042181762,4.010685078156144,43.21989297627133,502.9704818137333,95.06070685577693,7.179589791308031,-0.635502200689433,0.772099056416265,11.309270113399021,-0.401152405160504,0.916011325166858,0.072076848091666,0.081958008497555,30.975967551251948,23.515229365787444,9.493859209475152,-10.668307877819064,-36.09577931644556,27.539430248677537,27.001510370836534,34.24868161310018,24.486622549796557,28.76176443692839,15.15506396579124,11.58947417614209,18.117915967426722,19.939504109366673,59.54271819568944,-0.223434572226848,0.974718929709383,0.083913413684301,0.996473049813113,-0.038053287474401,0.999275711359178,-0.820672476714728,0.571398885160721,-0.999854302903715,0.017069650404312,-0.009076167019494,-0.00625257364968,0.01715901029033,-0.031672548201162,-0.02840987225077,5993.343886186048,15629.830890686577,31813.891161583713,58088.33768664225,94907.82193901083,2.722677012216412,-8.14074937009706,-9.022505083614334,-7.873151202285036,-7.087611563127786,25.265160015142193,0.002362356532912,0.999997209631913,4.644081894850762,-0.000267017147392,0.999999964350921,2.312061695807569,0.005660071175772,0.999983981668849,51.28232256310323,0.012300025281717,0.999924351827712,,0.0364662375494,0.0,3.3821381996752,3.4186044372246,111.19661930889417,,556.922478478754,222.3316566800632,815.0278238195496,,707.9945136370455,,13.035786248073418,13447.511987912512,1.275338027161043,,510.0,5.9549296674725545,384.649786,5.07544469833374,159.04334716672852,-225.60643883327148,-58.652428012340415,58.652428012340415,True,-0.41677588,-0.07587957,-0.10262484,-0.045647785,-0.045921415,0.1417091,0.017675525,-0.12372977,-0.07778698,-0.057444494,-0.10139317
4,Agueda_08082016,2016,27,p,2016-08-10 13:30:00,2016-08-11 03:30:00,223.5625,224.145833,sat,3,4,1859.25,132.803571,241.638875,241.638875,2407.491571,2407.491571,14.0,14.0,1,195.39970793608165,-0.963286494592223,-0.268475565622324,22.0,4.0,0.544810678289294,0.490329610460365,74.4075183873604,30.0,223,17.193295819935695,0.193073492865635,0.278878649171137,0.088005796178069,0.138240216193627,0.219281446850706,0.324278202771932,26.979149520303256,6.73183190189535,27.961389374910215,2634.763642839784,984.0393117834309,2695.1579682451775,7.918911224207643,37755.931247679015,2.253897227368524,58.14545328664646,510.85063781307963,94.33531882986821,14.64584289548542,0.924803298637504,0.380445605611619,26.489347710081688,0.909905376954988,0.414815868776016,0.009842705621828,0.012543610496463,24.882172851428823,17.756486838256546,7.248692383519497,-9.925117605626484,-38.53765456908078,27.131732357658603,39.201386603019294,8.016483524781327,18.192916003436057,46.75647846682675,35.01867503153995,16.22984108786108,11.720461671556636,34.3873983093135,73.58972267632659,0.949715682766131,0.313113592659377,0.998098205410975,-0.061643915801892,0.876483261324216,0.48143233441312,0.510426825595478,0.859921191570788,0.45992236428593,0.887959131283439,-0.27074559606446,-0.080389026188142,-0.031841622143499,-0.096871913935477,-0.17592768738374,5774.267734620431,15220.50626767527,31140.659079587476,57433.025967957976,93957.45584040505,-3.831220500438853,-7.775158768639999,-6.761580917451101,-6.706223699984475,-7.975411488400597,85.33007703067847,0.010072703900066,0.999949269031255,-1.116267688144158,-0.000204925771903,0.999999979002714,3.660785890767018,-0.001793154639334,0.999998392296927,129.0295956335711,0.007423006227014,0.999972449109751,,0.0027979633621,0.0,0.0,0.0027979633621,0.0,,928.9964704548883,144.88217442053394,730.4992478584983,,618.8988067328949,,16.951792320144676,17680.364555365035,1.749372197903891,,3450.0,5.491574226871061,241.638875,5.804925918579102,330.93060254202123,89.29172754202122,36.952550595189294,36.952550595189294,True,-0.52757376,0.17337562,0.06826533,-0.043096345,-0.12657012,0.09875207,-0.15696949,-0.06596862,0.08421587,0.11607858,-0.09426352
45,Agueda_15102017,2017,1486,p,2017-10-16 01:00:00,2017-10-16 02:00:00,289.041667,289.083333,rep,1,3,334.25,334.25,929.840428,1004.032442,9354.948909,9179.467007,2.0,1.0,3,339.99837039877303,-0.959921164042369,0.280270153287044,32.0,6.0,0.0,7.881773399014778,38.17733990147783,26.0,223,17.04642857142857,0.174477415205244,0.247531453136934,0.083606621371597,0.137797087302793,0.194010504688397,0.286184383259521,18.281148017253248,9.486568502590526,56.6432288497586,910.8505247756846,968.2629752561343,4762.874496172075,13.132646411606009,6369.988256604356,2.024667862542684,35.05844168413655,1023.7454101955312,88.3034399158427,6.918214601521662,-0.760933147904928,-0.648830289381975,18.782212471455487,-0.57345351377876,-0.819238101857325,2.52823746e-07,2.53819391e-07,19.44385554873208,14.167464055484444,4.118128330399076,-14.153014629851645,-38.73351538328918,55.73479667835384,49.78854602057677,56.356239314418104,62.3989715610674,104.48731513045466,22.40268639553962,46.02697462667132,58.784373324177324,63.85706411017911,39.79576589217898,-0.544596602288955,-0.838698122553834,-0.469137827545687,-0.883124962146192,-0.346607989011232,-0.938010075614111,-0.431770656965137,-0.901983425448546,-0.918650011422561,-0.395072343392105,0.141937311806821,0.142643610235385,0.105813664730316,-0.066629904099795,0.041185221950788,5914.591827795103,15197.89139161635,31030.613677000583,56886.45500119457,93099.24679087228,-14.357108636529276,-5.757309753708619,-6.466570788426909,-7.13472269829923,-6.851528347521201,-83.50791144111224,0.00653344255808,0.999978656836405,19.854730902177508,-0.001858925427462,0.999998272196635,10.854178110499223,-0.000603788958601,0.99999981771943,112.39183467441403,-0.002370658941459,0.999997189984144,3413.205540814332,83.5701407780165,0.4313423557068,0.5372491362081,83.5992156995371,4.956848783564244,,433.48161924915286,47.75806200173895,848.9615229224576,,722.7328073160775,,16.29826369701755,11750.252023610596,1.033967130788736,1626.801698,480.0,6.912775100569184,1004.032442,7.218149185180664,1362.9622815256992,358.9298395256992,35.74882887356933,35.74882887356933,True,0.29961243,-0.19265644,0.22880203,0.17803153,-0.03703343,0.1761305,0.105366215,-0.13367401,-0.05494742,-0.15299183,0.33211672
45,Agueda_15102017,2017,1487,p,2017-10-16 01:00:00,2017-10-16 02:00:00,289.041667,289.083333,rep,1,3,6.0,6.0,84.432935,124.158839,484.316695,1238.484418,2.0,1.0,3,414.150390625,0.346875076184337,0.93791133990485,22.0,1.0,0.0,0.0,94.73684210526315,26.0,227,11.680000000000001,0.162082942202685,0.232458080569969,0.075660440623759,0.128859572410583,0.180175279378889,0.269693603515621,18.845849609375023,10.680444335937523,59.13209100358788,888.6836129636647,977.3628125,3489.062744140625,13.74565336478544,5434.939421467881,2.251594543457031,41.925270803711605,1134.5809525070667,90.27930354858097,6.07697220574594,-0.837220968342899,-0.546864745770815,18.38133875279946,-0.545866820387336,-0.837871955850188,2.2743984448e-05,2.2896207459e-05,18.858444213867188,14.609130859375,4.105941772460938,-14.157470703125,-38.69354248046875,63.07590675354004,46.79654884338379,56.79950523376465,63.06300926208496,103.96981430053711,29.323852356944077,43.929373043898465,58.924090521013404,62.939861388710966,40.75335638911448,-0.537579558987443,-0.843213032251558,-0.48659170492452,-0.873629505396108,-0.314155575326632,-0.949371515525504,-0.442818461370801,-0.896611292740168,-0.918672638800855,-0.395019724467873,0.180751421440216,0.18790825768307,0.128391631971991,-0.069310750805513,0.031706842369781,5912.806396484375,15194.98828125,31033.4375,56883.15234375,93100.046875,-7.979009606642498,-4.636618274760375,-6.75861744425757,-7.13170401115269,-6.839144287806089,105.27329270088163,-0.002926750687276,0.999995717056036,18.4592602434133,-0.001834074026795,0.999998318084818,10.167921380734828,-0.000465930369539,0.999999891454439,93.96658284277915,-0.004198721446251,0.999991185330259,3373.5480664062466,82.6439208984377,1.6443481445313,0.7990112304687,82.9107666015627,25.13250000000185,,396.43866455075954,59.52818847656471,865.149464979272,,744.0959333455389,,17.12368785603904,18781.38017654419,0.916208810683573,1626.801698,480.0,4.8295836426311,124.158839,6.545363426208496,695.0095811143033,570.8507421143033,459.7745490470504,459.7745490470504,True,0.28438032,-0.22563209,-0.11455083,0.118243486,-0.051846996,-0.01286011,0.07453878,-0.19524166,-0.09067716,-0.1669494,0.23380685
45,Agueda_15102017,2017,1489,p,2017-10-16 01:00:00,2017-10-16 02:00:00,289.041667,289.083333,rep,1,3,13.0,13.0,76.517787,104.849056,744.964421,1020.792937,2.0,1.0,3,334.6259765625,0.002109878856787,-0.999997774203128,21.0,4.0,0.0,15.384615384615385,84.61538461538461,26.0,223,16.52714285714286,0.165063303449991,0.238367886147007,0.076397853220896,0.127716788210725,0.18457628916705,0.277153379637491,18.524837538449653,10.83437994889589,60.976752867968635,832.15655547599,973.8834171038836,4179.384888530899,14.057508373744039,5417.6228258472,2.165981058258436,33.88477780524214,1059.0643088366608,87.6744829889556,6.467541509721476,-0.727361950398218,-0.686254029578625,18.994759320485148,-0.51634086413216,-0.856383157253372,8.3766022598e-05,8.4086171735e-05,18.696852885401558,14.399155995548313,4.067193879031441,-14.140619329336019,-38.669849360924715,63.908207324560976,49.04340784824086,56.996392417273725,63.219799268971684,103.81527737659064,26.92315315060362,45.023375426758136,60.03599211509636,63.81694126726465,42.467551604322104,-0.525331107888953,-0.850897894629059,-0.471964307774573,-0.881617656462748,-0.333759665968678,-0.942658201774363,-0.44525524053431,-0.895403691513908,-0.910648926105728,-0.413180993491332,0.1688769216055,0.166634824467878,0.127704469884661,-0.058208366416104,0.034600975713627,5909.908605502023,15187.231897483653,31022.624461821462,56872.99259329475,93089.91716076192,-14.109376568124059,-4.689411741736736,-6.648435900397176,-7.109992980009457,-6.83723723084832,155.38377362372668,-0.00047594481395,0.999999886738261,19.607192395315302,-0.001459716974787,0.999998934612609,10.585401782601686,-0.000320496746473,0.999999948640916,106.93578704745426,-0.002796321776739,0.999996090284618,3322.202955339796,82.1433954983764,1.9303961814159,1.0962055198159,82.43147774566721,27.722823368105267,,458.9452339148341,54.22739687170758,868.1767718369599,,749.9281016656339,,16.78369828868164,17254.521690871057,0.825264262803876,1626.801698,480.0,4.66201407926052,104.849056,6.83525276184082,929.0634055563067,824.2143495563067,786.0961090162859,786.0961090162859,True,0.2794512,-0.1927596,0.18284054,0.14667314,-0.049441013,-0.022021495,0.05112279,-0.13355164,-0.07534953,-0.18815945,0.2604374
45,Agueda_15102017,2017,1485,p,2017-10-16 01:00:00,2017-10-16 02:00:00,289.041667,289.083333,rep,2,3,133.0,133.0,1284.183296,1154.059286,14388.978941,12150.570179,2.0,1.0,3,531.0759698275862,-0.425072228484592,0.905159433785641,22.0,4.0,0.0,0.0,36.74698795180723,25.0,223,17.94230215827338,0.17337053419997,0.247108804281273,0.082349263241584,0.136551448188098,0.192958724518831,0.286123761996248,18.155296350531977,9.773022175074008,58.15113787589761,871.9609943292824,967.9562734267338,4795.771260386908,13.652015815098004,5877.592988002489,2.046729580961077,35.63321981370281,1037.7099092939002,88.42828796075896,6.697436194810497,-0.769176668177349,-0.639036190783896,18.56772664599334,-0.566738929991134,-0.82389743611235,5.864842741e-06,5.888303461e-06,19.262850065774465,14.206641636088545,4.11318247416639,-14.156804270901233,-38.71978396606016,57.27238816225087,49.59402128580149,56.51151518281789,62.76751938262407,104.46073825378153,23.226290008237655,45.64145167990273,58.97162305122998,63.94953812978164,40.256177351956445,-0.536248095331498,-0.844060412679887,-0.466006776334679,-0.884781150573497,-0.344090968760281,-0.938936315847678,-0.433725347335167,-0.901045128214447,-0.917580072953074,-0.397551015241355,0.148501452233883,0.145787163620872,0.113329664798488,-0.063400492750878,0.041056925273397,5914.654207508074,15195.912613552919,31029.580218622803,56884.100887944616,93098.11402519912,,-5.517058039811428,-6.494963443975427,-7.134271206308339,-6.846644556557029,281.36489788838793,-0.02094049935611,0.999780723702311,19.870660527825457,-0.001908777967659,0.999998178281676,10.839283021020961,-0.000610998796164,0.999999813340218,107.69971742037522,-0.004764121841726,0.999988651507144,3462.4281859138937,82.9855738924498,0.350761410495,0.5256622779716,82.9855738924498,3.803079010731233,,440.8646473535848,49.400705427443654,853.9000943554435,,728.4981296739737,,16.434741900984484,11613.812518586186,0.978974659214807,1345.493034,480.0,7.051906951508691,1154.059286,6.592220306396484,728.3985616405954,-425.6607243594045,-36.883783140358055,36.883783140358055,True,0.30241948,-0.22274585,-0.12133618,0.15042245,-0.025786106,0.17402427,0.110738605,0.051602438,-0.045232557,-0.12146601,0.30318457
45,Agueda_15102017,2017,1492,p,2017-10-16 02:00:00,2017-10-16 03:00:00,289.083333,289.125,rep,1,3,13.75,13.75,88.747008,118.824356,864.026081,1156.854121,3.0,1.0,3,341.411328125,0.322075534165027,-0.946713974911278,22.0,4.0,0.0,20.0,80.0,26.0,223,15.793333333333335,0.165031921890318,0.238293707148974,0.076403284231001,0.127735635464479,0.184526678536955,0.277056556492177,18.1579116244931,12.025290269918607,67.48429629059564,677.6800830221446,974.0450840226204,4170.424946542352,15.919180540336587,3814.646760771433,1.972403268048787,33.989138285940946,1060.044466799077,87.70829190164147,5.572709483625167,-0.727368621700619,-0.686246958583673,16.767296039451164,-0.479787280573164,-0.877384844523889,8.0056327746e-05,8.0675651162e-05,17.753438695781526,13.920039230255755,3.975232694158181,-14.023463843352683,-38.6568159416357,73.81408370966655,54.95350541491932,57.6907577642703,63.28619308389281,103.51937488424403,23.507944349694757,40.09405407986545,62.19045695916329,61.930093494481554,45.04292033222235,-0.511857241797085,-0.859070523309862,-0.471401186184769,-0.881918886102113,-0.349464621246351,-0.936949560273734,-0.485762964262955,-0.87409058028929,-0.872391505265515,-0.488807796112715,0.133638161703509,0.10133566969505,0.082575219978361,-0.045445632393234,0.054688371390662,5908.147425101057,15163.193037944964,30984.255948138183,56832.654803129284,93072.25456414866,-17.946745338733233,-4.182795791589141,-6.399308093803311,-7.0283347355636,-6.866260044448198,132.70433395627623,0.006197209986332,0.999980797109817,20.793888173302836,-0.000943400703179,0.999999554997458,10.397725204591175,3.7015517203e-05,0.999999999314926,92.6454595688484,0.000322803096943,0.999999947899079,1955.4045866246856,86.91232785269311,13.2429725327863,3.6401898143678,87.6701465026306,82.13210617441658,,393.5409322904883,74.88981451657293,888.7495117334195,,774.3720868158655,,17.322538189180648,17722.549581198087,0.698364902663819,104.849056,540.0,4.786026970526766,118.824356,6.5166754722595215,675.326178509707,556.501822509707,468.33985997761863,468.33985997761863,True,0.25634545,-0.2204529,0.16206044,0.14970577,-0.05097134,-0.0150862,0.044775154,-0.12297898,-0.057532143,-0.346837,0.21201465
45,Agueda_15102017,2017,1493,p,2017-10-16 02:00:00,2017-10-16 03:00:00,289.083333,289.125,rep,1,3,298.5,298.5,5929.877741,1055.638112,52428.732059,9954.797723,3.0,1.0,3,351.11124487704916,-0.736142704279002,-0.67682635803934,21.0,6.0,0.0,2.309913378248316,19.441770933589993,22.0,227,18.65685810810811,0.175079462050336,0.248265230285538,0.084077624236709,0.138071175517521,0.194720946520954,0.286987858981412,17.818683253003613,10.813629619220674,63.68053488817445,741.3811405927138,967.9058635568105,4826.793930962488,15.032580589220172,4592.135355324086,1.864869351312223,34.201081255991355,1013.811564905177,88.04360404547474,6.0960521939419,-0.763639070651291,-0.645643376621206,16.744304883291825,-0.560798318144466,-0.82795244209214,0.000354130629411,0.000356091317271,18.40216813561267,13.753102001586946,4.0233632989625,-14.013852331529257,-38.683793531262964,64.75325903056512,54.90235499588259,57.0173164666016,62.75598947305143,104.09624324804854,19.998436500320242,41.2378268980351,61.3213214714403,62.488864644835665,42.151517936784266,-0.529579225922851,-0.848260480908403,-0.453254144463093,-0.891381332835184,-0.36671335529206,-0.9303339803804,-0.470506052022677,-0.88239676733884,-0.879823346699505,-0.475300829583205,0.115274933846792,0.080262668891981,0.071479663468054,-0.054660569731184,0.053611842173878,5912.180686492383,15171.222260971783,30991.987662302632,56844.38837152444,93080.83326988883,-17.000928441868346,-5.072806639408039,-6.260915725639516,-7.043376106954902,-6.876458830401109,-358.96339203880916,0.018845802428172,0.999822402094911,21.20772994402274,-0.001603762426231,0.999998713972213,10.745911440792945,-0.000401050428005,0.999999919579274,98.08130970513571,-0.002434582459518,0.999997036399732,2408.7900736193983,85.8774346346126,7.1878460282447,2.4887168663699,86.2631285390965,33.80572723475685,,377.6609210785032,72.17893134751802,871.6321142675538,,747.7773087260023,,16.928323482601627,13068.161040115425,0.874175421401045,104.849056,540.0,6.962847554494231,1055.638112,6.817461967468262,912.6631580413563,-142.97495395864382,-13.543936348391695,13.543936348391695,False,0.3032909,-0.23627256,0.22649883,0.087827675,-0.024856962,0.12336588,0.08733526,0.08749123,-0.020559264,-0.1551174,0.23592415
45,Agueda_15102017,2017,1490,p,2017-10-16 02:00:00,2017-10-16 03:00:00,289.083333,289.125,rep,2,3,56.75,56.75,934.534156,362.428853,9340.341805,3588.297196,3.0,1.0,3,516.7464122854077,-0.543754398592172,0.839244394685878,32.0,6.0,0.0,0.0,29.30232558139535,25.0,227,17.80109090909091,0.173302898127664,0.246953593271014,0.082344994052931,0.136601123463236,0.19285071196761,0.285922215039982,17.75863253974202,11.044293368647025,64.86600495444478,714.1232055797146,967.9145473837599,4793.153778524853,15.487455319174206,4191.307742718478,1.893739761972194,35.85362579071259,1040.050836524026,88.49618885430348,5.814984161876764,-0.786939509176294,-0.617030152340527,16.479555783704498,-0.550819989795981,-0.834624070370101,0.000425312695139,0.0004277873141,18.240261213588056,13.809657142679047,4.022177618734657,-14.021736757568004,-38.678089732731706,66.55765811144491,54.60171262038653,57.12930397871427,63.03405542331903,103.9677670943656,20.94005230811933,40.738198947594654,61.34369120567583,62.366908151768534,42.4649438063239,-0.519563123781399,-0.854432068924449,-0.453955612905021,-0.891024299058127,-0.361064370117062,-0.932540894884492,-0.473451252963532,-0.880820021949582,-0.879385395353159,-0.476110624161621,0.122894650158863,0.086490327735345,0.076244180159753,-0.052266114005925,0.055118960329953,5912.663512360288,15170.652525885525,30991.991566312136,56843.40516837405,93080.96462644794,,-4.834432787049522,-6.298070928596392,-7.045991909036424,-6.872671271035751,249.61844892177112,-0.019590520069273,0.999808087346474,21.0966420866314,-0.001619126446752,0.999998689213916,10.671490123999469,-0.000376734403125,0.999999929035592,92.64406559734147,-0.004013284825381,0.999991946740028,2344.856269660479,85.9796430661205,7.155724032153501,2.6534205430266,86.3252941462294,33.04740642171945,,377.51552676744814,73.2110880151289,875.4162025916905,,753.3075709285886,,17.063405502546026,12506.371554259906,0.83860719960911,1154.059286,540.0,5.89558355016855,362.428853,6.281023025512695,533.3350226689095,170.90616966890946,47.155784715878966,47.155784715878966,True,0.29211593,-0.2521015,-0.12344426,0.009304475,-0.03399086,0.12749851,0.09425738,0.049753826,-0.038226698,-0.2397735,0.20067933
45,Agueda_15102017,2017,1494,p,2017-10-16 03:00:00,2017-10-16 04:00:00,289.125,289.166667,rep,1,3,211.25,211.25,4075.6958,896.533198,40674.207026,9425.969683,4.0,1.0,3,348.0934953434226,-0.990999371236725,0.133866523852736,22.0,4.0,0.0,1.787842669845054,28.24791418355185,28.0,227,17.62617924528302,0.174885362579388,0.247315268021766,0.084298842930084,0.138696612193426,0.194247437518976,0.28563796931403,17.71739603471086,11.640652592471817,67.60437716965983,655.773858124543,968.9764542353068,4675.541096922413,15.982565120844146,3150.715929356731,1.846272147093869,35.70046828599048,1023.9770034660125,88.54070457603143,4.728124141331845,-0.771609596475291,-0.636096400419967,14.196143064760516,-0.531564135172407,-0.847018045969749,0.003185790248161,0.00331294021508,17.74191120730045,13.603263521990172,3.910719227802433,-13.962972134168892,-38.84230524009706,71.4814626233563,57.62449339664252,58.41799850107137,64.29033135642933,108.14063014825604,17.10307656678606,38.189956013940154,62.79031682371089,60.2350941785999,43.995106625075294,-0.503615710072397,-0.863927784347902,-0.448644026672685,-0.893710544489053,-0.37435045909953,-0.927287298398922,-0.506656648054477,-0.862147922912421,-0.844994613195511,-0.534774815852961,0.08955209078592,0.036569531039768,0.043730490270023,-0.00930792360207,0.127180805618236,5904.061646858724,15150.985718641328,30960.78147623421,56814.54391888947,93058.7024081304,-20.6498225156394,-4.5158659504878,-6.236981777996665,-6.979521299794032,-6.934824385904785,50.340546805234425,-0.008932965877843,0.999960100264318,21.973726102914664,-0.001047336107212,0.999999451543389,10.428457779051277,-1.3642222702e-05,0.999999999906945,79.17793032525181,0.003597595477484,0.999993528632451,1433.5347569231337,90.1981754397936,17.4865502773664,10.9166514311646,91.5763167280334,80.739865671335,,282.2535212353246,93.64096909163655,884.759380049194,,757.5377997571863,,17.229653340810238,12639.167900280898,0.846500509179298,118.824356,600.0,6.799650109093384,896.533198,6.455339431762695,635.089598627417,-261.443599372583,-29.16161944207034,29.16161944207034,False,0.28408036,-0.19748433,0.18744737,-0.035531588,-0.038470313,0.12765448,0.07395655,0.03836393,-0.048458043,-0.342023,0.2387222
38,Alcobaca_15102017,2017,1037,p,2017-10-16 10:00:00,2017-10-16 18:00:00,289.416667,289.75,rep,1,3,703.75,87.96875,169.507004,171.792849,1470.170145,1595.526086,8.0,8.0,4,42.482928546286516,-0.853944172872612,0.520364631404662,34.0,6.0,0.0,0.0,36.5183752417795,26.0,227,18.87033519553073,0.046120270682347,0.061460820715285,0.014653798612475,0.031428916977876,0.053464489186278,0.069577513854406,19.06537945178639,15.59776183062976,80.7879207051022,442.79502341736435,1012.9458846094876,360.62605530673636,17.97031728834282,5117.315858427636,1.747903562697725,20.41175296980816,1023.8971031940946,75.20362339659026,11.708012757165807,-0.376889267769857,0.9262583224133,12.6675528720514,-0.235821304647145,0.971796435615257,0.052190489349246,0.077643155859329,16.448140496896652,12.1647624100633,2.66895528466785,-13.747388294413616,-40.37359279076654,93.82018401130583,85.01402707631856,82.91100778857668,14.332485665965155,99.12474153296759,13.046825217853883,38.08678580356734,51.25028404759237,36.62907120052939,60.792367431035174,0.015388930608171,-0.999881583396122,-0.142553354725198,-0.989787119059746,-0.375349211241225,-0.926883471435644,-0.506952996346187,-0.861973700002281,-0.70831742199788,-0.705894064073553,0.049703939740276,0.042198749561104,0.050341412481139,0.104117755259448,-0.02482271327968,6014.475497376352,15255.524330994398,30968.112572800885,56892.04089500517,92988.82643752759,-4.61470884232402,-4.673787847188091,-6.110384870149881,-6.410439643078799,-7.421744443841161,4.679749733487764,-0.042086985508522,0.999113950283352,12.941366853447796,-0.006773403552785,0.999977060239039,4.461067869423288,-0.00311117663976,0.999995160278247,24.20667216072653,-0.082770089211245,0.996568669150281,460.4552307039746,89.4182292933294,53.7612250505926,26.458913382662903,96.0878689352631,200.8853044693077,-69.28121062729102,362.1370742744803,55.80870665133027,962.3038014410615,,878.7187076489389,,20.827378851722013,12214.553471852369,0.072846512439539,193.988321,1200.0,5.152093472411799,171.792849,5.3271403312683105,204.8484732269979,33.05562422699791,19.241560064585638,19.241560064585638,False,-0.33135808,-0.25002727,-0.12971008,-0.09332979,0.013458886,0.12530115,-0.008004368,0.055059664,-0.084969,-0.33717403,0.25773126
49,Alijo_24072019,2019,1765,p,2019-07-24 15:00:00,2019-07-24 17:00:00,205.625,205.708333,"airb,fops",1,1,155.5,77.75,1266.653182,1266.653182,17772.285693,17772.285693,2.0,2.0,5,722.1988085621971,0.998456959566594,0.055531071419812,22.0,6.0,0.0,0.0,55.91216216216216,25.0,233,22.835986842105264,0.204515057832005,0.259459397629885,0.147898861765863,0.173326619466148,0.219116038084032,0.288530476888023,30.232893880208355,11.731917317708357,32.16005774923212,2920.1008732182695,934.271875,6657.2607421875,8.156158350376268,41945.80930667799,2.457194010416667,36.83452321723273,553.1964110846297,92.07678582299722,14.209666938334447,-0.95883022890345,-0.283979915030901,20.086484433967914,-0.949880786143673,-0.312612367181912,0.01198773787109,0.012114529057305,28.6622314453125,20.095855712890625,9.181467692057291,-6.932200113932292,-36.84355163574219,29.564472198486328,42.099100748697914,14.671685218811035,32.855913162231445,41.100050608317055,15.135625672810853,26.719900540919745,40.38721960573249,25.957921584073805,19.295042540552142,-0.952477068943294,-0.304610297162114,-0.772852238581064,-0.634586020426102,-0.18519026079064,-0.982702685102821,-0.677388436308784,-0.735625520462104,-0.06248917101679,0.998045641995212,-0.074081150910921,-0.224942292816765,0.065256134594711,-0.026612306849775,-0.060294751010492,5398.974934895833,14931.207682291666,31000.528645833332,57522.540364583336,94461.13020833333,,-9.347160577701773,-7.023216725947113,-6.29224738147798,-8.337440921975185,-0.54307227166692,0.00100637628648,0.999999493603257,10.817053746541214,-0.008070527290799,0.999967432764312,2.208824934722938,-0.001871620947984,0.99999824851598,56.18801371451833,-0.003385362659683,0.999994269643413,,0.0223795572917,0.0,0.0,0.0223795572917,0.0,,1366.0489583333162,306.11774902343643,712.7934261511749,,920.7241647687496,,12.921556972101712,7633.3567301432295,1.50290054645298,,0.0,7.14492258181204,1266.653182,6.825654983520508,920.1795639334302,-346.47361806656977,-27.3534715729763,27.3534715729763,False,0.19153333,0.16572484,-0.088138945,-0.049140844,0.13985467,0.14304116,0.05530182,0.038248986,-0.057010975,0.11873091,-0.013432504
49,Alijo_24072019,2019,1769,p,2019-07-24 19:00:00,2019-07-24 20:00:00,205.791667,205.833333,"airb,fops",1,1,185.0,185.0,1289.171193,1187.579099,18652.838063,16759.469722,5.0,1.0,5,489.7180291723202,0.999879440718892,-0.015527524840617,22.0,7.0,0.0,0.0,99.72105997210599,13.0,233,24.421333333333333,0.20404783386619,0.259082902988056,0.146970382110879,0.172819138172234,0.218705400142027,0.288201987179519,24.612040956245057,12.15303597415581,45.93412211804234,1679.2608006635737,934.8567337737222,6607.689477711492,10.563968268193168,16131.554720676511,2.662817818761981,36.832657367600916,554.7255907320974,92.07661724251929,9.507756656127968,-0.997665437591071,-0.068291102174567,16.929787054195526,-0.999487563530694,-0.032009535258693,2.534686953e-06,2.554038062e-06,24.7444451486625,20.14272845534976,8.817092817825799,-6.630769383058855,-35.24251355851312,45.666540263039806,35.663029153147036,18.51344055062028,37.702775105377555,34.29931745787569,11.566514240611745,39.1277616377944,44.27818814542114,32.927967312532544,22.609426530272138,-0.999655831910526,-0.026233904156165,-0.741498318298444,-0.67095472571596,-0.140769163443164,-0.990042444859568,-0.764005940749142,-0.645209208319301,-0.36702018662625,0.930212977015926,-0.066204274680554,-0.236342154699045,0.106572059347751,-0.093087562548804,-0.087925806727934,5419.396950911632,14872.861367833157,30953.594655649897,57473.818616648285,94479.75170442235,,-5.021141519941759,-7.287847334143777,-6.032256073121877,-7.975190507977528,0.53030103237363,-0.000988797418504,0.999999511139713,14.576544858508889,-0.010313496513358,0.999946814480485,4.640700556692832,-0.00233377701026,0.999997276738725,74.58543093553786,0.003406520148007,0.999994197793408,,0.0,0.0,0.0,0.0,0.0,,563.699209352256,129.3937444154334,777.7792186351907,,934.6266039467753,,17.82169998091213,5783.870090478339,1.611688227513172,2097.37298,240.0,7.080513838224694,1187.579099,6.510550022125244,671.1960386256479,-516.3830603743521,-43.48199297286152,43.48199297286152,True,0.29252195,-0.16363585,-0.115476236,0.15706481,0.045473926,-0.07973243,0.06469812,0.04655779,-0.09821832,-0.029991709,-0.011546694
49,Alijo_24072019,2019,1770,p,2019-07-24 20:00:00,2019-07-24 21:30:00,205.833333,205.895833,"fops,sat",1,2,50.0,33.333333,278.367136,307.594873,4303.091976,4754.904078,1.5,1.5,5,530.3805693069307,-0.027361206214762,0.999625612114092,22.0,7.0,0.0,0.0,100.0,17.0,233,25.813725490196077,0.204042012348773,0.259262450967489,0.146868218481542,0.172671821713449,0.218750214576723,0.288479614257814,22.825708007812523,12.721337890625023,53.05403351437906,1309.1558528923583,934.685,6657.2607421875,11.696669690145544,10405.336013728418,2.495582580566406,36.83452321723273,553.1964110846297,92.07678582299722,7.842699893523589,-0.996364871781081,-0.085188275488302,14.747268063826821,-0.999971608396177,-0.007535409846993,0.00022574553136,0.000228306431197,23.299591064453125,19.7872314453125,8.796066284179688,-6.665863037109375,-34.98876953125,52.62098503112793,35.38045310974121,19.682120323181152,36.84927177429199,36.27771186828613,9.751680146424654,37.07877247188203,44.544744987148015,36.9243954375524,21.501230145619854,-0.999745216139861,-0.022572168824941,-0.755785142045093,-0.654819684389435,-0.13707239742555,-0.990561031872349,-0.784963728189942,-0.619541722102836,-0.542676415601095,0.839941847957552,-0.059864277029728,-0.216816544228057,0.066841776234214,-0.028311780148758,0.00298864448356,5455.870361328125,14883.802734375,30959.5732421875,57486.44140625,94504.13671875,,-3.832494673620981,-7.072621465350955,-6.037749161510895,-7.894680367797575,-17.164237615719543,-0.003702543129044,0.999993145563697,15.943439043031262,-0.010329911345048,0.999946645042426,6.040704098583511,-0.002193780045363,0.999997593661661,81.97218237137062,0.008884078209793,0.99996053579847,,0.0018310546875,0.0,0.0,0.0018310546875,0.0,,429.31946716308676,137.64680786132277,804.7897263161221,,948.9845643926586,,19.58126213373258,4876.138210296631,1.471342977880262,1187.579099,300.0,5.732029326051582,307.594873,6.0987043380737305,444.28046322331056,136.68559022331056,44.4368883298359,44.4368883298359,True,0.2456884,-0.16354011,-0.121055916,0.053750787,0.020613665,-0.2609043,0.089502886,0.033364818,-0.107308075,-0.018791646,-0.012862602
69,Aljezur_19062020,2020,2043,p,2020-06-19 13:00:00,2020-06-19 15:00:00,171.541667,171.625,sat,1,1,41.75,20.875,635.623059,635.623059,7768.510074,7768.510074,2.0,2.0,5,70.93721043786337,0.02936967110557,-0.999568618164431,21.0,7.0,0.0,0.0,0.0,0.0,236,18.9390243902439,0.046401986597763,0.048838862116086,0.027474116680059,0.046267931428774,0.048281295597384,0.050128214242183,19.696477411850086,13.017818877837056,65.76696362090281,797.1987629241027,1014.8188765536094,543.1042384147097,15.275986946610653,21447.712046326345,0.338171946764073,26.797167293321063,597.9594415003005,84.21034610869063,26.916833915264387,-0.558977028246728,0.829183141346022,32.12880977310379,-0.538932820975475,0.842348748723126,1.6067483649e-05,1.6085927953e-05,14.947096972119377,13.580362084552982,6.904018191024836,-11.180437805347069,-40.79923702910381,49.372290480199865,7.755359619095795,25.7661176732361,22.36074738452615,24.36202913923547,28.598818996016337,17.815833043863186,6.675402411975871,15.000525343302163,39.77044742229108,-0.31517463623606,0.949033692064443,0.257800026235151,0.966198295627329,-0.615611613377082,0.788049707490121,-0.988843287796199,-0.148959565588801,-0.997848286023142,-0.06556522005361,-0.061309172716699,-0.048940706257043,-0.046183011827373,-0.037883959508798,-0.063292004955151,6044.019746075639,15243.204903394619,31097.13293818035,57324.90794480428,93553.54837445007,-9.351353286407484,-1.491306342410282,-4.296109869989912,-7.061823059696408,-8.255895375635435,4.114793558143572,0.010304884896664,0.999946903264002,-6.729172659425341,-0.000382204098332,0.999999926960011,-2.099478730656124,-0.003504087290504,0.999993860667285,61.22904895236824,0.007209193121195,0.99997401342962,,0.0,0.0,0.0,0.0,0.0,,661.1875564158125,40.47672767814311,919.079092093417,,725.338906728201,,22.961527246308634,14302.193599394654,0.156169407531007,,0.0,6.4561777363094865,635.623059,6.6313910484313965,757.5365982369899,121.91353923698989,19.180163071615354,19.180163071615354,False,0.22416583,-0.07165476,-0.07353497,0.14758845,0.18601921,-0.09532877,0.117024496,0.056637857,0.22740768,-0.15301721,-0.047412872
69,Aljezur_19062020,2020,2044,p,2020-06-19 15:00:00,2020-06-19 16:30:00,171.625,171.6875,"airb,fops",1,1,134.0,89.333333,804.249555,1035.436042,8800.22587,12164.704586,3.5,1.5,5,73.39693287037036,-0.790131800562727,-0.612936976971943,31.0,6.0,0.0,0.0,21.78649237472767,38.0,236,19.016788321167883,0.065508152175046,0.068978048867349,0.038587670191544,0.065290171780393,0.068188998871883,0.07081397304317,21.37774801604308,12.270130521519606,56.457288533070354,1119.1199744142714,1012.3047869563104,690.0278071827015,12.637055551911232,31167.58184393945,0.514046657851501,30.2067143800175,602.390612289098,85.3207548920757,27.926735163412626,-0.562349061143586,0.826899953701128,33.878260316485665,-0.578292437656248,0.815829551162248,5.52510341e-07,5.52560779e-07,15.732436699358459,14.106662466968107,7.078569151265105,-11.03798032671023,-40.54007881109023,47.930518797899836,7.803992112336951,24.42778990435955,20.45073396300542,19.318615623024794,28.25191144127784,17.527175717380906,6.176591969252359,17.04556635638281,37.67636772244939,-0.341607199508701,0.93984281730714,0.2228144751414,0.974860866825345,-0.766299423658607,0.642483613254445,-0.977227799512063,-0.212192902475107,-0.99604669243856,-0.088831224702831,-0.08582667790991,-0.047916782241382,-0.041332290603435,-0.065308895527698,-0.092182549636461,6028.6350298313755,15250.945351148064,31120.15788484007,57368.67827659241,93612.60955023403,-9.48700977111747,-1.773955904797342,-4.522454436487381,-7.07435528563113,-8.223366403502732,2.33743982013679,0.01154739362244,0.999933326627595,-7.143033252561116,-0.001279858045487,0.999999180981356,-1.84431656282529,-0.003570111098047,0.999993627133067,74.39882473889307,0.008380862484458,0.999964879955299,,0.0,0.0,0.0,0.0,0.0,,628.8038308772175,50.75144129163198,884.5060000753003,,709.0192631431717,,22.45194256544437,14129.264998198225,0.504471485641842,635.623059,120.0,6.943543224231484,1035.436042,7.076119422912598,1182.3674482733902,146.93140627339017,14.190292815149094,14.190292815149094,False,0.24743508,0.1442519,-0.06910287,0.16042899,0.025001962,0.09518065,0.14461237,0.13692246,0.2671407,-0.12676053,-0.064364046
69,Aljezur_19062020,2020,2045,p,2020-06-19 16:30:00,2020-06-19 17:00:00,171.6875,171.708333,"airb,fops",1,1,218.75,437.5,872.2476,1576.954633,9269.102669,18542.81529,4.0,0.5,5,87.24687140391255,-0.629656040134543,0.776874038131078,21.0,3.0,0.0,0.0,22.821576763485478,38.0,236,18.385560747663554,0.059674230668038,0.062848775440174,0.035034096417408,0.059457955254221,0.062132879604769,0.064528428758764,20.62071141901453,12.783249462278222,60.968221981438866,953.0010843816798,1013.1659520822612,598.2318853506276,14.064072587140256,27447.45812149794,0.665987333888431,29.104242890326738,612.6253263517433,85.01687560125123,28.868355595582425,-0.552051466005122,0.833810037647422,36.50804360487254,-0.565048901379391,0.825057415608116,,,15.794356031072072,14.531710892203579,7.199736224426717,-10.920334316355628,-40.285707380559856,49.737932012745986,9.43885262532647,23.002588565046686,18.036782133155945,16.9374259060393,30.087741658805477,16.672694542426747,6.31790846774267,18.539415931112718,35.26541234993354,-0.333335492562252,0.942808278176577,0.218657687222217,0.97580162728837,-0.849077743102411,0.528267911355702,-0.989335254415085,-0.145656288472003,-0.992083206855294,-0.125582286472718,-0.113507799888457,-0.027500160110015,-0.022819222089019,-0.009150325126978,-0.053913330445518,6006.085877404061,15247.718004470895,31126.425063428127,57387.8631789722,93646.54137822683,-7.413043028601797,-1.377729302835713,-4.717996741792521,-7.075730230087858,-8.185255784782726,3.054809414545195,0.010882567381551,0.999940783110273,-7.577954670006482,-0.00221885293895,0.999997538342788,-1.838701457242445,-0.003414473180988,0.999994170669458,87.16126148167206,0.007519506945609,0.999971728107998,,0.0,0.0,0.0,0.0,0.0,,548.2509719389557,,901.8156894584233,,719.2904046609333,,23.276345234743786,15045.91474612328,0.424247693639048,1035.436042,210.0,7.363884751309397,1576.954633,6.5557098388671875,702.2481655728134,-874.7064674271867,-55.468080636102016,55.468080636102016,True,0.33487344,-0.06336787,-0.06045113,0.072147086,0.061204247,0.0979838,0.16062146,0.061217073,0.2566763,-0.18409435,-0.06492357
69,Aljezur_19062020,2020,2054,p,2020-06-19 19:30:00,2020-06-20 02:30:00,171.8125,172.104167,"fops,sat",1,2,5.5,0.785714,37.210577,28.855919,463.003146,365.900802,7.5,7.0,5,69.29377184416118,-0.8950932683816,0.445878953190151,21.0,7.0,0.0,0.0,0.0,0.0,236,23.0,0.080104588709852,0.084393390408343,0.046897583859292,0.079782149187662,0.083427092375406,0.086662597656221,17.188692801339307,13.015283203125023,76.47526073958396,461.01123106876634,1011.499375,863.2955932617188,17.463647698939084,10062.575561885013,0.838263375418527,33.23220704254153,594.1998065089792,86.19894112429688,21.57558292708512,-0.199275805380169,0.979943443975256,32.1841803926494,-0.184320876626301,0.982866122337987,0.008474260056849,0.008305874765826,18.599195207868302,14.822222028459821,7.145695277622768,-11.197684151785714,-40.84924970354353,36.877262115478516,17.482516561235702,20.21577399117606,13.343013763427734,20.365080969674246,32.07062555202374,10.06791249749196,7.685866745231268,20.258739654513725,27.201002018658166,0.124115336431501,0.992267798158589,0.751736064341669,0.659464092705659,-0.9338859896263,-0.357570913777542,-0.977987694655482,0.208662572356559,-0.952162136506872,-0.305593301305294,-0.108624530570402,-0.024950875425842,-0.021320053313983,-0.033171633696683,0.016080626611642,6085.00634765625,15370.869140625,31266.817243303572,57497.474888392855,93708.58370535714,4.266562521096661,-4.121226514964317,-4.939709947158614,-7.162930412357738,-8.265028608005085,23.212189226055767,-0.158380058036873,0.987378223993337,-4.705423435026172,-0.01006250863428,0.999949371678379,-0.242197322387943,-0.003568500742677,0.999993632880955,118.46565589665195,0.011856902221524,0.999929704464123,,0.0,0.0,0.0,0.0,0.0,,360.25384486606663,20.11402852376308,950.2388467690204,,712.003726657724,,25.116659000436922,16165.3870173863,0.177745905559099,106.756443,390.0,3.396383111638745,28.855919,5.553896903991699,257.2419416906479,228.38602269064788,791.4702792541381,791.4702792541381,True,-0.3246888,-0.21215947,-0.11602047,-0.06096759,-0.053004242,-0.116814844,-0.06309356,0.051042743,0.16021097,-0.322942,-0.084907524
69,Aljezur_19062020,2020,2052,p,2020-06-19 23:30:00,2020-06-20 02:30:00,171.979167,172.104167,"fops,sat",1,2,30.75,10.25,135.968198,116.853386,1780.805707,1530.454758,7.5,3.0,5,76.77135734247967,0.976532388759875,-0.215370596189297,21.0,7.0,0.0,0.0,0.0,0.0,236,22.715714285714284,0.050076763130139,0.052758393857188,0.029313104003652,0.049868779523893,0.052156114097036,0.054177246093722,16.912988281250023,12.766910807291689,76.56237671388295,450.8756734635626,1015.6583333333333,439.3959655761719,17.505243822810154,10041.370559400333,0.747670491536458,27.60421889833026,638.6495431189123,84.4418575161444,22.28496969538193,-0.123581775112396,0.99233439165438,32.5935628420212,-0.083830306689245,0.996480044797881,0.000310520828053,0.000307450792371,19.659657796223957,14.688629150390625,7.193288167317708,-11.24810791015625,-41.0753428141276,31.573223114013672,23.129098256429035,20.173341751098633,12.841877937316895,22.025005340576172,27.250022725677297,7.047050996396178,10.34570631244418,18.738150962686476,27.73631321768235,0.25331567642686,0.967383671599021,0.99999133273747,0.004163466096843,-0.900998955218684,-0.433821256619404,-0.940140493677491,0.34078710678053,-0.958294032195131,-0.285784093082867,-0.088492275428416,0.009363684286769,-0.029589739629615,-0.034436481276672,0.002526920137781,6072.545572916667,15370.533528645834,31269.565755208332,57503.041666666664,93689.42447916667,5.915798598202339,-5.424114519411003,-4.823120092350841,-7.20120506245956,-8.313994394282382,9.992772494367303,-0.204870628968794,0.978789060720404,-4.016652798786714,-0.010942841672449,0.999940125315577,-0.64423567714629,-0.00331460259488,0.999994506689731,114.47488796144542,0.017266787153794,0.999850917917959,,0.0,0.0,0.0,0.0,0.0,,311.77463663736376,15.439552001951625,954.4963761701248,,709.4075472339637,,25.172972759234472,13625.038464864096,0.188959513729686,60.054997,630.0,4.7694413604076695,116.853386,6.000855922698975,402.774245173383,285.920859173383,244.68341822237227,244.68341822237227,True,0.10110666,-0.19638593,-0.09818725,0.07897428,-0.036563437,-0.10501204,-0.07374605,0.07622084,0.18167515,-0.31056014,-0.088993855
101,Almodovar_26072023,2023,2604,p,2023-07-26 12:00:00,2023-07-26 16:10:00,207.5,207.673611,airb,1,1,120.75,28.98,568.613583,568.613583,5001.693552,5001.693552,4.166667,4.166667,4,341.7030929158111,-0.99627072128943,0.086282384653183,21.0,7.0,0.0,0.0,44.565217391304344,20.0,236,15.54271186440678,0.187715320037593,0.181993089373542,0.131641721725448,0.166958245158189,0.199221066713321,0.178965454101557,32.112353515625024,8.301660156250023,22.95546959888799,3682.1525985403546,984.34975,2901.42919921875,6.734797574688488,32125.332452332274,0.206719970703125,43.391187155588796,1030.8885146803984,94.41112598160169,8.12991267901569,-0.562492528182039,-0.826802368005425,9.392567236650327,-0.61130521582993,-0.791394928653907,0.063901021670919,0.070604177239156,26.31500244140625,18.074481201171874,11.661041259765625,-4.743975830078125,-30.740020751953125,28.799251556396484,36.48121185302735,5.581798934936524,5.463836288452148,11.310616493225098,8.014148536458723,15.494493835025695,20.439115420297178,44.81958290570563,90.28943175081619,-0.516003146455841,-0.856586687293045,0.819751428385274,-0.572719473791753,-0.056813471985972,-0.998384810281536,-0.522667558239057,-0.85253658195084,-0.590265211634691,-0.807209378001677,0.118397426947253,0.108925891771581,0.020832625631595,0.023236645948998,0.130000403499846,5635.89404296875,15091.17265625,31157.775390625,57898.653125,95295.4640625,-21.557515459984486,-8.991605981618125,-4.126935800831325,-6.406016747366573,-7.246094800601344,2.965892816429755,-0.011098385218945,0.999938411026165,4.28170776774087,-0.00283327063317,0.999995986280705,6.825595223419946,0.000172604790198,0.999999985103793,18.77878162120961,-0.002784444483431,0.999996123426945,,0.0,0.0,0.0,0.0,0.0,,1429.2920693357514,173.9075659179449,695.2442957986704,,581.7318099266579,,17.574122388488394,4785.4692459106445,1.635467379453319,,0.0,6.34495820637243,568.613583,6.706918716430664,817.0461199993427,248.4325369993428,43.69092551194698,43.69092551194698,True,-0.07277322,0.10735237,-0.07903241,-0.03152732,0.17610876,0.15142822,0.15044652,-0.0678562,-0.09435525,0.10479882,0.19039226
41,Alvaiazere_11082017,2017,1131,p,2017-08-11 19:30:00,2017-08-12 00:00:00,223.8125,224.0,sat,1,1,341.75,75.944444,1024.92482,1024.92482,10032.295623,10032.295623,4.5,4.5,2,330.6175127830533,0.52190963955236,-0.853000778512145,22.0,4.0,0.0,0.0,94.64150943396227,12.0,223,17.147610619469027,0.173412608754633,0.22974614320824,0.098952838659288,0.143813727855682,0.189284759998319,0.259552246093746,23.293652343750022,9.784130859375022,42.70999024901179,1657.9903447682584,992.309125,2401.1875,10.263773458992578,16736.71393027942,1.987905883789062,44.435867358633395,757.5222741317436,95.70399382005432,9.740977607088126,-0.277789736581122,0.960641901152657,21.61634772949099,-0.059718881178144,0.998215234922224,0.013611008389426,0.013679208987224,25.38675537109375,18.789776611328126,8.81396484375,-7.462646484375,-36.68527526855469,25.331025314331054,25.78794288635254,28.580535888671875,5.894617652893066,25.229032135009767,27.626130353651707,13.81636682680381,20.323765480757217,28.07752850998976,31.884633109082152,0.295457296441518,0.955355947267545,0.967836526739419,0.25157992270644,-0.089124814346628,0.996020465385967,-0.980908119020917,0.194471751261838,0.223695865333499,-0.974658996692021,-0.179451932433297,-0.050272808274226,-0.052278082733275,-0.048493343231375,-0.036215000673236,5959.6546875,15424.31640625,31427.728125,57929.45546875,94708.58125,12.037543628129546,-7.198262336525355,-6.419259414931938,-6.355875412217467,-8.145467478968907,63.11185615366511,-0.190378783168332,0.981710710402685,3.694758001844326,0.000716556100055,0.999999743273645,3.376089256086161,0.000252091161754,0.999999968225023,132.52289894283862,-0.212931873648829,0.977067048459009,10005.28496093755,21.1121093749961,0.0,0.0,21.1121093749961,0.0,,158.20031799317496,58.016193389892216,812.6050079173216,,603.5765565965485,,22.631294771060226,14419.380760192871,1.666519446381354,,0.0,6.93334974819218,1024.92482,5.991184234619141,398.88789071801347,-626.0369292819864,-61.08125367497554,61.08125367497554,True,-0.12831445,-0.14819066,-0.07868754,-0.014954958,0.24312569,0.02681497,-0.040895194,-0.047291316,0.12014412,-0.001419995,-0.074046075
41,Alvaiazere_11082017,2017,1132,p,2017-08-14 13:00:00,2017-08-14 15:00:00,226.541667,226.625,sat,5,4,318.5,159.25,851.410414,851.410414,11699.727161,11699.727161,2.0,2.0,2,341.76806102362207,-0.609118435296751,-0.793079272066568,21.0,4.0,0.0,0.0,99.5275590551181,14.0,233,23.003478260869564,0.165886527540576,0.219480306764657,0.094577419321388,0.140070445244794,0.180349048175934,0.247836803708615,32.55137222295233,10.384062838018783,25.788462853910545,3634.8638391873824,976.1940511692766,3141.5702222320074,7.070516800128778,50538.77914332743,3.408447550395573,55.730037027612475,846.6833750546725,95.71361865598936,13.816999779130192,-0.935261423408135,0.353957723301229,18.720556421701474,-0.840427459613108,0.541924058451234,0.008206685095809,0.008156723108537,26.449633781036734,20.617729162374616,7.800834061583473,-10.818084737458115,-37.67704371837727,35.351031000573215,23.959320049910257,33.63478538860205,40.70583634051794,34.70548018966107,19.046673145647183,13.620349180827857,11.581320317393137,37.28526291772695,63.63624777226851,-0.834742725679104,0.55064015647773,-0.780263845639968,-0.625450502587638,-0.381667052354828,-0.924299876201862,-0.782387243321092,-0.622792261904741,-0.929694676731289,-0.368331111986896,-0.016835695920613,-0.038035781605327,-0.014288079436429,0.007307563888932,0.100782262401057,5569.133182420119,15054.743115521886,31118.452245310047,57380.50857591208,93895.85884426672,-22.409854315470216,-6.36345528694945,-8.247446570047186,-7.270526144002617,-7.486622046011052,18.636085841584972,0.002184810954572,0.999997613297698,-1.264987995099092,-0.011256595130101,0.999936642525954,4.230059506981781,-0.004044826236063,0.999991819656901,41.00559102770672,0.003892996338301,0.999992422261044,,5.5265752402086,0.0,0.0,5.5265752402086,0.007497391186076,,1007.0108129011384,53.8994655126553,706.7161190468518,,686.738098607488,,11.180613158302533,9556.562086081096,1.929853542037504,,3930.0,6.74806811741872,851.410414,6.596888065338135,731.8111767348688,-119.59923726513114,-14.047189850925543,14.047189850925543,False,0.22522958,0.25506127,-0.08051897,-0.07411602,-0.10747397,-0.076390296,0.104916476,0.013058115,-0.10429053,0.12017275,-0.0054726154
41,Alvaiazere_11082017,2017,1133,p,2017-08-14 15:00:00,2017-08-15 00:30:00,226.625,227.020833,sat,5,4,1296.0,136.421053,680.924148,672.835196,8876.864054,8985.865825,11.5,9.5,2,337.2147917871602,-0.32881006882152,-0.944396070852472,21.0,4.0,0.0,0.0,83.51063829787235,14.0,233,22.40142635658915,0.151044318143969,0.2033942325431,0.08455403762319,0.125989143195648,0.164816410332305,0.231092599950047,24.66111399968182,13.10792705060498,52.712663373587795,1734.229670069007,978.6655943446083,2932.9481507331802,12.261201471832862,30132.153389135387,3.380620723327397,58.201644382492816,874.2375461301615,96.0594403653131,15.427612553846348,-0.709201770749507,0.705005566194881,24.915992991149405,-0.672671648499368,0.739941114755183,0.008956565137408,0.008373274320187,22.658885348242414,20.902779799561728,8.141538352906935,-10.393605248253385,-38.20555837312258,47.29508397662785,19.132052783451854,32.68810652833938,28.65275769205825,38.90783125017463,29.37895177045784,17.026727183192964,17.40584047866546,40.0938994013036,56.689123780725,-0.528485907541674,0.848942074307696,-0.999357429739804,-0.035843097297159,-0.940627818668312,-0.339439695302853,-0.856110882650855,-0.516792179320444,-0.916887587082466,-0.399145528164971,-0.111098988528856,-0.094623672807549,-0.001882970313456,-0.009757208929089,-0.012914728565999,5607.097169730359,15081.629801785259,31163.522545990923,57435.893289459564,93970.95550755392,-7.442544319503986,-1.916166307390152,-8.211634422463245,-7.237812656555316,-7.752258066114601,55.459880446492775,0.016978138364624,0.999855861020813,0.557582011722053,-0.00768510793292,0.999970469121993,4.393593023084388,-0.004328640148922,0.999990631393345,89.65944621427236,0.013007304486638,0.999915401436537,161.2349685023607,5.2320734170198,8.3817744732309,0.0,13.6138478902507,0.011596962694322,,510.7159695008676,105.87189866761112,829.64785502624,,707.1688827466584,,17.525397526654416,14988.057145073635,1.172999126809192,851.410414,4050.0,6.512985564692843,672.835196,6.120563507080078,454.12108620783994,-218.71410979216006,-32.50634198276394,32.50634198276394,False,-0.44635636,0.21011041,-0.075324185,-0.04864352,-0.1902595,0.048240412,0.17839803,0.09843091,0.16557999,-0.02659123,-0.047204807
41,Alvaiazere_11082017,2017,1134,p,2017-08-16 14:00:00,2017-08-17 02:30:00,228.583333,229.104167,sat,6,6,7957.5,636.6,993.711499,993.711499,10988.480828,10988.480828,12.5,12.5,2,267.3910588235294,-0.367391307631946,-0.93006646379519,21.0,4.0,0.023257359292976,1.870556183135092,83.9158748089574,14.0,233,20.374205630970337,0.131179502846373,0.180205305485201,0.070866420702424,0.108049345867213,0.143789570507067,0.206144883600983,25.624653625702138,11.624370736849471,46.00901438075313,2030.6635029839724,990.0952934692052,2289.450282304995,11.038682642628062,34343.709690366566,1.402672374597485,54.77266192354913,932.402095456216,94.96939663885799,15.581827308607428,-0.541465390500892,0.840723040536964,27.003359508689233,-0.479102460569789,0.87775898302209,0.000729180805509,0.000799308938748,24.34467523506063,19.281389860515187,10.476045111320218,-4.835223074252409,-33.612525563335275,41.89447470401764,39.93412666136202,30.84160683652108,31.836494146481098,15.359158721865596,32.13098701616482,12.559153877377597,19.604882298483314,29.493025982341823,7.368335487958399,-0.209058075914859,0.977903226753433,0.30409582278468,0.952641449111316,-0.743077429080773,0.669205450060524,-0.997546818931381,0.070002457384602,-0.838568376428965,-0.544796363840003,-0.103212905750287,-0.061994423400935,-0.033133375434567,-0.025685484454039,-0.057902670174061,5996.029522877951,15467.427480475026,31569.048406572216,58260.91766123101,95600.12939103694,-4.292644298808701,-5.524780014899586,-5.666084475119747,-5.978917296033942,-8.021337959991317,50.965754058489104,-0.056856931014435,0.998382336279854,0.805888470563261,-0.001603710951501,0.999998714054765,2.325708344295292,-0.00308978014096,0.999995226617948,106.20581297529114,0.013496876948667,0.999908913007896,,0.0,0.0527817425348,0.0,0.0527817425348,0.0,,631.6890678945367,95.12065640939794,810.5335512382142,,634.304313038077,,22.631893921049627,16472.00579462297,1.247418441938718,,6870.0,6.902452744360977,993.711499,6.3065996170043945,547.1777616960679,-446.53373730393207,-44.9359535190336,44.9359535190336,True,-0.4507563,0.18666156,0.121390365,0.05457801,-0.14215967,0.05567338,0.13873658,0.15370071,0.21397626,-0.021911737,-0.0920677
41,Alvaiazere_11082017,2017,1135,p,2017-08-18 12:00:00,2017-08-18 15:00:00,230.5,230.625,sat,7,7,610.25,203.416667,,808.333054,,7471.666086,0.0,3.0,2,94.27886587366694,-0.064287640119073,-0.997931410131939,31.0,1.0,0.0,0.0,93.32983193277312,10.0,236,17.701428571428572,0.113195216596447,0.160359890972404,0.059131231993074,0.091783489639581,0.12469652435086,0.185314745139577,34.49921170853798,10.160218827588107,22.766819955047275,4216.2248365658415,994.6461029767847,1799.8374932226175,6.470832703122539,77315.7340910928,1.641347549213509,66.47881002478367,974.1238290915728,95.43433148330317,18.315322349154087,-0.541057317131548,0.840985719009789,25.208912425180745,-0.508449779049272,0.861091645636367,0.000938279794653,0.001043877139868,27.371234580774278,19.77004932202448,10.487354223597462,-5.497121025927697,-33.89958639590733,34.980236286611955,31.526405395187055,28.527979221595384,13.402813730218355,16.799915004749117,26.825535431912183,13.981329698677532,23.531951179746923,43.0530829571838,40.10675264570397,-0.446922587922524,0.894572635622526,-0.22892514337189,0.973444029583704,-0.978916534772771,-0.204260661774288,-0.999935532568185,-0.011354765853158,-0.97703244643191,0.213090587824235,-0.028453802366479,-0.056222842229424,-0.013995045783356,-0.003157251083348,-0.041201436823636,5864.557987686398,15362.559079406725,31476.436396496534,58094.623493792926,95293.65702214392,-18.618614807603684,-8.293997533342718,-5.973251029072559,-6.241798809811538,-7.91685647798246,19.992329295984987,0.004958120270626,0.99998770844615,1.367033106402176,-0.007483477040619,0.999971998393646,4.343649524331989,-0.003306761531936,0.99999453264914,61.23029520425866,0.00598515322441,0.999982088810035,,18.909912273447,0.0,0.0,18.909912273447,0.0,,1362.8857917688733,77.43782649461718,698.391175233581,,631.1634492291557,,15.195899333220193,13423.32314230305,1.666487925847448,,9630.0,6.696210518371187,808.333054,6.91882848739624,1010.1347433062136,201.8016893062137,24.96516606708176,24.96516606708176,False,0.07200791,0.40273935,-0.061877567,0.015083745,-0.1621204,0.035045028,0.11240673,-0.0035963617,0.18872498,0.12088996,-0.09216702
41,Alvaiazere_11082017,2017,1136,p,2017-08-18 15:00:00,2017-08-19 01:00:00,230.625,231.041667,sat,8,8,1907.0,190.7,946.368216,946.368216,10431.661728,10431.661728,10.0,10.0,2,176.48551319070745,0.07165090174498,0.99742977110127,22.0,7.0,0.0,0.0,97.27478113527252,14.0,236,19.642646750524108,0.126272119860404,0.172490765617755,0.068889158877314,0.103973856965013,0.138354678856027,0.196945075542278,27.10324634467509,14.8433455988229,51.14867255970142,2020.0128502927705,991.8335771594906,1988.0300890159137,11.849390309639393,37174.911132914625,2.030507358543479,62.295428263718804,981.8836663315797,95.65642076538566,16.52603902251862,-0.59797041469352,0.801518173936973,28.870582848798325,-0.540037762825266,0.841640787226167,0.000153829332812,0.000165052334605,25.08123779125397,20.61417089601465,10.553156178927692,-4.855598346377922,-33.639365155860816,48.64547404176771,27.479879539516002,37.93487708597336,14.104124329129922,50.74704693768122,37.19650328348388,9.977954018778483,26.168933554266445,43.378157004566816,49.85952582461376,-0.317135461131214,0.948380250370648,-0.245569257362645,0.969379048586444,-0.999834649444517,0.018184437581603,-0.996118406152696,0.088023411225718,-0.880503087803168,0.474040412168717,-0.071088496979681,-0.035677247206212,-0.054370546154581,0.027256569838795,0.093966184014156,5781.604759936907,15286.876999479935,31433.31407875593,58109.3312292201,95348.5083396847,-5.630936178217918,-4.874219026268753,-6.474086014366393,-6.016984865335997,-8.023139814026456,55.639112372423,0.015773648849526,0.999875588261846,2.647805615579546,-0.005643729963496,0.999984074029231,4.598758785812144,-0.002735734650309,0.99999625787096,110.28093898848876,0.014043701744103,0.999901382357942,10440.849117862448,52.145804917638806,0.5690712963438,0.0,52.145804917638806,0.0,,651.7079022730451,124.75446651228125,833.0848418748072,,687.3885407105641,,21.473587271817436,18862.826319363787,1.000721521298173,,9810.0,6.853687841267393,946.368216,6.109806537628174,449.25159999868464,-497.1166160013153,-52.528879097659306,52.528879097659306,True,-0.45325264,0.21894191,-0.07647642,0.15093969,-0.15021189,0.019944502,0.1529597,0.12689295,0.23797297,-0.009189418,-0.08514638
136,Alvaiazere_11092024,2024,2801,p,2024-09-11 15:50:00,2024-09-11 17:30:00,255.659722,255.729167,airb,1,1,30.5,18.3,939.44989,939.44989,9146.327557,9146.327557,1.666667,1.666667,4,389.099609375,-0.896974405263381,-0.442082476809933,21.0,4.0,0.0,20.3125,79.6875,19.0,223,16.69,0.190220924583075,0.258717321447226,0.102796625196934,0.152499545216559,0.209722578227516,0.294958801269528,26.029931640625023,12.546289062500023,43.39220394171193,1911.6154724136313,990.400625,2401.1875,10.081562164126897,42421.05305668678,1.94927978515625,46.33083362194295,902.6788665455698,91.07486889036714,22.234508067843564,-0.478222196141062,0.878238880440862,36.95218520311527,-0.434030686847359,0.900898086841575,0.00048182509265,0.000482020194887,21.047882080078125,16.554931640625,6.6563720703125,-7.442947387695312,-35.33515930175781,53.53110885620117,34.73659324645996,28.381278038024902,62.593624114990234,87.64019393920898,42.958408229017785,29.354993479019342,30.699075625076162,66.14258861576982,105.73654399597393,-0.391713773885897,0.920087125954966,0.169496634009329,0.985530766165881,-0.018771475449173,0.999823800331569,-0.082548488453928,0.996587049411125,0.029324772055255,0.999569936394601,-0.083295896142068,-0.275694700432954,-0.12945909943285,0.01405449793467,0.092566439382085,5822.19482421875,15173.51025390625,31081.2841796875,57384.814453125,94452.50390625,-13.434972735516624,-4.902461733761818,-6.369548984725821,-5.50566183990057,-7.774629268996574,56.14820998569991,0.004708776464983,0.999988913650648,1.564241122946079,-0.016892008714787,0.999857319841976,7.463058648392614,0.001311754208315,0.999999139650078,117.356281201072,0.006584009591088,0.999978325173953,10095.841503906346,88.3829345703109,0.0,0.0,88.3829345703109,0.0,,835.9570654296848,216.9055029296817,812.1431222097611,,714.1462378215466,,19.93222085354907,21482.391357421875,0.992008263525415,,0.0,6.846358367151524,939.44989,6.915958881378174,1007.2373441470307,67.78745414703076,7.215654061871332,7.215654061871332,False,0.2531725,0.14263064,0.09772312,0.0021323673,0.19823098,0.06602501,0.024298226,-0.13928793,0.24919124,-0.024568278,-0.18586297
136,Alvaiazere_11092024,2024,2802,p,2024-09-11 17:30:00,2024-09-11 18:25:00,255.729167,255.767361,airb,1,2,6.5,7.090909,257.552339,78.036422,2507.486649,1022.754018,0.916667,0.916667,4,369.88442595108694,-0.965267947958212,-0.261261915794366,21.0,4.0,0.0,13.043478260869565,86.95652173913044,19.0,223,18.652,0.190155788913366,0.258675823183824,0.102710801362991,0.152424413263797,0.209662369489666,0.29492980957031,22.481347656250023,14.295800781250023,59.87418975749924,1090.6701661969332,991.1231250000001,2401.1875,12.645006661879897,22191.460712730084,1.974807739257812,46.33083362194295,902.6788665455698,91.07486889036714,20.346628523002213,-0.57033620740623,0.821411352807762,35.01608451716546,-0.457623951837171,0.889145836578528,,,18.75244140625,16.91705322265625,6.967437744140625,-7.47625732421875,-35.25323486328125,69.87325286865234,30.1406307220459,30.22475242614746,66.41334533691406,108.67469787597656,48.79611701904705,33.03643119934911,33.55945220212515,69.58795332732406,109.82093652897647,-0.295714257786705,0.955276440482889,0.011179663614719,0.999937505607956,-0.096468800794309,0.995336008829836,-0.11025630525218,0.993903188017896,0.040139668123472,0.999194078766952,-0.155456132808593,-0.209559882198863,-0.129350246349191,-0.00613627093268,0.163930535526521,5830.3818359375,15181.169921875,31102.0390625,57447.8671875,94503.09375,-10.146408257886943,-2.002675181469881,-6.402402563668236,-5.64013752591875,-7.742509028858221,86.54158042001133,0.012926281684658,0.999916452130781,3.727724370046407,0.002664431678223,0.999996450395616,8.69944188493885,0.001338048385417,0.999999104812858,130.7379839329557,0.008439316987086,0.9999643883303,8784.296054687478,72.2979736328171,0.0283203125,0.0,72.2979736328171,0.0,,567.9270092773444,,877.8925682748965,,738.0312976690898,,22.6158543958002,24398.05793762207,0.624538714334875,939.44989,100.0,4.369908784196352,78.036422,6.713411808013916,822.375050269564,744.338628269564,953.8349006692849,953.8349006692849,True,0.29562715,-0.13735558,0.08846735,0.039888907,0.04680276,0.012556901,0.008681165,0.05061987,0.2442768,-0.21184857,-0.21037148
5,Anadia_10082016,2016,50,p,2016-08-10 02:30:00,2016-08-10 13:00:00,223.104167,223.541667,sat,1,1,896.75,85.404762,512.490381,512.490381,4381.909963,4381.909963,10.5,10.5,2,145.50337486118823,-0.999248189107906,-0.038769273459412,22.0,4.0,0.0,0.0,9.239898276349251,31.0,223,16.580077519379845,0.175786880734832,0.259673388175671,0.075414777560667,0.124666866172443,0.200455283901906,0.304057783647015,23.467542613636386,9.39676402698866,41.870688884659295,1763.7376422705668,992.2337500000001,1663.88330078125,10.133918049180707,34801.14341817526,3.445551091974432,57.32128179657081,541.5404596863071,94.226062887824,20.360987205725422,0.894362015272422,0.447343923215519,31.231340903691663,0.908603540377711,0.417659677743841,0.000184329754902,0.000206031036753,20.428144975142047,17.652948552911933,4.761846368963068,-11.793107466264205,-41.44030206853693,45.73539317737926,38.850493691184305,50.738129355690695,9.045551603490656,34.977354223077946,45.52188872278955,14.045930496744006,7.314530924581775,32.19108105096153,66.83383142042562,0.943450758550494,0.331512693860275,0.50123761156839,0.865309688348175,0.998943622349225,0.045952577379401,0.139821735276169,0.990176692486932,0.247380879238691,0.968918314713419,-0.233794627954864,0.072275130018318,-0.071022507921022,-0.112049729532639,-0.106911869250751,5687.857155539773,15087.573863636364,30985.547940340908,57126.791548295456,93224.15340909091,-6.471672614864243,-3.028142519487006,-8.295197522883226,-6.464565744707582,-8.263810256735391,67.68112787036826,0.005315917361515,0.99998587041148,-3.625287526705677,0.004136039563294,0.999991446551785,2.415415039266206,0.004226804639488,0.999991067021371,119.54541682204693,0.00463316301618,0.999989266842632,,0.0,0.0,0.2504660866478,0.2504660866478,0.003636363636365,,654.9531834827729,103.35625259399583,806.7182293448151,,696.4757568826559,,18.165222373272204,22780.948118730026,1.234161638049398,,0.0,6.241231296963367,512.490381,5.935154914855957,377.0985647196485,-135.39181628035146,-26.418411213136793,26.418411213136793,False,-0.4834098,0.17285189,-0.08983929,0.076886766,0.25848556,0.012625178,-0.12647432,-0.13236791,0.1580837,-0.025494669,-0.16503648
5,Anadia_10082016,2016,51,p,2016-08-10 13:00:00,2016-08-11 03:30:00,223.541667,224.145833,sat,1,2,674.5,46.517241,157.409433,157.407028,991.239333,597.053342,14.5,14.5,2,133.75029959439527,-0.999694437628979,-0.024719048802077,22.0,4.0,0.0,0.0,0.0,0.0,223,16.113421828908557,0.176660105713534,0.259695157162537,0.077911068258633,0.126105892707779,0.20100568537055,0.303629046818095,27.788198739601267,7.371681939106645,27.751433435790762,2759.4268701312662,992.21562648825,1666.0492369625167,7.809872206435836,40001.89068798599,2.408686924300393,54.096534937802275,543.7889834092146,94.2612000648447,14.40502154654384,0.831273101605131,0.555864219524684,24.98239938212248,0.848988004615308,0.528412119485651,0.032299354390838,0.034400226079906,25.442877784999396,17.883914951552352,7.066541102951562,-9.948374170864703,-38.53288196613003,26.9982581014165,40.7225135588132,10.073279688101223,16.679164324387894,43.34897946850242,33.61646518977044,13.821304753326668,12.416780161295238,35.485205606738425,76.84608418716492,0.931075171664478,0.36482739029569,0.9997621036783,0.021811374297388,0.908581340399837,0.417707969611828,0.508180225054747,0.861250752605364,0.473238393256188,0.880934403430983,-0.184528654545379,-0.069088193375558,-0.039116755984748,-0.120212012885705,-0.190409688863796,5750.473388010879,15207.667526911766,31131.36279342701,57417.64317646458,93924.51898537132,-3.65251306700946,-8.247926732619943,-6.960789812429197,-6.644176693151402,-7.967598684164815,52.15283479638685,0.010959111192138,0.999939947137766,-0.706135570443741,0.001234076264776,0.999999238527596,3.846984698113922,-0.001223079583425,0.999999252037887,121.30544585199797,0.009413628280179,0.99995569081965,,0.0,0.0,0.0,0.0,0.0,,888.474668147808,130.46628999616163,734.9437371471876,,631.8817510191143,,16.742518219813235,17195.175304314223,1.740028506089081,512.490381,630.0,5.065167847082933,157.407028,5.492696285247803,241.9112827823536,84.5042547823536,53.685185379622055,53.685185379622055,True,-0.516804,0.15477961,-0.07695539,-0.06659103,-0.057209194,-0.096658766,-0.14823142,-0.15145922,0.093255736,0.10835248,-0.085560285
146,ArcosValdevez_03092024,2024,2967,p,2024-09-03 20:20:00,2024-09-04 02:00:00,247.847222,248.083333,"airb,sat",1,1,957.25,168.926471,1066.962799,1066.962799,7704.401711,7704.401711,5.666667,5.666667,4,434.70395081109365,0.604194574089558,-0.796836819330493,22.0,7.0,27.237048665620094,71.8210361067504,0.889586603872318,8.0,234,12.662283628779978,0.240403027621906,0.308004393475199,0.1314146214231,0.184624921124888,0.267267737063976,0.343772311916095,13.881679665364262,10.450906168896777,80.05835299559162,324.35313295288074,959.6662327381591,5266.035559464333,18.371226865753826,3426.9287688348663,1.303348555095672,28.59758731777208,551.7078955878951,87.7320312276185,10.143624064631318,0.513433191112348,0.858129569624653,23.69276836422003,0.557469113522701,0.830197679753572,0.005258110338588,0.004995204362157,14.557019254370637,13.728824743685868,5.122127633494524,-12.445489785367897,-39.81738924418202,77.98956199470166,46.37351377166524,24.412291290310648,13.863371569885302,24.47246196597293,17.470003846509602,17.56299772293602,22.66478649179966,55.154586647940675,109.08419594534186,0.600182678735274,0.799862958353586,0.876572009139188,0.481270727131505,-0.139393143586152,0.990237118836277,-0.545950998495618,0.837817108467975,-0.443136526154037,0.896454136689732,-0.162086157462259,-0.086381867084591,-0.05057427685745,-0.075827426303922,-0.0514471523076,5770.3737304268025,14984.611909539793,30761.137303545824,56864.73722340678,92992.40586489822,2.997374306272035,-0.903680543878396,-5.538258213293879,-6.860002082304033,-7.629598231083157,24.598580687517128,0.009037265510947,0.999959163082215,5.016637672698905,0.020649825306728,0.999786769623804,8.887175583673661,0.017855226456197,0.999840582737167,140.37560346047175,0.007663308136276,0.999970636423094,,0.1654656254362,4.0860710522422,0.0,4.2500501222255,0.0,,373.4029744337224,64.28282984114502,911.4157368027771,,716.3169105277038,,22.386253078835363,8800.447056676185,0.511703653760151,,0.0,6.973508186516474,1066.962799,5.498831748962402,243.40623757451303,-823.5565614254868,-77.1869986654977,77.1869986654977,True,-0.14717488,-0.22869645,0.13298358,-0.0303903,0.26478648,0.01215717,-0.10011773,-0.17805706,0.09503515,-0.31678003,-0.09514081
146,ArcosValdevez_03092024,2024,2968,p,2024-09-04 02:00:00,2024-09-04 11:40:00,248.083333,248.486111,airb,1,2,51.75,5.353448,35.560134,41.161086,217.115288,246.130429,9.666667,9.666667,4,536.4010044642857,0.619586732711269,-0.784928200951001,21.0,7.0,46.85990338164252,49.275362318840585,3.864734299516908,8.0,234,12.701923076923077,0.23954231469023,0.307319198806328,0.132942871233218,0.183828518548391,0.266156006678809,0.34317998405294,13.987884717012367,9.645845652009433,77.21171254858116,429.4883977312369,953.7996761607923,5905.661274333848,17.628181378670835,4825.755677041573,0.559402455109839,32.49973248926026,557.0168511670245,88.86529983232501,9.947400045532278,0.593637870276937,0.804732302677768,21.465931102532334,0.66020270905023,0.751087466918959,0.002622635616712,0.002482863277455,14.273458861074925,12.38680258427861,5.267997674058934,-11.880527639338421,-39.86524088809042,73.83576303139067,42.65316969148413,22.4210411480453,10.872772366507245,40.44609312184032,16.456680263942673,27.06416331313281,35.13720057888767,58.01624703585081,102.08954803348958,0.695267406182121,0.71875116271265,0.705755736105009,0.708455249789906,-0.140756051974521,0.990044309024877,-0.280852920268106,0.959750820357491,-0.299315972425594,0.954154048700167,-0.15267789316284,-0.155832595936874,-0.127246855426288,-0.137598892504254,-0.177348609872279,5840.769149874205,15026.891047223373,30771.203906113304,56900.100109250794,93179.73047392277,0.49362766312179,-2.058616120163852,-4.58082575209672,-6.696350253622891,-7.800412938872381,-16.095891513732163,-0.002471765052383,0.999996945184097,9.717660014151154,0.030163161701955,0.999544988320257,9.2446056673156,0.018610510791709,0.999826809446552,103.22318306889215,0.004005758747941,0.999991976916242,,0.0,13.675030962648698,0.0,13.675030962648698,0.0,,408.604117107109,102.02231156834695,894.8346365638403,,697.9706265942831,,22.57572053458852,8245.940015476766,0.636189435194252,1066.962799,340.0,3.741497662914632,41.161086,5.195127487182617,179.39113888919118,138.2300528891912,335.8270306308031,335.8270306308031,True,-0.51985824,-0.24957784,0.10924267,-0.04794028,-0.025116079,-0.011302181,-0.11703369,-0.20113789,0.056423813,-0.3363446,-0.19839832
146,ArcosValdevez_03092024,2024,2969,p,2024-09-04 11:40:00,2024-09-04 16:45:00,248.486111,248.697917,airb,1,2,187.25,36.836066,61.161683,127.431514,451.099489,1040.690695,14.75,5.083333,4,558.4721115537849,-0.214729015616247,-0.976673665997234,22.0,7.0,38.199181446111865,60.30013642564802,1.227830832196453,8.0,234,11.3272192513369,0.23910717351266,0.306951142045991,0.131343426544889,0.183300063450464,0.265861278236,0.342847421693256,22.784270218576204,9.03924806735148,41.562562040386595,1620.6989686535758,951.9989798369554,6097.9703649552575,10.160956291554182,22606.8404385635,-0.363564894518123,32.304480017508446,557.3294911775546,88.81160043654968,13.923621531266877,0.350852313839995,0.936430805704896,21.60944167611183,0.400371029758699,0.916353118906658,0.001718018935933,0.00172867573881,20.836782727120458,11.458117169382257,6.185246958418503,-11.055934524125533,-39.529990132016046,42.98364543547579,66.2583469212149,6.719578079320618,41.14794103798406,67.1258987857718,16.700580683096064,28.62789787005476,34.59676633484188,62.888606429379514,93.9990108373433,0.403614431946169,0.914929172299567,0.535903334823494,0.844279346972943,-0.015872987408668,0.999874016199403,-0.338416689818139,0.940996357087812,-0.294202163068088,0.95574321198011,-0.080206589715264,-0.13508109423432,-0.129244166675357,-0.099855146352752,-0.014600419049108,5830.763119492244,15098.536494784687,30864.330002117735,57106.293899112476,93510.07062709254,-15.468847522736462,-10.233486798968103,-3.392999239966678,-6.732531683245901,-7.93681142313888,-5.32661648719426,-0.002666725038861,0.999996444282462,7.870263790237139,0.024557820946431,0.999698411237291,9.53322118289815,0.019554941282512,0.999808783853911,65.23402243036907,0.004379824981274,0.999990408520568,5601.108653545674,24.765910928421,2.3644004802835,0.0,26.828725370181,0.0,,1287.9450236430694,79.4312564504578,776.2555889521117,,690.93761117602,,15.900448930413148,8404.013246486595,0.902323391067565,41.161086,920.0,4.855395797278411,127.431514,5.820525646209717,336.149228274353,208.717714274353,163.7881460580881,163.7881460580881,True,-0.15171063,-0.073146485,0.09112939,-0.029037196,-0.026386462,-0.0018307853,-0.09711038,-0.21056478,0.06324483,-0.026137358,-0.16743053
147,ArcosValdevez_21082024,2024,2974,p,2024-08-21 15:45:00,2024-08-21 17:40:00,234.65625,234.736111,airb,1,1,40.5,21.130435,433.309942,485.444931,4328.585772,5734.318243,2.25,1.916667,4,276.2835286458333,0.826472548000626,-0.562977022090025,22.0,7.0,14.18918918918919,79.72972972972973,2.027027027027027,8.0,234,15.013513513513514,0.240126366350055,0.312465020652255,0.110554684996605,0.181424532234669,0.269844981431961,0.350739440917969,29.105004882812523,14.636376953125023,41.4007131326163,2359.4210467501002,964.8275000000001,4527.71728515625,9.507195071489333,20217.580485479295,1.506233215332031,26.3839183133416,455.26161302136916,90.9337508990757,8.560120207804289,-0.975070455951792,0.221895484248697,11.219479014358377,-0.975525288120785,0.219887271657229,0.000259675822226,0.000259725543208,27.157424926757812,19.206451416015625,10.193984985351562,-8.634658813476562,-37.5184326171875,44.63579559326172,43.34379959106445,7.107861042022705,11.003076076507568,45.887258529663086,9.23839420691605,4.426861930300683,19.47593376477538,22.016402437399265,39.567188245349726,-0.96061244934514,0.27789156547677,-0.685446868589858,-0.728122647869408,-0.589005284985512,-0.808129181665367,-0.999187286369484,-0.0403083956216,-0.970705873699188,-0.240270902869855,0.096560919053157,-0.040687110247495,0.008202554074973,-0.048356248482301,-0.062363493959463,5590.201171875,15091.9287109375,31159.1806640625,57645.625,94379.15625,,-8.675667338834911,-5.799363634228198,-7.352421935614183,-8.051015599095967,4.558846636870332,0.024572093286126,0.999698060532048,4.172951365091937,-0.007631201927047,0.999970881954644,2.572620119634675,-0.000724482309974,0.999999737562657,25.96383193583106,0.009718152291804,0.999952777643041,,13.792175292969699,0.0,0.0,13.792175292969699,16.12999999999588,,1020.7143249511507,330.7772924804734,780.6461028057618,,711.5135795357166,,14.01368436410786,9240.40412902832,1.124477564326908,,20.0,6.187123700974503,485.444931,6.428384780883789,618.1730397571894,132.72810875718937,27.34153768662781,27.34153768662781,False,0.20484254,-0.0969285,0.15916917,0.018779768,0.12541063,0.035809882,0.06046518,-0.10666202,-0.17997205,-0.018604754,-0.08931411
147,ArcosValdevez_21082024,2024,2975,p,2024-08-21 17:40:00,2024-08-21 19:30:00,234.736111,234.8125,airb,1,2,16.5,9.0,117.89141,119.641125,962.779849,977.069191,1.833333,1.833333,4,318.1708984375,0.701995539500283,-0.712181341037314,21.0,7.0,14.0625,85.9375,0.0,8.0,234,13.09388888888889,0.23991383831352,0.312354759072247,0.110295429378748,0.181188298463822,0.26964391052723,0.350683288574219,26.557031250000023,15.825585937500023,51.95112485353961,1675.044992909569,965.026875,4527.71728515625,11.175747605374307,10428.084568598755,1.819038391113281,26.3839183133416,455.26161302136916,90.9337508990757,6.144384106806142,-0.978507022597597,0.206213497926749,9.18616846745953,-0.981537820614055,0.191268153920645,0.000611074613504,0.000616498510857,25.577285766601562,19.75274658203125,10.114669799804688,-8.450393676757812,-37.50212097167969,53.261831283569336,23.358600616455078,6.977157115936279,10.98560905456543,47.42934036254883,6.826971779124025,7.560662229740603,19.811178378968144,23.453767454077138,34.92393842348332,-0.954384786575944,0.298579435246955,-0.448246227827103,-0.89391012928525,-0.809925351829557,-0.586532969630666,-0.999518699053647,0.031022092806647,-0.994884336663777,-0.101020575434299,0.061508553893459,-0.021147431094909,0.010152541137862,-0.046056541303744,0.035106842865128,5599.204833984375,15082.56005859375,31150.3037109375,57648.51171875,94393.23046875,,-6.355418528192766,-6.20193289204023,-7.249496108139415,-8.097830678969228,5.793666749916708,0.04806081008875,0.998844411574502,5.304633885501509,-0.004864788389698,0.99998816684695,3.343692619809755,-0.000187609918114,0.999999982401259,31.27022146487535,0.020304758692432,0.999793837135658,,0.692626953125,0.0,0.0,0.692626953125,49.659999999998156,,380.7066989135646,264.1496734619069,824.3190498121369,,736.8082337812559,,17.0133294761074,5929.400300979614,1.32638096339462,485.444931,135.0,4.792820229481418,119.641125,6.131147384643555,458.9636132129949,339.3224882129949,283.6169320649525,283.6169320649525,True,0.20017281,-0.13741338,0.17355765,-0.02896658,-0.0008309763,-0.04559534,0.06504273,-0.1744161,-0.22943825,-0.044192456,-0.09523975
6,ArcosdeValdevez_08082016,2016,70,p,2016-08-08 02:00:00,2016-08-08 12:30:00,221.083333,221.520833,sat,1,1,154.75,14.738095,113.903621,113.903621,935.090721,935.090721,10.5,10.5,1,922.0837035541196,-0.781600095093253,-0.623779842051839,21.0,7.0,0.0,70.01620745542951,29.821717990275527,6.0,234,17.444248366013074,0.22430240021971,0.312165961784268,0.095141416164961,0.161009858792477,0.255320042696865,0.358654618696733,24.27249644886366,13.248148970170478,54.9697765707564,1638.1087005819406,953.8382386363636,6357.9189453125,12.872320447933589,11247.53868560453,3.793203180486506,42.41811979057152,481.1271729537227,94.9428446477243,7.431149780392457,0.969321876217762,0.245794833724547,14.50690424549947,0.979440760058821,0.201731994327621,0.012860720545259,0.016240858805924,26.69051014293324,23.50875577059659,9.92234940962358,-10.627704967151988,-36.26628528941762,39.87199644608931,18.4426682212136,29.48378597606312,18.56931799108332,20.59039237282493,13.876496731482137,15.137818913048983,23.73328555278905,10.031880800665947,62.45705679619097,0.987286574269331,0.158950370454205,0.936244775712729,0.351348430977885,0.627836936382945,0.778344898687771,-0.545681408728902,0.837992720832133,-0.996291376816405,-0.086043549910919,-0.154774433846512,-0.046099214825564,0.043220723902835,0.005755485329229,0.028234574640646,6193.978426846591,15775.421697443182,31968.542258522728,58272.95241477273,95061.08167613637,,-3.471756313988717,-8.742613531584373,-8.024617821240676,-7.146455706100127,-54.54311766053793,-0.016318325555896,0.9998668472607,6.686271399115947,-0.004570721904992,0.999989554196076,0.463897878231678,0.015683692383665,0.999877003332517,72.52385909410977,0.010884730270586,0.999940759568754,,0.0,0.0480291193182,0.23681640625,0.2848455255682,4.48090909090905,,315.1546864596296,200.4897398122159,815.3984311689356,,684.1697622813748,,14.776937669217567,8207.925215634432,1.512956894697145,,0.0,4.744093698718456,113.903621,5.508077621459961,245.67646543065237,131.77284443065236,115.68802051574143,115.68802051574143,True,-0.48257622,-0.17330323,0.16988067,-0.052418232,0.22606128,0.077876806,-0.17196819,0.024076642,-0.048034858,-0.16901094,-0.10376557
6,ArcosdeValdevez_08082016,2016,71,p,2016-08-08 12:30:00,2016-08-09 02:30:00,221.520833,222.104167,sat,2,2,1510.25,107.875,330.319491,330.319491,4484.448674,4484.448674,14.0,14.0,1,698.1512299818392,-0.393164335614412,-0.91946821870083,22.0,7.0,0.050701368936961,54.40256886935947,39.868176440763904,6.0,234,18.88232894736842,0.221863807149404,0.310849392096735,0.094347159744672,0.158631210726134,0.252704099603874,0.357931712174688,27.294931986769274,12.423459314815018,42.22458942586495,2326.233565122669,952.7685314474993,6353.169381872959,9.919798432949154,22667.032464006126,3.560508581253326,42.72140352087435,482.8153155855019,94.35833031511784,9.275097111934713,0.424999712443199,0.90519348452317,17.012077663267494,0.525876522875173,0.850560922385174,0.049233380477408,0.050405384185277,27.539738699923188,22.317719471563386,9.196702309056734,-12.431053508475175,-36.8216157364536,38.02687974708798,25.747920650683174,40.13862575736552,46.243235454768,50.2722481455418,14.87060893516266,21.083766818348145,20.370918995738723,25.589205098486804,70.11946057843397,0.537229540782915,0.843436079682496,0.320433905739786,0.947270875754315,-0.535837621240228,0.844321054850353,-0.977161675740489,0.212497198720454,-0.99768098931842,0.068063525860905,-0.104119205362047,-0.097561151600845,0.031460962943725,-0.005923018319956,0.04447081948238,6079.59438816658,15646.050736003393,31797.219303367245,57999.4219439091,94640.54294906717,,-5.69798171268464,-8.443143767773055,-8.445450877392766,-6.798585195364813,-58.090002608754254,0.061204542073771,0.998125244660979,5.226044317066456,0.02284708463136,0.999738971293931,3.55734448773877,0.013335866953707,0.999911073372324,94.80376643703255,-0.16106477924529,0.986943836743847,,4.4321372669894,0.0,0.8194462027481,5.0831625601139,72.16127589960327,,776.0787381616199,143.58895346613824,768.6521665078959,,688.4871871700005,,11.028175867552815,13894.036550818568,1.513728855693329,,630.0,5.8030831394497575,330.319491,5.223709583282471,184.62148684354275,-145.69800415645727,-44.10820678954644,44.10820678954644,True,-0.4953561,-0.09779911,0.10982164,-0.057471264,-0.02571686,0.11141898,-0.11508834,0.06148717,-0.002636947,0.027817193,-0.10700057
6,ArcosdeValdevez_08082016,2016,72,p,2016-08-09 14:00:00,2016-08-09 15:30:00,222.583333,222.645833,sat,3,3,207.0,138.0,601.843358,601.843358,4915.05409,4915.05409,1.5,1.5,1,664.5936366384523,-0.999977523071186,0.006704726125286,22.0,7.0,0.0,96.49334945586457,3.506650544135429,6.0,234,14.247548076923076,0.223418859630822,0.310950667884935,0.097661767899989,0.161223018467425,0.253785697221754,0.357263793945312,27.613916015625023,12.629907226562523,39.580904007996956,2228.898856200596,949.8021875,6357.9189453125,9.41244953550909,31647.847821101197,2.257789611816406,43.82147594404261,489.093950639896,92.21711379179126,14.20190454213167,0.398962964350162,0.916967040343835,22.71991003898447,0.412455179795973,0.910977894715054,1.3254624e-07,1.32648792e-07,25.829010009765625,16.085342407226562,5.56976318359375,-11.527999877929688,-40.71185302734375,40.11493682861328,63.110727310180664,37.63587760925293,4.387786865234375,50.51449394226074,17.52616515314952,26.100114875917548,10.994688834020987,34.273625581662024,92.56871826707071,0.405559417742064,0.914068683787339,0.626324019868068,0.77956284040243,-0.749245311381657,0.662292581396322,-0.734212671808507,0.67891954792583,-0.984639374033483,0.174600409801786,-0.059924068998452,-0.021969302664622,-0.026753972901278,0.013441473640883,0.117700264051546,5843.58544921875,15273.75,31156.59765625,57295.09375,93477.04296875,,-10.63175706290603,-6.766590279314725,-6.676528034977372,-8.134659222316419,-7.475627927911489,-0.005153283655976,0.999986721745625,-2.418340077588824,0.037378418001596,0.999301182761082,3.573651220153168,0.017987541387514,0.99983821108959,66.70412840046521,0.007678024000795,0.999970523539291,,18.2993774414069,0.0,4.2983398437504,21.0440063476571,14.68500000000102,,1551.2342163086132,39.3019580078178,762.075488158185,,764.6688172183135,,12.11196834157191,11487.907123565674,0.786311791688096,,2160.0,6.4016573918365385,601.843358,6.763794422149658,864.9216423117417,263.07828431174175,43.7120856805637,43.7120856805637,True,0.33662987,0.14704207,0.13394593,0.16578023,-0.095645085,0.035187643,-0.07220879,-0.13758023,0.09711035,0.028405126,-0.09437802
6,ArcosdeValdevez_08082016,2016,75,p,2016-08-09 15:30:00,2016-08-10 00:00:00,222.645833,223.0,sat,4,3,357.0,42.0,235.554917,259.121068,3509.164278,3848.127803,10.0,8.5,1,910.2237438939288,-0.550703164456424,-0.834701158893218,21.0,7.0,0.0,3.11804008908686,96.58500371195248,10.0,233,22.936918767507002,0.223133413201238,0.310710773230721,0.098553968237505,0.160977539221444,0.253374100261263,0.357048000759548,21.809933810763912,11.212738715277801,51.742227649952255,1329.029726267553,950.0625,6357.9189453125,11.990473509226398,19238.62675238967,2.394536336263021,44.28834925484969,489.9678765607328,92.2869122276202,13.745764710610036,0.597807539292521,0.801639660923174,27.96572378651281,0.649335481440592,0.76050209239838,0.013641435845917,0.014149037144248,21.175364176432293,15.876047770182291,5.08697509765625,-11.915381537543404,-42.432946099175346,52.950677659776474,59.26984320746528,36.03659799363878,5.975945843590631,33.55805863274468,21.44745405286258,34.81895692188175,3.925118669176277,33.99853259092703,43.21199979117941,0.677958979899156,0.735099735800589,0.970137896876313,0.242554037369828,0.07529157005177,0.997161561372649,-0.371066364913927,0.928606349768062,-0.643536870145876,0.765415114015166,-0.178583097086859,-0.405005841649636,-0.014191632692772,-0.054398387050104,-0.034370431515106,5844.48779296875,15197.471462673611,31080.22634548611,57221.58940972222,93270.49652777778,,-5.782324164674969,-6.942578503394489,-6.639272653804077,-8.506415747534703,-44.28034199760605,-0.011931407573013,0.999928818223241,-5.141502966021958,0.012808240504266,0.999917971123224,3.493881948086679,0.018529085878411,0.999828321751545,125.52763217835084,0.008142598822118,0.9999668484927,,2.0218370225696,0.0196940104167,2.1403944227432,3.8193495008684,83.48666666667452,,785.5352722168038,141.56465785435304,812.471072210607,,735.485115427243,,16.708885021341715,18381.243069966633,1.042601307266848,272.982837,2250.0,5.561147168789846,259.121068,5.471564769744873,236.8320541492605,-22.28901385073948,-8.60177600485171,8.60177600485171,False,-0.4032534,-0.13226853,0.17983778,-0.057767678,-0.1843281,0.00053862785,-0.1502205,0.07899061,0.19078714,-0.02099919,-0.12660784
6,ArcosdeValdevez_08082016,2016,77,p,2016-08-10 13:00:00,2016-08-10 21:00:00,223.541667,223.875,sat,6,5,674.75,84.34375,234.570825,234.570825,3004.105903,3004.105903,8.0,8.0,1,369.31450645756456,0.557630115704373,-0.830089545807877,21.0,7.0,24.256469679412902,49.903437620702974,23.986095017381228,7.0,234,16.234926035502962,0.219035043086689,0.308203432131644,0.098760644158791,0.158350457281104,0.248428058286863,0.355382473954371,27.034719535818926,4.64982157450661,24.50866820998609,2743.3271011423717,964.079955529492,5006.100204833977,7.450689586556245,28198.288038943803,1.72032990274607,50.24188983331155,505.8478735281195,93.4074242959357,10.001664710276208,0.812432746687836,0.583054913459494,17.345602113195987,0.856089384141098,0.51682779178457,0.012519851505049,0.012830840657141,25.191661218912884,16.52580987490275,7.085150069410614,-10.40163510146625,-38.76429524879287,24.154749300554517,30.012875182656938,5.995914728893495,21.575765997001184,67.42261424505261,14.173733126243835,26.30072875715477,13.303161211972093,35.413396735481925,78.68999141252154,0.889683912732439,0.456576976450957,0.989925442689403,0.141589610904857,0.934598726977252,0.355703836825666,0.511708733157787,0.859158991345637,0.369015006424604,0.92942343688625,-0.128075672027057,0.025117940265315,-0.061114558772096,-0.078297557832704,-0.139042318748851,5853.913763835995,15261.773678004185,31121.246387060506,57382.36471174893,93878.83137661115,32.245161282908555,-9.455702923277556,-6.074898539739346,-6.828437791240701,-7.90576123569581,17.290302344886975,0.012467404174877,0.999922278896285,1.135258634183022,0.001250598868278,0.99999921800093,4.679599275013874,-0.001576852128715,0.999998756767909,64.87603633182681,0.006529240337895,0.999978684283125,,14.1525419296844,0.0,0.0,14.1525419296844,0.0,,1397.7338665092939,437.7635063981289,693.6243655175043,,618.0813535763276,,14.606418128788366,7147.6066990826375,1.69262997587688,,3540.0,5.4620116113421195,234.570825,5.306530952453613,200.64948198888408,-33.92134301111594,-14.461023876739972,14.461023876739972,False,-0.34180608,-0.062588245,0.12313704,-0.03784102,-0.1761573,0.116955854,-0.13753693,-0.11424887,-0.012822476,0.16791362,-0.08800907
6,ArcosdeValdevez_08082016,2016,79,p,2016-08-11 12:30:00,2016-08-11 17:30:00,224.520833,224.729167,sat,7,7,260.0,52.0,391.47493,391.47493,2981.761009,2981.761009,5.0,5.0,1,1261.6834446564885,-0.796510305767887,-0.604624952185689,21.0,8.0,4.853387259858443,0.0,95.14661274014156,10.0,235,14.519341085271318,0.223532337495087,0.309865188282253,0.104381755828856,0.162354132294654,0.252960065007208,0.3555439453125,28.75195312500002,3.867236328125023,20.439795394273595,3137.7133277242065,952.643375,6357.9189453125,6.733737270332659,17607.577153799524,1.187530517578125,48.00470829384648,504.97880861624054,94.09027904747745,5.671106822654102,0.916877148422262,-0.399169506226443,9.03327804508808,0.798966232948371,-0.60137588795053,0.008175483379038,0.014768251478168,26.99971923828125,17.383251953125,9.00819091796875,-8.3216552734375,-36.829925537109375,22.393070220947266,34.11602783203125,15.949529647827148,22.758987808227538,53.82436828613281,8.284945753065873,13.498864368350993,7.589343347461919,17.2025180272362,42.240567985881256,0.800636030990851,-0.599151020928127,0.763417793197964,-0.645905003099334,0.871112884407961,0.491082826637669,0.849757258250731,0.52717416671362,0.982277731520678,0.187431209137089,-0.026243151402292,0.170352738043083,-0.046091915959642,-0.037001221939494,-0.066101215093542,6054.4765625,15503.680859375,31458.211328125,57917.06015625,94704.0484375,,-10.492963035040567,-5.389204473092052,-6.767154482281166,-7.946348360011653,-14.168191477324939,0.001072229271931,0.999999425162029,0.335492132377813,-0.008916063147998,0.999960251118984,2.111921227164134,-0.004450973393233,0.999990094368866,25.312526067986397,-0.002473496986045,0.999996940901651,,2.0663818359373,0.0,0.0,2.0663818359373,0.0,,1517.2466743163952,170.77393880207873,660.2714591494434,,567.9314186123738,,14.120848126915115,4173.789572715759,1.949998340444029,,4950.0,5.972472662571056,391.47493,5.246189594268799,188.84151533575044,-202.63341466424953,-51.761530339694936,51.761530339694936,True,-0.09788111,-0.13298455,-0.094860375,-0.0463027,-0.24125479,-0.023749372,-0.14170983,-0.099275164,-0.14618355,0.1703682,-0.07658788
160,Arganil_13082025,2025,3246,p,2025-08-13 05:10:00,2025-08-13 09:50:00,225.215278,225.409722,airb,1,1,753.0,161.357143,688.872948,688.872948,6462.967725,6462.967725,4.666667,4.666667,5,884.8018070291777,-0.706498862592978,0.707714177585011,22.0,,0.0,53.95348837209303,45.880398671096344,8.0,234,19.950493333333334,0.212459070706298,0.294058292390839,0.118039304035457,0.160094492406377,0.236911772247884,0.337232483758321,24.550954059946292,14.028877872465747,52.6935193257321,1504.8788353630405,937.25514521779,6952.614335339754,11.92150078578554,7251.694586805124,4.113169254616393,46.57329478812648,755.8657988335676,94.17659712401517,5.07460732438646,0.896690731103824,-0.442657579571941,10.153270039212002,0.910358974126803,-0.413819451242683,0.011891647178154,0.014634921019632,27.51993687870835,22.698899714758497,8.472561205525707,-11.520043554130018,-37.80013381258444,45.44943677198711,36.63170962443945,53.10445968259249,68.36965648858427,40.039947267037576,5.970693634391155,27.76729031932359,35.4466064958288,58.164364571340684,89.06908053040645,0.960813745607297,-0.277194780347819,0.287129602355405,-0.957891743074982,-0.560353706608774,-0.82825341743322,-0.939113724359206,-0.343606479450231,-0.999944279219294,-0.010556441474613,-0.046996925088892,-0.020075343774477,-0.149688482477659,0.11894579231629,0.044056102510938,5592.177798709865,15165.139315608689,31315.675373927043,57538.889575406705,94072.91218477699,,-5.260452019627574,-9.154398613675138,-7.806938585460204,-7.325269130493014,-3.714858020958596,-0.004819391523123,0.999988386665239,13.167705458622958,0.014626039999144,0.999893033756083,10.90770231333424,0.009156199838971,0.999958081123658,55.741118158033835,0.039391505200025,0.99922385345731,4080.235478779824,18.9976609300513,0.0705861623988,47.1107552193033,50.377208077164305,234.9736222031907,,183.18075237676817,143.3112811651749,803.0851071499168,,936.4818401551203,,13.260817798456408,8995.13693619041,1.738729604650901,,0.0,6.536507447303348,688.872948,6.2395195960998535,511.6121908852442,-177.26075711475573,-25.73199566471519,25.73199566471519,False,-0.0737912,-0.14647551,0.16755714,-0.04605288,0.1995847,0.12548852,-0.12701626,0.092161834,-0.113716446,-0.009951761,-0.08290628
160,Arganil_13082025,2025,3247,p,2025-08-13 09:50:00,2025-08-13 12:10:00,225.409722,225.506944,airb,1,2,1543.5,661.5,1342.499799,1352.960594,13817.803486,13267.22972,2.333333,2.333333,5,763.3118611066039,-0.708136253672265,0.70607580771119,32.0,,0.0,55.47622910920007,44.507545026772675,8.0,234,19.09125644329897,0.213688687540504,0.294202745929896,0.117496491136242,0.161254039755049,0.238334145572787,0.336802776823755,31.006098354167197,13.20451079161773,33.93819345010271,2976.4629599112545,938.5825358893006,6898.982624943783,8.317108086897044,19814.6858785662,3.294055850586915,45.78784588293621,749.739397555174,94.12720826410566,6.232866145475056,0.363442307881311,-0.931616707043141,7.27428670921361,0.224960379471545,-0.974367911862875,0.038086497605931,0.038195373083583,29.23189684806518,21.542834601742936,8.954722900569102,-11.210448523966399,-37.36940325621715,35.8831542825551,40.61372999440305,53.696183263252806,41.37963034766849,80.74985910507712,5.439326287558148,24.130000217655006,37.39650484923436,40.13924296611693,90.09828687727855,0.310343714489933,-0.95062441525378,-0.131121720746886,-0.991366276584177,-0.616202604508628,-0.787587677783739,-0.919214318496204,-0.39375758617652,-0.999841003999848,0.017831621366992,-0.001940086161115,-0.008214226623999,-0.001991001218829,-0.006955193069444,0.130699720111644,5653.590223183513,15219.983544524637,31373.941961280372,57623.87306989266,94275.5656904553,,-8.389884094892382,-8.100228476303007,-7.874324369894492,-7.291504013174959,0.377473567741985,0.011349478837873,0.999935592590897,13.763474161305439,0.006344810162899,0.99997987148942,7.081672997973803,0.004835230566651,0.999988310204358,20.62170192363784,-0.008475217386647,0.99996408470017,3758.237522456138,27.986582955339102,0.0,22.3367508424717,39.230562135435896,176.50426383338163,-170.32358143493104,964.855322996672,297.4543213021674,723.9039672906139,,898.3802484706974,,8.879196725883055,8763.457782999276,1.78264310411468,688.872948,280.0,7.210789349651367,1352.960594,6.3025407791137695,544.9573063086732,-808.0032876913267,-59.721125010927466,59.721125010927466,True,0.22525248,-0.09951392,0.13395387,-0.038802996,0.0590334,0.11147466,-0.021801531,0.104382046,-0.23586898,0.138278,-0.05053789
160,Arganil_13082025,2025,3248,p,2025-08-13 12:10:00,2025-08-13 15:30:00,225.506944,225.645833,airb,1,2,655.5,196.65,612.889077,471.925958,6177.921892,4039.194613,5.666667,3.333333,5,834.4048974943053,0.58596107874898,0.81033919699798,22.0,,0.0,81.92862566438876,18.07137433561124,8.0,234,16.2653706505295,0.212529365007529,0.293093186831983,0.114539847703496,0.160426274113094,0.237252858478521,0.335719547585663,33.46594074817093,13.353501206164188,29.725786401960914,3620.4194984726214,939.3997076031109,6776.257706919015,7.506661303045669,31708.713077332606,3.372852529281451,45.82404129434084,748.4097910841232,94.24444826687518,8.184077433163058,-0.781006463891093,-0.624522940619742,7.832933687984923,-0.902405491101509,-0.430887838804769,0.060912358988337,0.060611689940738,31.428061738636075,22.41512391339292,9.669418854830024,-10.525896456434083,-37.200625654698,31.29042140677625,45.94725811825858,53.99022163607117,28.097368500844876,104.79495296509407,7.022379759724648,8.63640435860345,43.67090654505318,37.186687281443184,80.31328038702955,-0.943357019874004,-0.331779343923695,-0.39267575260686,-0.919676983138448,-0.620687624746425,-0.784057952250114,-0.822010580299394,-0.569472216948161,-0.995540474921091,0.094335374032693,0.059436951123783,0.051541612280246,0.044467119553093,0.10571499411789,0.070983748828562,5558.542907596493,15185.187591810856,31373.569907960704,57687.02674347421,94354.64202195464,,-9.834424704316838,-8.201637029984665,-7.886095295956721,-7.435270139433499,-3.159922662702119,-0.002473222784519,0.999996941579852,15.970815543663376,-0.003656372507716,0.999993315447701,6.241759398242523,-0.000688022343662,0.999999763312599,15.76879093797804,-0.013614398458665,0.999907319782493,2735.6972668263884,68.7287692316379,0.0,12.0995940356475,71.4538254302443,344.2621482305414,-369.51386603697273,1643.5243434404408,150.8096966729596,701.2172744481486,,848.7777348668184,,7.76807827101111,10917.499935128997,1.353645219948015,1352.960594,420.0,6.158938839240853,471.925958,6.270166873931885,527.5655743342861,55.63961633428613,11.789903774330238,11.789903774330238,False,0.08057646,0.06379725,0.14595321,-0.03827157,-0.066678815,0.108180635,0.050205585,-0.11409819,-0.20420633,0.13972431,-0.04859834
160,Arganil_13082025,2025,3249,p,2025-08-13 15:30:00,2025-08-14 03:30:00,225.645833,226.145833,sat,1,3,1491.0,124.25,249.112929,251.271322,3744.020781,3668.684474,12.0,12.0,5,923.2507127284923,-0.918168603084562,-0.396189874062606,21.0,,0.0,45.46217077671532,54.50427780573729,20.0,233,20.769522510231923,0.212999085402063,0.29346657305613,0.128686819014114,0.159931612442479,0.236674124247437,0.336041963349288,25.909199000827112,16.62057003874848,58.766763152242824,1516.938200659154,938.4377221711952,6795.932774995318,13.155795957809593,9476.108343129474,3.47688772791626,46.73316250340352,754.5634581161759,93.9396137194136,2.18585830214932,-0.869562534925301,0.493822840555481,4.963625412603814,-0.79868264891957,0.601752462657877,0.553901389745822,0.724015697247671,28.5510658496482,22.96186059506154,10.008085139229022,-8.104098282513334,-35.945290083049706,52.616512012484066,42.56974604849723,47.154030356818886,39.15884552895067,67.99058930411032,4.464014887985097,9.211078212080762,45.69956131273146,41.010679625783624,69.74781662248664,-0.796863147640274,0.604159849653082,-0.352109119182084,-0.935958956465943,-0.389468811692816,-0.921039654259569,-0.948160770280958,-0.317791053524515,-0.993161371657127,0.116749688856688,0.023362228301969,-0.002789667333003,0.19100565700058,-0.040852551815234,-0.058553697718309,5520.159624368745,15118.072641382765,31327.663724888524,57749.02253896969,94620.09297777318,,-6.098635017680439,-8.335526671024462,-7.072650378577682,-7.760408006475341,-1.413083168056314,-0.002250404743315,0.99999746783604,17.92899754599784,-0.001520809964539,0.999998843567857,7.345084444364447,0.002219871029112,0.999997536083272,22.417317126484914,0.044944704103633,0.998989476207351,3811.154294867032,6.871717906173,0.0,0.0770681265215,6.883396918853,344.374252598836,-163.73362690060586,335.6409082198552,171.00176802064686,820.611013852414,,898.7033286212044,,16.48874065270179,7489.367162856422,1.420941982081237,471.925958,620.0,5.530505182916199,251.271322,5.269089221954346,193.23897326623677,-58.03234873376323,-23.095492263841884,23.095492263841884,False,-0.45778853,-0.1656703,0.11512931,-0.25824836,-0.020879323,0.14380229,0.121705025,0.108315736,-0.22747424,-0.18840179,-0.08911219
160,Arganil_13082025,2025,3250,p,2025-08-14 03:30:00,2025-08-14 10:45:00,226.145833,226.447917,airb,1,4,962.25,132.724138,229.672941,231.20048,2433.895193,2450.082868,7.25,7.25,5,877.4566744730679,-0.19180085497264,0.981433865337733,22.0,,0.0,78.42269651223322,21.577303487766788,8.0,234,16.61792531120332,0.21135916426423,0.291664113198802,0.126378248823287,0.159109980887602,0.234860542861394,0.334153504169475,24.350550839534378,16.069336965444556,62.46516019194331,1284.5773518442086,941.1540388466727,6606.126442035813,13.976917734099036,7097.525763885453,3.09125666727041,49.66483233351954,761.8624061279061,93.7499142057883,4.648092616394981,0.740879296415096,-0.671638197352915,6.066910124962346,0.550691145604239,-0.834709088337423,0.083310409692626,0.067976359084427,27.727157785830947,22.127580035379832,9.945066700839012,-6.915996077085289,-36.3504178688958,51.37139304385435,39.37024987837998,36.641963676746265,20.931995692330787,34.57156407559105,4.280993626029225,19.990958227391808,42.60594938908004,26.833483230221738,53.060982258805886,0.631310339332344,-0.77553030595334,0.082384034984825,-0.99660065762552,-0.285738073402569,-0.958307755060027,-0.927971670021015,-0.37265074753502,-0.952149527094898,-0.305632586700046,-0.034472588589333,0.032684444937312,0.099672732275571,-0.0003092196205,0.045564289877889,5531.6196918005735,15098.379850961119,31279.46568066795,57754.35925739895,94676.14822362737,,-6.109952917742853,-7.839233061157756,-6.584098629232882,-8.20450231353738,2.404285280476382,-0.018012574326229,0.999837760422231,16.1959979492026,0.008847131497311,0.999960863366297,4.785603889511707,0.007284270061003,0.999973469352902,14.405252535334784,0.057452699277136,0.998348229499993,,0.0,0.0123004006095,0.0,0.0123004006095,35.21470837364156,,217.60801849735475,114.1189751532818,835.1190308635676,,787.3661682728863,,19.39685795692574,3489.448948390445,1.397735437629262,251.271322,1340.0,5.447601136445117,231.20048,4.980799198150635,144.59069098130135,-86.60978901869865,-37.46090363596938,37.46090363596938,True,-0.29201233,-0.15434018,0.18134171,-0.0694881,-0.015346827,0.0956195,-0.12256853,-0.102011956,-0.18374,-0.19932017,-0.07811622
160,Arganil_13082025,2025,3251,p,2025-08-14 10:45:00,2025-08-14 17:30:00,226.447917,226.729167,airb,1,5,774.25,114.703704,152.424158,152.424158,1244.797292,1244.797292,6.75,6.75,5,798.1827293136625,0.965980702561242,0.25861415715171,22.0,,0.0,78.44021914276507,21.430873348372543,8.0,234,16.783762886597938,0.210243813812489,0.291552180992313,0.119094096715568,0.157977078852108,0.234350056227024,0.334572481087458,34.01567309598298,10.886071301924835,24.77621419108168,4015.4470408594943,939.743547442369,6727.703508782534,6.788445392006648,46939.1331580581,3.378214774549944,48.76261633085834,759.1774054837575,93.58281481193373,11.574304884494339,-0.052825268172184,-0.99860377079327,12.829972591684532,-0.102519162004096,-0.994731029686909,0.003256640476177,0.003756864382213,32.42832496509312,23.32275900109428,10.566329451994397,-6.745304944315933,-36.5352269400137,26.323640858497235,36.89246384940992,34.39761891103489,27.63122895982971,29.432730978588957,10.06468930674339,19.91046258287954,37.188279575886504,32.474518674488564,62.622130836481006,-0.14627507280179,-0.989243955289508,0.124787018815641,-0.992183551534243,0.037607300746241,-0.999292595254554,-0.526865196202298,-0.849948860244376,-0.77377856624269,-0.633456178771197,0.03594571422815,0.16007644552597,0.034841094330575,0.048126234849877,0.010225761517507,5496.329198857276,15144.385044685887,31365.96241370225,57886.33899356051,94782.26747994336,,-9.935495462127063,-8.208538051019728,-6.760042934408637,-8.303593855606247,-3.721966670934164,0.000910709177215,0.999999585304311,11.791921834698575,-0.001459285643082,0.999998935242139,4.640664714102989,0.001420770165745,0.999998990705559,34.50491428871742,-0.010351630722413,0.999946420435309,,0.0,0.0,0.0,0.0,9.4624106337122,,1784.9099019618463,257.5422658075901,671.7702699120334,,790.7304208985666,,10.57914478946769,6837.904054379951,1.551849799974359,231.20048,1775.0,5.033206360236637,152.424158,6.527210712432861,682.4891025466371,530.0649445466371,347.75651806233833,347.75651806233833,True,-0.25635585,0.1733307,0.1250346,0.014568191,-0.031142969,0.106580995,-0.015182245,-0.10671785,-0.058625244,0.120167665,0.17085405
160,Arganil_13082025,2025,3252,p,2025-08-14 17:30:00,2025-08-15 03:00:00,226.729167,227.125,sat,1,6,1818.25,191.394737,369.557224,373.632527,3018.050661,3051.332306,9.5,9.5,5,692.2476937904447,-0.142774804891401,0.98975519957625,22.0,,0.0,90.996115427303,8.823529411764707,8.0,234,15.439711014176662,0.208974455186209,0.2905387170676,0.11480575787989,0.157033268267736,0.233279258053322,0.333694411184738,26.27740298879782,15.05856245614849,52.52110417691108,1771.5639591954891,941.9138264589701,6547.549694819967,12.09093683045575,8207.079369844283,4.069630628094018,52.82000311046115,763.4468202776922,93.94853408984456,3.106317451827546,-0.25518725040977,-0.966891652269426,6.32392929602442,-0.318103170998672,-0.948056102032253,0.333085852088402,0.359357645430792,30.165256349092182,24.4776151834437,10.338353927255664,-5.959827803262976,-37.314863627081266,41.25868431761049,28.625097285300534,40.69323573239325,9.728485872361926,36.196065805451255,3.153098878423914,31.982186919330044,48.64860818461542,47.7519972840398,70.37360027464251,-0.478768963812012,-0.87794093154971,0.089730414804313,-0.995966090115043,0.107442901510539,-0.994211256682903,-0.329779390545902,-0.944058024472634,-0.597027021436887,-0.802221126419766,0.026929517852316,0.134295106023471,0.041192107797812,0.078276757325188,0.078892996328342,5536.55814311048,15172.99009827426,31435.078914033067,57947.77115566559,94798.45313575788,,-6.206042898918347,-9.09836593288112,-6.364298467080764,-8.739851109599151,1.660908250955256,-0.03243385025905,0.999473884279811,18.4712214679846,-0.003206844433975,0.999994858061168,8.545502477323794,7.024444772e-05,0.999999997532859,23.267028709884,0.05078901132488,0.998709405347041,,0.0,0.0,0.0,0.0,181.219939403902,,221.10905497154386,413.3155873542693,801.23927943188,,787.2660818957763,,18.94353301673658,6697.966426479121,1.73332891999019,152.424158,2180.0,5.925945617527076,373.632527,5.3315019607543945,205.74826885860784,-167.88425814139214,-44.93298789839894,44.93298789839894,True,-0.45308524,-0.168001,0.15495151,-0.22281466,-0.12915432,0.006853506,0.05906982,-0.08627295,-0.15844063,-0.031811886,0.3668633
160,Arganil_13082025,2025,3253,p,2025-08-15 03:00:00,2025-08-15 12:00:00,227.125,227.5,sat,1,7,3237.5,359.722222,426.683514,429.445012,3246.582552,3333.475959,9.0,9.0,5,613.2320959010054,-0.538294965414558,0.842756507070304,22.0,,0.0,88.80269550227237,9.76335997492556,8.0,234,15.980837194933581,0.209174388885906,0.289985984295462,0.113984719509801,0.157295425935952,0.233560304268985,0.332743442184116,25.154745795602324,14.436524330443154,54.97227677674588,1651.152297010131,953.0298146632258,5639.058205031672,12.689997220592595,20531.583542451055,2.744558247921137,58.40192556471944,766.8666986100254,94.40794637260342,9.517380518818701,0.475091246289223,-0.8799365361771,15.201655015347196,0.340427322614708,-0.940270832269821,0.051087883238322,0.048715449536354,27.18957826329671,22.005939929794593,10.516823433952322,-7.687999442606393,-36.111324377081644,45.126373504975916,30.95018859238369,34.49577444690181,7.07164084006431,27.5601142295452,13.58591161433414,53.636018462607616,60.015798863207294,50.629877272699886,60.289005260846984,0.385576032452688,-0.922676066232372,-0.048241021588881,-0.998835724148902,-0.110280044865368,-0.993900554232913,-0.391243740184713,-0.920287094208257,-0.675836489101351,-0.737051585711041,-0.054595633066397,0.018752488036701,0.073256243370926,-0.015277143773298,0.063486410224939,5753.196595716881,15281.992745113996,31509.447920225968,57958.101071566365,94791.71899287902,,-5.656102579833532,-7.393044391122304,-7.108825281399812,-7.922670838678047,57.3918790159169,0.041955893247068,0.999119463838955,20.27977252521203,0.004831417921196,0.999988328632325,8.00237789537184,0.003370157943724,0.999994321001592,53.277776999423864,0.04020880441661,0.99919129902506,,0.0,0.0005493283918,0.0,0.0005493283918,4.184109345536278,,572.0354394846324,161.64124963340805,817.1946023865152,,704.1938577195546,,18.47010916618617,7128.836440488773,1.228377234191699,373.632527,2750.0,6.064819585163668,429.445012,5.278363227844238,195.04872550385392,-234.3962864961461,-54.58121061984673,54.58121061984673,True,-0.4692307,-0.14034803,0.15103833,-0.09245954,-0.1836133,-0.003907349,-0.10409158,-0.10299662,-0.01381827,-0.1731369,0.3446713
160,Arganil_13082025,2025,3254,p,2025-08-15 12:00:00,2025-08-15 14:30:00,227.5,227.604167,airb,1,7,5595.5,2238.2,661.700931,1898.641062,5403.169033,22388.032363,11.5,2.5,5,519.8222460658083,-0.999557487410288,0.029746081456766,22.0,,0.0,86.06929402777153,13.28360221093785,8.0,234,15.854144725058212,0.209961281562364,0.290425355836271,0.11301152377326,0.157992249233517,0.234544586887774,0.332998940108179,33.18133683173192,12.11375623206529,27.85162066753452,3661.6544322182635,952.7789613227818,5757.609186929672,7.283983486276434,52739.998738704126,2.27568929556498,58.23138241319953,763.831763766117,94.41245066038982,14.239679938556492,-0.11648990879555,-0.993191875293392,20.336391625927615,-0.146213142422143,-0.989253110676455,0.011553222819044,0.011700124761259,31.0349292587741,21.337086002245,10.785707411115041,-7.924033430509051,-35.50422158587151,29.772439648728113,46.62629682838645,26.50938270818843,9.764370757698186,30.227377894271896,18.090795066074854,29.704231122284508,64.91925695112155,46.65520795608174,47.07967695799979,-0.155629535415072,-0.987815492744717,0.064514723606461,-0.997916755264677,-0.170507545021234,-0.985356370604479,-0.436159583859101,-0.899869333518959,-0.689461112326567,-0.724322700589601,0.034916298319383,0.167412518129153,0.054288533319829,-0.026221091185032,0.100632742581446,5848.969547346117,15448.997732908005,31645.055964664472,58108.270438490705,94955.73098011623,-7.504324299718001,-10.581756043349747,-6.789626542649361,-7.305991363125965,-7.68765627974474,52.10079387715941,-0.011892963276001,0.999929276211331,20.377227575347977,-0.000180797593929,0.999999983656115,6.229473941520464,0.000889374326604,0.999999604506575,57.04678163114224,-0.008032057516966,0.999967742505749,,0.0,0.0,0.0,0.0,7.365064820503036,,1621.7099665081605,116.70053623086596,701.2027431578208,,660.6824585362203,,11.523985480969031,10472.301816943022,1.376016031732693,429.445012,3290.0,7.549420232571053,1898.641062,6.864101886749268,956.2857026368971,-942.3553593631028,-49.63314963653214,49.63314963653214,True,0.15877372,0.2873721,0.15079303,-0.0636691,-0.114450574,0.025985071,0.033643562,-0.09385195,-0.029399252,0.12996502,0.30334663
160,Arganil_13082025,2025,3255,p,2025-08-15 14:30:00,2025-08-15 17:00:00,227.604167,227.708333,airb,1,8,1950.5,780.2,857.283227,875.274835,12692.225445,13354.895913,2.5,2.5,5,635.3418068297656,-0.014860466771034,0.999889577167072,22.0,,0.0,59.588682211160595,38.69531045323553,8.0,234,19.040010245901637,0.210411423844785,0.291571569605354,0.11081395439143,0.157954301067124,0.235394505296235,0.334513445669148,32.54768083265839,13.690758314591285,32.351602585233174,3329.2788487557204,943.8514255551531,6572.625806024204,7.950346663155404,40485.17408024107,2.748024096418162,57.64311066480786,760.2919464333021,94.33486956335123,11.376807234211462,-0.785233385939031,-0.619199910858137,16.02246953689467,-0.835090258286588,-0.550112952505974,0.048450139206603,0.048392219618103,30.439465358433853,22.404066803237978,10.908018610401653,-7.837878737966093,-35.32865026408023,37.65048441393414,47.04180546195982,25.098973679866845,10.533210358299122,26.193932914656543,13.848244592257505,23.760226533068064,63.06847401081804,42.360534007910154,44.04418968055432,-0.90661350658766,-0.421962023969962,-0.043606329269321,-0.999048791625142,-0.349441037481706,-0.93695835623773,-0.378631788963212,-0.925547388514774,-0.572044712415014,-0.820222437511937,0.141680241286034,0.123070685390436,-0.012453424314183,-0.081621593767915,0.05011197021702,5807.797018824672,15416.50036232647,31637.35380735445,58120.33698905062,94995.73869296075,-15.888365205914539,-8.767787328891098,-7.397504816221255,-7.32011016510329,-7.662732435589573,7.846969183428002,-0.001564606377149,0.999998776002693,21.43899036156873,-0.0051541218338,0.999986717425848,5.985352391404,-0.002355956146251,0.999997224731467,43.170688755372645,-0.00940522426778,0.999955769900086,,0.0,0.0,0.0109335435622,0.0109335435622,169.45463100768586,,1397.1453880827078,407.8354948046572,717.7892931977107,,801.0779803106399,,10.737362962284763,17271.893780216484,1.420952742028027,1898.641062,3440.0,6.775679780315208,875.274835,7.178818702697754,1310.3582389591497,435.0834039591497,49.70820439035582,49.70820439035582,True,0.15525527,0.15860197,0.12875205,-0.059304263,-0.10159507,0.17665012,0.0858477,0.09613111,-0.029441964,0.10864158,0.2914387
160,Arganil_13082025,2025,3256,p,2025-08-15 17:00:00,2025-08-16 03:30:00,227.708333,228.145833,sat,1,8,1198.0,114.095238,327.414177,400.390361,3071.781616,3269.854614,13.0,10.5,5,722.945274932051,0.228854762279963,0.97346057844259,22.0,,0.0,65.0820361800589,34.7076146403029,8.0,234,18.86982426778243,0.209127851014232,0.290616740016967,0.110591688131501,0.157325536015547,0.233816764280224,0.333732554304128,24.17997209059438,17.35617044756657,67.62874938953881,1078.2043215352453,944.1857423586789,6684.600976063649,15.005804243486853,7188.839006000946,3.259490528888985,53.70006095026748,769.9178936483265,94.4850568045722,2.807302705133401,-0.963804049437288,0.266611616941733,5.163124096092368,-0.932078952136761,0.36225519593739,0.351084181060018,0.677861797924382,24.42502891960298,23.405319533512262,10.886338475734288,-8.091774722504432,-35.781932222555604,70.54828519012689,35.33392055836215,28.310223667513185,8.734681363146192,24.10154484779667,4.045777134769943,36.031787993942174,54.43276668462516,42.4336492175145,52.13488409391104,-0.888485241325424,0.458905192765241,-0.207283457132759,-0.978280925092119,-0.443635509138623,-0.896207305834602,-0.517641086638712,-0.855597864316814,-0.590048802540254,-0.807367580858194,0.025600592005315,0.009356285979553,0.056488597130816,0.013862660919769,0.015002179123136,5916.082346587169,15466.22001467346,31732.43757246793,58192.05950343373,95003.10088947357,3.681297927001832,-1.112651099146333,-8.055744123167814,-7.410788438410202,-7.718308953994579,5.798507726237703,-0.078008196818017,0.99695271764974,21.36388219537454,0.0024294205374,0.999997048953572,7.909094692954657,0.001412522112285,0.999999002390143,17.61674823236001,0.15946193905196,0.987204077176441,,0.0019986126489,0.0265324119118,0.0329901138555,0.0606961144694,490.7122611208018,,215.69305517937119,93.78158606180969,855.4917829773366,,727.5876150067484,,18.793932392701986,7192.2311050494545,1.200256456086909,875.274835,3590.0,5.994934422620996,400.390361,5.5476226806640625,255.62674642246157,-144.76361457753842,-36.155619285135195,36.155619285135195,True,-0.46064112,-0.1702969,0.10830839,-0.2629692,-0.13843545,0.11280534,0.08042704,0.03148988,-0.207522,-0.16410248,0.23918055
160,Arganil_13082025,2025,3257,p,2025-08-16 12:00:00,2025-08-16 19:00:00,228.5,228.791667,airb,2,9,604.0,86.285714,578.694132,578.694132,4909.464895,4909.464895,7.0,7.0,5,742.4022140221402,0.924396313051752,0.381433423307826,22.0,,0.0,39.882697947214076,57.22664432341852,20.0,233,21.424262023217246,0.208291960576307,0.290415776695343,0.106980367854918,0.156899963105832,0.233131031353109,0.33386753125568,32.93447562073057,11.001683128043716,26.625794194903108,3692.970141136232,941.2786066354884,7005.8142911687155,7.14440886004396,25557.65263454662,3.184870077091139,47.22620892588428,778.4119902334689,94.91019466252035,5.909993168755667,-0.771206799755581,-0.636584693509635,8.485621179018734,-0.995041792661367,-0.099457683751702,0.13020280249877,0.146025856218977,31.71636112535969,23.90730955981737,11.537569405635093,-10.037859838180223,-35.594126778115786,28.529885158616526,29.458156579289046,37.29312266589062,76.35635979646523,18.828026245392987,7.498764645373045,15.287323519450833,36.02836153605739,52.901413868359455,41.63550925524306,-0.997986513509609,-0.063426483844959,-0.202122187300274,-0.979360312347275,-0.361471330768057,-0.932383224341134,-0.702946133668603,-0.711243090061593,-0.761594226267983,-0.648054191032874,0.070289262912019,-0.034083461633318,0.134229556959086,0.023382542136338,-0.020669115332111,5909.333993297632,15546.306647907331,31828.51069561542,58279.89587727425,95012.47248460367,,-8.520809876038573,-7.959710226596791,-8.425017804648922,-7.123511809306818,19.108426826823454,-0.00095913848498,0.999999540026578,12.231152075566435,-0.008005348451173,0.999967956684701,9.25259805540928,-0.002334281328943,0.999997275561627,26.843340231042596,-0.0028187782841,0.999996027236601,4886.437329187202,2.0841607505564,0.0,12.9959912915354,14.076852676069601,102.71669423958707,,976.1507610476044,302.11146022779775,684.4435246451271,,685.4590607483811,,8.336343902165996,10129.879431618594,2.216451245731774,,4730.0,6.362500605817311,578.694132,5.867602825164795,352.40080055057564,-226.29333144942433,-39.10413445309038,39.10413445309038,True,-0.26287672,-0.1181375,0.12653601,-0.16927126,-0.19433434,0.1606367,0.08046121,0.11777477,-0.22286394,0.14949235,-0.025134081
160,Arganil_13082025,2025,3258,p,2025-08-16 19:00:00,2025-08-17 12:15:00,228.791667,229.510417,sat,2,10,327.0,18.956522,43.652475,46.382123,786.118202,835.275222,17.25,17.25,5,691.7002610208817,0.78467806410286,-0.619903489033404,32.0,,0.0,50.271107668474045,49.03175832687839,8.0,234,22.16865443425076,0.208806892563517,0.290656216094136,0.104896614378641,0.157269627347474,0.23394098307506,0.333962736480707,24.809320664142618,15.060782787361367,56.41054597382711,1467.15625504172,936.2305963644883,7382.4577217762,12.75160199157591,6667.4301017697135,3.498823690983761,47.31663541939198,777.0627932676122,94.15877140364165,3.369290204975456,-0.934177063681273,0.356809772416388,6.506584385368597,-0.830652993208474,0.556790449697014,0.033032529645303,0.054651472743373,26.192219376718015,24.09255234379277,11.094904961825247,-10.11698177131928,-35.5707652295699,54.16925386174666,27.901999168644224,43.555154854961756,51.28766635559916,22.158300363810042,4.932698638503736,12.30527213240021,38.39851832779395,54.29430603465314,50.90916927241122,-0.868867314918189,0.495045037412614,-0.488722492444855,-0.872439296099441,-0.564298402422535,-0.825570901269767,-0.678568103758121,-0.734537492958738,-0.95603395036999,-0.293256007167717,0.023078045528898,0.001343583280292,0.095966555117016,0.009605254305467,-0.013574010854759,5834.277795541664,15418.989907757441,31698.834941189976,58136.176076925476,94905.72765742602,,-2.291041804549742,-8.363757483860022,-8.28305761046061,-7.094945732197146,7.567832160319329,0.028934701623318,0.999581303867759,15.748251282803844,-0.011496266462964,0.999933915745142,10.426632718441232,-0.004807598070536,0.999988443433619,25.49594915107851,0.025939334637034,0.999663518849512,4372.248475755513,8.491614725482801,0.0730314920801,14.025067501962399,19.217675435439098,86.62180361364307,,162.70620852018328,65.45066487646206,812.5676837318393,,772.50412091768,,15.250519165751228,5318.7600042839895,1.672320932262309,578.694132,5150.0,3.858245005662632,46.382123,5.249452590942383,189.46197930421755,143.07985630421754,308.4806107392228,308.4806107392228,True,-0.47809854,-0.25162062,0.1405737,-0.06391827,-0.1949662,0.12665127,0.13840495,0.08172025,-0.22437721,-0.16105713,-0.04809384
160,Arganil_13082025,2025,3262,p,2025-08-17 16:00:00,2025-08-17 19:00:00,229.666667,229.791667,airb,4,11,1226.0,408.666667,1408.476428,1408.476428,19041.977379,19041.977379,3.0,3.0,5,898.9361507128309,0.468513739127827,-0.883456210713617,22.0,,0.0,0.0,61.62920097930113,24.0,233,22.776572580645162,0.209732722484297,0.291260098850528,0.107746573126338,0.159118785558214,0.234410440830873,0.334396276822079,27.92406186671294,10.168468367452055,33.35467460248302,2540.6383584496607,939.8978526615904,6896.437674004946,8.547120210061431,30951.76184369334,2.942271860736906,48.58941464455854,793.6525020945843,94.11882614194722,11.802865279000827,-0.829191906297551,0.55896402615073,17.74444956889414,-0.831725709034711,0.555186765810125,0.001454402750383,0.001323890295732,26.501481556029326,22.61407555666401,10.729531835190194,-8.601097263374681,-35.985908188594124,35.86590372164478,17.966671176377968,48.12884789161468,14.551968569210455,22.122840949987776,13.891822794585265,23.089331020220015,47.867669920432306,69.72792960189476,58.7170281734531,-0.842165739607089,0.539218756194594,-0.9999487120512,-0.010127846125712,-0.803757415278486,-0.594957155923725,-0.792967239837543,-0.609264274797421,-0.825851502247832,-0.563887662779565,0.067611440863333,-0.092591794018361,0.070461020319733,0.025770959733711,0.086418580851748,5744.824874260704,15255.647198393632,31494.82349034281,57976.93878700666,94887.68226567206,,-4.241724766900454,-7.647494855926125,-7.548442836990525,-7.633197151990891,-4.168739491747004,-0.001910841952746,0.999998174339849,15.011761986342787,-0.009048703655318,0.999959059643023,11.594747331622264,-0.004345055385294,0.999990560202294,49.7375410743499,0.006578034101433,0.999978364499633,3944.711676594528,0.0335310403618,0.0,14.1102128187777,14.135361099048998,1.091219478996901,,588.5463312030072,129.6598711284024,724.3652318800018,,863.4637213358064,,13.6551634811082,6957.29719109762,2.155547150567941,,6410.0,7.250973586753452,1408.476428,6.503503799438477,666.4762435397766,-742.0001844602233,-52.68105093628328,52.68105093628328,True,0.10270433,0.16386464,-0.07887349,0.029802237,-0.104716584,0.19573417,0.1083531,0.07854509,-0.042331994,0.07161833,0.012162344
160,Arganil_13082025,2025,3264,p,2025-08-17 19:00:00,2025-08-17 21:30:00,229.791667,229.895833,sat,3,11,3983.75,1593.5,2144.743456,2154.825653,25456.57146,16385.49441,5.5,2.5,5,627.3092324107199,0.197705222141412,-0.980261518747939,21.0,,0.0,21.445221445221446,75.984200984201,25.0,233,20.56810899045706,0.211467376447723,0.294062708221215,0.105476449744252,0.160306408606196,0.236693998831006,0.337763941963804,24.14373469223554,10.59968591303236,42.762973716286005,1736.9306579645515,938.9247072709662,7160.062577342093,10.185865008758771,13101.347514276704,3.124272216503945,49.696534012689966,784.9211211215297,94.73669206722093,7.387511665548304,-0.834877345804158,0.550436024859388,12.140114141871413,-0.834078705176865,0.551645460028888,0.000129751524445,0.000141781638505,24.359971655450366,22.634225985203084,10.38568155219519,-8.859297301761977,-36.09604007677024,41.56923410383726,16.79488252710047,48.20297675782886,20.489510226093486,22.739264845176564,8.496190605162338,17.284197069434875,46.15233976709917,74.32179778723906,63.87670771245551,-0.873440078211885,0.486931647947858,-0.996301243376475,-0.085929229290673,-0.798878851780343,-0.601491961856615,-0.794619571910996,-0.607107680676159,-0.806231772662197,-0.591599804555386,0.013679661261488,-0.104714968089358,0.105802591817472,0.110254283193543,0.164459833845503,5770.941149342212,15251.74192759509,31473.69416176881,57932.2657933344,94816.46240769366,,-1.883039268873445,-7.881722911646979,-7.51499716007546,-7.591924879358483,-4.793423872946179,0.00111241725838,0.99999938126373,16.919658164206044,-0.008933994824244,0.999960091071879,13.779596178925663,-0.004230435617913,0.999991051667205,50.225191990923385,0.012901161597801,0.999916776551643,3966.2208793355626,5.6657516112274,0.0,21.9459492222621,26.4550047803491,3.499300797637504,,300.1675918540399,98.58134921014071,768.6437982769033,,866.0700653535181,,16.3533812480137,4251.966704606045,1.970933375339329,2240.278415,6590.0,7.675929062803587,2154.825653,6.627937316894531,754.9213352735072,-1399.9043177264925,-64.96601317965155,64.96601317965155,True,0.1346258,-0.1328697,0.15608765,0.14051358,-0.114348084,0.07372321,0.08824745,0.11412901,-0.19270338,-0.024426896,0.00611141
160,Arganil_13082025,2025,3265,p,2025-08-17 21:30:00,2025-08-18 01:00:00,229.895833,230.041667,sat,4,11,1010.25,288.642857,729.501581,757.650798,8743.560317,9025.350542,9.0,3.5,5,745.4150978449344,0.987962633591262,0.154692710324106,22.0,,0.0,0.0,74.9807938540333,36.0,227,20.329731075697214,0.209181110416036,0.291821299107987,0.10579719312553,0.159245090823375,0.23379699697825,0.335546266669867,19.6707043547348,12.192404997648428,62.27052795503116,872.9598484204223,942.2348320482362,6730.199167523587,14.397128071818809,5356.291042320838,2.605310806459218,48.095695707113975,800.6044501775269,93.65691072319922,6.034307386761928,-0.711776618022252,0.702405898349954,11.113552392965385,-0.702613920476676,0.711571274541346,0.001944694209611,0.001956061228059,20.456335964994583,21.378992490893012,10.16837087797457,-8.642620905297797,-36.160758151698275,64.01360734147877,20.16503720236235,46.09170421384789,10.906050350747467,54.081490776389344,7.076975298353502,16.468926417947323,59.76136816393689,67.64810295491509,72.55491202082258,-0.792967262396979,0.609264245435953,-0.973497702645513,0.228696792596462,-0.716402145541818,-0.697687584713301,-0.763506570251001,-0.645800059758091,-0.90095616173426,-0.433910122759392,-0.001698797498145,-0.105177960528091,0.081849246174974,0.105080192426204,0.151322204605518,5765.095231193228,15200.555105143674,31371.362721495367,57851.06643429349,94641.69400695358,,1.006752327357792,-7.213837832210534,-7.345528976792155,-7.670360311448282,-9.142707553142897,0.002085083306655,0.99999782621144,23.08665555861862,-0.010936172550036,0.999940198276855,12.59586592359913,-0.004952899603152,0.999987734317537,56.06766635312198,0.020599883336555,0.999787799888817,7085.209841854994,79.2046046691428,0.0039123412136,2.971863184819,80.05393016132881,0.0,,134.5753373242209,19.30206768397075,843.0114857157497,,732.719695871561,,21.040517762442235,3563.385402235977,1.390619287772046,697.858291,6740.0,6.631541589839148,757.650798,5.7962822914123535,328.07388216732136,-429.57691583267865,-56.69853670934544,56.69853670934544,True,0.08991965,-0.21712883,-0.097951986,0.078642964,-0.10554129,0.10377339,0.13694388,0.13434775,-0.16721518,-0.11952396,-0.01290386
160,Arganil_13082025,2025,3268,p,2025-08-18 01:00:00,2025-08-18 04:00:00,230.041667,230.166667,sat,3,12,3286.5,1095.5,1425.060549,1438.151152,21762.449732,20726.028941,3.0,3.0,5,566.1452484212128,0.457457826394776,-0.889231318088925,22.0,,0.0,20.28033640368442,70.80496595915098,20.0,233,22.157726168791744,0.210864250916099,0.293384191357674,0.104086352849367,0.15998714596665,0.23608459106062,0.337045535506656,17.81666351742228,12.492878669438678,71.12092104982021,592.2801686079263,938.7594594225833,7022.1334527234285,16.538801937278826,3221.8601935326697,2.152926933008394,45.98172391978736,796.2871240511514,93.12175424719973,5.371764953137458,-0.616251997348244,0.787549030704946,9.920733353823199,-0.57590917127816,0.817513685780063,0.001355777741425,0.001340071399829,19.930699758172743,20.38094397210004,10.075090106083255,-9.166108390567082,-36.1910450939031,75.40034910909843,24.153393993113067,29.189729790406105,12.174698253542264,95.83379482103823,5.001536896404953,14.535661916375767,62.52642259635694,69.76740247843627,80.80603694546372,-0.719666271091125,0.694320141039993,-0.906486646589404,0.422234484090412,-0.749482108598668,-0.66202459840288,-0.758863519896165,-0.651249689574439,-0.897496749937686,-0.441021069622859,-0.011614799737066,-0.092724350648189,0.104958960698754,0.138224449018093,-0.004907034977172,5689.889922903603,15098.873719844876,31228.613470768374,57658.86982695683,94399.8114402867,,0.491281855736417,-6.631635700399944,-7.513520963367712,-7.532886403340597,-0.759312029141835,0.004357841979685,0.999990504561558,25.078252427139148,-0.011747504281943,0.999930995690775,13.33091273573823,-0.005505326731609,0.999984845573961,54.19213607583984,0.026576818638268,0.999646773971221,8579.273345252026,97.2951768368326,0.00081565058,0.0811741189678,97.2951768368326,0.0,,86.08811290022986,12.792788488082797,866.9449742621362,,799.8189574876499,,21.84589242678416,2507.2269950844307,1.209572388338397,534.508532,6950.0,7.271808740981935,1438.151152,6.159917831420898,472.38917552079135,-965.7619764792086,-67.15302318091865,67.15302318091865,True,0.14038856,-0.24457698,0.12466592,0.022673752,-0.12151442,0.16651812,0.14360347,0.11725989,-0.15922783,-0.23533766,0.017417766
160,Arganil_13082025,2025,3269,p,2025-08-18 04:00:00,2025-08-18 11:00:00,230.166667,230.458333,airb,3,12,1143.5,163.357143,473.126442,289.272095,6975.989577,4273.680621,10.0,7.0,5,481.27446483180427,0.535866995480871,-0.84430241214526,22.0,,2.571361170087285,17.03231894314697,72.77659825430526,20.0,233,20.47573555166375,0.209379723413476,0.293252286695485,0.106034248378393,0.160859509524556,0.233578929203934,0.337629304305013,20.258208205607993,12.044653621617378,61.011929733824154,999.4335650214937,947.4043772547923,6288.6285981768,14.211238840947027,8053.885095690226,1.772185378701498,47.42293985324367,806.8988149856702,93.72846373697246,7.319076586684261,-0.648007542131033,0.761633918192525,11.036164558859765,-0.645750499565797,0.763548487203349,0.000982741067618,0.001009001762209,21.111376064451715,18.94592852834613,9.401557770943134,-10.17302684732775,-36.698049791006156,63.1057630636679,29.041419148343167,19.648340164432682,23.021709391153227,95.14073357736477,7.472275449492541,12.154211314928288,51.71534824357069,66.23309682012939,88.64003381444567,-0.679191843828537,0.733960788650724,-0.750858978955241,0.660462560424354,-0.815650823535063,-0.578544496185534,-0.83235082739336,-0.554249131832959,-0.906384378146997,-0.422453972701265,-0.031482941236078,-0.07662243238131,0.031387672487918,0.126914450143872,0.186473378818658,5680.941514841039,15072.387767747618,31138.30591177711,57513.9659094592,94103.65139556202,,-2.362817891113576,-6.141634713195327,-7.643705349445735,-7.39354126428231,15.633597452836662,0.018661065928944,0.999825867148073,18.823615775398256,-0.010544713420505,0.999944402963925,11.998646036155776,-0.004954643138958,0.999987725680353,42.559693770287,0.010156401352312,0.999948422425662,7562.3561873001945,96.1417950806067,0.0,0.0,96.1417950806067,0.0,,246.44508310328223,88.28200379331531,839.8073467923316,,810.6964733985504,,19.40338180372128,3750.772082980782,1.318762690019796,1438.151152,7130.0,5.670818741711722,289.272095,5.99697732925415,401.2112021964544,111.93910719645442,38.69682182667997,38.69682182667997,True,-0.19953997,-0.14224057,0.13839251,0.06441845,-0.124433465,0.12806092,0.15883319,0.13582249,-0.13217473,-0.11538561,-0.040581077
160,Arganil_13082025,2025,3272,p,2025-08-18 11:00:00,2025-08-18 19:00:00,230.458333,230.791667,airb,3,13,3103.5,387.9375,631.840879,634.135448,5626.847247,5464.225767,8.0,8.0,5,608.663808373591,-0.396610607625395,-0.917986942128816,21.0,,0.957934194085798,36.67638483965015,56.69304456476468,20.0,233,19.685983870967743,0.209242638732539,0.292698640578249,0.108991542851638,0.161596518455424,0.232886058135118,0.336855255311429,27.197770781694754,10.4621748019029,35.79752785744635,2350.2021199500964,947.5872364603531,6202.6007948694405,8.947091654728336,31937.438260674568,1.431474529467418,47.65210614614733,810.7873276716259,93.84881485670965,13.49996693112331,-0.768604755396674,0.639723948263326,18.633543495387165,-0.765510142907222,0.643423826964906,0.001608967285543,0.001870504150365,25.410424511716286,17.30514733289648,8.442198273961646,-10.19596686470252,-39.07960231002895,41.013667974569735,53.20704423937287,17.381088135426886,30.782145949601855,64.02403782545636,13.849735000073057,17.73580765241556,37.47882395521919,52.653221625406275,67.31432145511452,-0.788433818857196,0.615119592666547,-0.573333617828413,0.819322014026099,-0.887978936477412,-0.459884124940668,-0.933702436659065,-0.358049940339229,-0.989755972051563,-0.142769449772233,-0.01306080174988,-0.05756014158967,0.007158683539708,0.087899385796392,0.082863488396183,5607.175626462991,15043.311115771467,31022.78430790883,57382.85933644909,93848.70768782972,,-8.844035060296285,-5.703151835275849,-7.278041672531026,-8.050977033307456,0.259288282017256,0.00414463003722,0.999991410984042,10.077649228512843,-0.008084159691573,0.999967322647136,8.029939252843702,-0.003584250067478,0.999993576555097,51.30789046754358,0.006552842964919,0.999978529894056,6673.516534742172,21.5370029259309,0.0,0.002140428589,21.5370029259309,0.0,,1153.577383342666,209.03176525804588,741.3052504952498,,896.9103903744289,,13.403835830835458,6934.519639459624,1.409701332739866,289.272095,7550.0,6.453838280083649,634.135448,6.199869155883789,491.6845719982535,-142.4508760017465,-22.463793256002702,22.463793256002702,False,-0.2455669,0.19828308,0.089404754,0.0626781,-0.116378754,0.17610471,0.12040942,0.13771228,-0.03507033,0.035891723,-0.038719274
160,Arganil_13082025,2025,3273,p,2025-08-18 19:00:00,2025-08-19 02:30:00,230.791667,231.104167,sat,3,13,3299.0,439.866667,769.628734,1087.143494,9308.623788,13776.670807,15.5,7.5,5,613.9617776429546,-0.925817380068305,0.377971134828388,22.0,,0.015771626843309,17.5695923034461,71.89496096522356,20.0,233,20.598971031985517,0.208083918311342,0.29199762303629,0.109436228306946,0.161571548100127,0.231240773928929,0.336396408605045,20.305154265899283,14.849134880853406,72.03377713932596,715.2504274146409,950.907465016241,5867.055359186739,16.134645308145053,7236.29585999429,1.57090407336778,47.60245420205439,820.688322933397,93.68180482149117,8.921558234850016,-0.740860322559993,0.671659126682801,16.546423703919682,-0.681410678510112,0.73190128242297,0.002384874289098,0.00222047298726,20.498748966100106,17.17636464113945,8.034556494403889,-9.926579951260711,-37.13849735052055,74.05764032518539,53.291053577570594,11.094969504590878,15.42817795217501,42.04411597689735,11.032770558358713,24.28337023268508,17.51414199867514,44.36623603568902,105.34967186439413,-0.683186168558499,0.73024424618778,0.134556264187686,0.990905955057216,-0.856520479227174,0.516113038649918,-0.98107211185313,0.193642741521697,-0.712664231104377,0.701505305542593,-0.051143119955617,-0.175946707703845,-0.030827983598036,-0.00661823780212,-0.048574218950359,5600.157414638579,14972.571488121926,30902.455654962236,57265.541521864805,93838.94008682191,,-3.625204025164421,-5.882592753620152,-7.013667845789451,-7.585005094957655,108.47274873898132,0.122746862606863,0.99243801202905,3.653676562812112,-0.001356216358394,0.999999080338172,7.101317505263201,-0.001972013749726,0.999998055578995,75.47876514560832,0.017316894811595,0.999850051334741,42.78189392089698,0.3969396439767,2.7836012213303,0.0,3.18044809768,1.164343211370329,,320.6148203639441,83.90276879440513,877.580378685369,,936.9461264802455,,19.94581405809211,5654.073882009026,0.88033907932655,634.135448,8030.0,6.992228306587095,1087.143494,5.665262222290039,287.6636652404998,-799.4798287595002,-73.5394943879874,73.5394943879874,True,-0.18587032,-0.13790673,0.12300793,0.074959196,-0.13189125,0.1291152,0.15642932,0.15107279,-0.018238468,-0.2359122,-0.08348104
160,Arganil_13082025,2025,3275,p,2025-08-19 02:30:00,2025-08-19 12:00:00,231.104167,231.5,airb,3,14,989.0,104.105263,1136.276866,369.504961,13312.236645,3946.125155,9.5,9.5,5,643.7907594936709,-0.021658413789645,-0.999765429044292,21.0,,0.784313725490196,0.993464052287582,78.74509803921569,34.0,227,20.248289205702648,0.207161281099411,0.290977866615438,0.112353886325245,0.162029256553772,0.2295421738616,0.335325266359367,19.38203092115735,14.036187798561457,75.28831380309455,685.0127308933531,953.3658236950971,5583.930391177842,16.708863652186327,7505.8808794446695,1.242423788527218,47.06571187769784,834.9522145377902,93.20041515132911,8.861011387366695,-0.587608191609376,0.809145606892578,14.193634296154785,-0.547324003243714,0.83692080597466,0.001704739852676,0.001702661847835,19.06424604488962,16.05625644568172,7.571408868627287,-7.852617557199902,-35.05705320945443,76.53663691417998,30.192250589576666,12.70042989773162,23.829084268780242,43.65631207297776,10.5327125708695,22.95229660733139,25.505850709562147,57.52302113696938,113.51687785107777,-0.545371124717807,0.838194688794933,-0.236539810038112,0.971621797957999,-0.740550333928108,0.672000895028397,-0.837384201653958,0.546614762717184,-0.772140928948229,0.63545132452688,-0.050641233131215,-0.139718737069441,-0.064576229339393,-0.010970244779822,0.111920946099795,5601.096410986187,14915.075586882846,30817.256624190864,57246.27593486875,94249.94247438795,,-3.282153699310606,-5.459850181845622,-6.022948409901025,-7.58291964510413,55.86052848767681,0.077912036985593,0.996960237167338,6.475196128101702,-0.001327265441476,0.999999119182836,9.554342911239038,-0.001243964311422,0.999999226276097,47.94905057230026,0.010672850665264,0.999943043507317,737.9488095974884,6.3617438275186,31.334273873986803,0.0,36.8622380883118,0.167760635565187,,403.81918817583437,138.19556955720626,883.4755698037928,,835.1385392274497,,22.72856790101273,5281.132740333873,0.757766572388459,1087.143494,8480.0,5.914866834659992,369.504961,5.507111072540283,245.43815574701682,-124.06680525298316,-33.57649242846922,33.57649242846922,False,-0.4067935,-0.15229383,0.15727374,0.072694324,-0.14317925,0.10158629,0.15796012,0.107652485,-0.03953258,-0.26378214,-0.09076185
160,Arganil_13082025,2025,3278,p,2025-08-19 12:00:00,2025-08-19 15:20:00,231.5,231.638889,sat,3,14,1876.75,563.025,489.318554,614.703552,5362.439117,5781.500349,12.833333,3.333333,5,624.4715447154472,0.985162102153719,-0.171626432929388,22.0,,0.460122699386503,5.089235917456776,80.81427774679308,30.0,233,21.167478678038382,0.20979953108741,0.292561427613849,0.112619642880245,0.162912696840792,0.232922902429482,0.336350790855351,26.823733419503128,8.756474084669524,32.19182382715255,2402.4993998681457,948.0296339479681,6098.615682828967,8.501331050888128,33459.60171557394,0.941735681121984,46.06217341558277,821.0011558169358,93.01950677184504,13.763321370454982,-0.677302415958734,0.735704721567329,20.193951228959243,-0.702812308472314,0.711375329245974,0.003582313712515,0.003714674830703,23.97703526084472,15.25626124074737,7.372789878503404,-6.918215002897822,-35.13909880301012,35.46250730531799,50.17109378370213,18.9963890224425,49.925375684427046,27.415969620408937,14.952420981785695,22.935579242766774,32.415833834004125,67.82424571771726,104.13015955599296,-0.726008609500254,0.687685610531082,-0.606951071718956,0.794739200328769,-0.773236174075283,0.634118142857795,-0.901361252482497,0.433067999883602,-0.900171000473578,0.435536645882292,-0.022425864715723,-0.036341965057395,-0.069216992769997,-0.030922942163094,0.06056357793654,5577.976453164479,14958.316263875322,30835.38953677586,57320.30237550638,94410.99200800592,,-9.515631542892187,-5.072875164796415,-5.580513333547868,-7.86624272988136,-16.749106636258702,-0.002241767535755,0.999997487236001,7.097942025469591,-0.000686366007622,0.999999764450824,10.58151523566324,-0.001167454325087,0.999999318524967,52.44141096034906,0.004289181199894,0.99999080142001,,0.7654418438694,0.0004205783786,0.0,0.765862422248,0.0,,1339.8288314873685,146.3489776154256,726.414270926517,,903.7839226535345,,16.736271656921502,7496.390626674275,1.379791977731587,369.504961,9050.0,6.4227656009438885,614.703552,6.934871673583984,1026.48738978935,411.78383778934995,66.9890122563258,66.9890122563258,True,0.040173538,0.124634944,0.14127928,-0.027055336,-0.12663063,0.020361273,0.094258696,0.14883938,-0.052324455,0.11504644,-0.109214135
160,Arganil_13082025,2025,3281,p,2025-08-19 22:30:00,2025-08-20 07:00:00,231.9375,232.291667,sat,3,16,163.0,19.176471,119.225096,121.877727,1743.725911,1956.366989,8.5,8.5,5,643.3366194486983,-0.975612663706388,0.219499272016394,22.0,,0.0,0.0,82.67326732673267,30.0,227,20.88660714285714,0.213060679731716,0.294604848771112,0.106660070322119,0.165815991693565,0.237184884102109,0.337749911754919,14.541218421361187,13.036847314019456,90.83094146776205,156.32595247627782,929.3423834374947,7832.577995009352,20.039659734173572,1170.9865342575781,-0.353151301116351,43.61116257574939,792.3530214773217,92.25509577850484,7.181808382732398,-0.61487593403377,0.788623855679055,13.7326645241312,-0.453970299857207,0.89101681625408,0.008954791988151,0.008746932445346,15.935009979497586,13.079596184201058,7.78589878643376,-7.212368114784092,-35.80036883183265,87.86614574488593,55.18150719184334,14.098010621340322,44.983023498632235,14.289148866492988,7.247123894114961,26.84390873761092,34.03050586410446,65.29483931843359,73.45686724536942,-0.569993806807156,0.821648988438181,-0.002575650603305,0.999996683006484,-0.664142178015465,0.747606291694281,-0.86354402791694,0.504273449478541,-0.945608961416813,0.325305536516391,0.001584750555313,-0.172947183134679,-0.051898261723272,-0.063285804179063,-0.03255859007907,5626.773271107044,14835.05160532752,30693.75015488741,57203.69664984851,94139.35032999626,,-3.11567132870504,-3.406401168360086,-5.856693011929709,-7.968572295437162,6.003496940693601,0.004251333013299,0.999990963042972,11.417370919795944,-0.001369231534929,0.999999062602063,11.82226140744609,-0.001788530192604,0.999998400578596,54.504017742909085,0.01528395697938,0.999883193507648,138.5501971276196,0.0,55.9811228850861,0.0,55.9811228850861,0.478279716750314,,394.61554977666435,37.592787319272674,908.5443383762021,,949.9487267506231,,26.176514991740593,3690.402782869546,0.516048798215597,746.968377,9680.0,4.811189771506923,121.877727,5.0500311851501465,155.027330146244,33.149603146244004,27.199065786847175,27.199065786847175,False,-0.37456667,-0.27547202,-0.11390145,-0.05360993,-0.13531147,0.021589477,-0.013714289,0.12173612,-0.09525174,-0.33896735,-0.07417817
160,Arganil_13082025,2025,3286,p,2025-08-21 03:00:00,2025-08-21 12:00:00,233.125,233.5,sat,5,18,278.25,30.916667,70.919779,71.643775,1096.30159,835.758751,9.0,9.0,5,1484.5377650176679,-0.287207794039739,-0.957868301512701,21.0,,0.0,0.0,100.0,22.0,235,17.066901408450704,0.213965046601541,0.295162225199765,0.103454972995338,0.165386865840563,0.238877717590762,0.338123695357556,16.06830742019986,10.619565196850974,73.7738120802274,594.5891921682779,907.254396247017,9668.030304388256,16.774069342654386,4294.753283600845,0.522517991547769,35.32013722116085,777.3612324166153,92.11531304329506,5.442194555739555,0.110465914534214,0.99387991313142,9.239179121338136,0.205013706203022,0.978759102266181,0.037789210762822,0.0433584577102,18.031790686160985,13.320649587311859,6.275613604216323,-8.397006463276668,-36.653572830643746,77.40792995493237,57.88333920959915,25.129298009249773,43.94812786110275,51.36574799905721,5.361069688870378,15.799461037238668,22.31943365480611,40.43748641815093,58.23584697306432,0.22391436916315,0.97460882167271,0.445409576494089,0.895326928650846,-0.572751278421953,0.819729207156863,-0.830591598303635,0.556882031338247,-0.952932958337128,0.303181095906142,-0.020903226355181,-0.06528725297173,-0.027128218201398,-0.029341370026424,0.047523818972676,5606.391791889614,14867.554733215464,30682.201876344054,57037.34199740972,93887.3027810241,,-5.140539445227367,-4.533356744961871,-5.729530750583461,-7.876188829983661,2.4541635944569,0.005724503715393,0.99998361489437,7.833390706291574,0.027748604700087,0.999614933330429,7.352083837182914,0.010694389381523,0.999942813382724,32.323817456411504,-0.104407791034433,0.994534571129285,733.4055258936363,0.0291869851356,41.0301674541969,0.0,41.0435072033374,0.331358371310136,,514.8297452148518,160.70563497052538,838.6388778058287,,934.6875262929237,,22.07781627048795,2833.4129412619122,1.06913905993415,446.600457,11390.0,4.285567701555051,71.643775,4.349067211151123,76.40622557535107,4.7624505753510675,6.647403176830181,6.647403176830181,False,-0.42300686,-0.26066878,-0.11121267,-0.060952846,-0.16917458,-0.21084708,-0.07736636,-0.11768426,-0.15076235,-0.33125168,-0.08879953
160,Arganil_13082025,2025,3287,p,2025-08-21 12:00:00,2025-08-22 11:00:00,233.5,234.458333,airb,5,19,1477.75,64.25,150.776375,150.138835,1414.315906,1408.33564,23.0,23.0,5,1149.4004691689008,-0.588161215709999,-0.808743707446639,21.0,,0.136915967824748,22.84785213075475,76.87831593359576,22.0,233,18.19396505376344,0.21373306517614,0.295055192887766,0.102909699735864,0.16514954780933,0.238677751603709,0.338082773687568,20.682329528849788,7.646317118974228,44.53518238515318,1443.1338963720161,906.5923472538731,9781.897729835493,10.850273756693918,10679.456964816685,2.990737941006822,35.68719670165646,779.8264514731227,92.47221553307607,5.602237089147875,0.284714741277047,0.958612286641239,11.951496300003644,0.409192675143501,0.912448001043843,0.193995544939017,0.211751612779318,23.58272092419577,17.08293679105168,5.101460909038036,-8.845424589288257,-36.58838766229119,45.067709795100335,46.11862450016556,44.83787365292189,15.051539569375679,28.899049396612742,6.564891901776118,17.44113792405903,5.881378952675193,27.34671411440954,45.42927550888023,0.308438094768268,0.951244417432092,0.858527024025352,0.512768319046889,0.398755812162286,0.917057142312733,-0.728602068060935,0.68493724268529,-0.845518091010805,0.533946774288828,-0.018264859280316,0.032931749989367,-0.041437956694489,-0.036755303315735,-0.0192698326372,5604.223024500451,15007.36396298867,30870.71306297017,57167.91471867778,94021.66333379624,,-7.092208876964524,-7.709868996362222,-5.446137702056681,-7.733027892539209,0.498398492645902,-0.00870306673181,0.999962127597571,-0.482021959328149,-0.00032425092512,0.999999947430667,5.030600781220001,0.00370651894092,0.999993130835078,63.17984338480411,-0.032839252983834,0.999460646280515,1703.8548208375257,0.0,0.3344078604288,5.0295726332631,5.3547374924154,0.0,,803.1977527839172,312.58430898254704,748.0542471036657,,940.5689089106513,,18.057584139687314,3989.9508624618034,1.694478497987015,71.643775,11930.0,5.018198851477647,150.138835,5.102339267730713,163.40604758308913,13.267212583089133,8.836629499016116,8.836629499016116,False,-0.46957177,-0.1569195,0.12608777,-0.19670828,-0.17775534,0.09710844,-0.109851055,0.0150909815,-0.0623648,-0.049913652,-0.106765695
160,Arganil_13082025,2025,3289,p,2025-08-22 11:00:00,2025-08-22 17:30:00,234.458333,234.729167,airb,5,20,143.25,22.038462,728.84576,55.930125,6954.69629,272.659362,6.5,6.5,5,1184.4627613240418,-0.755137241843007,0.655566736482058,32.0,,2.048417132216015,0.186219739292365,97.76536312849163,22.0,233,18.165422535211267,0.212974616543687,0.294075402715944,0.101059195714209,0.164192661199969,0.238083352766248,0.336985871590155,27.121125547125644,6.598939659675767,27.29487810805191,2615.189588954448,910.2477719156088,9521.604646092846,7.815401111766392,17598.696545439765,3.311301898591601,35.91226156640437,787.5200452037274,92.77363060245237,5.778540994094041,0.489296083599157,0.87211773435387,7.189793990460014,0.513887356739316,0.857857671518696,0.138423246187052,0.130800896734596,27.65297491294026,18.705476088437024,6.08287229125382,-8.47558042171523,-37.3307709563215,28.582199399783427,42.641679474392284,43.20381975874956,9.514285252253828,40.25349392409582,5.801127050396381,7.327174204571316,8.505413463184205,6.229356298909215,20.57302234280948,0.519412217286751,0.854523813906471,0.736470305895853,0.676469872598676,0.87238859526527,0.488812989650529,-0.211988117909312,0.977272243474288,-0.977052965514145,0.21299648490061,0.015265721247312,0.103596303122629,-0.001285604164164,-0.044993679393425,0.039546998539441,5600.13423731753,15087.124537079637,31007.84744584363,57372.64093280898,94147.75485927182,,-9.763021246534183,-8.122423533427932,-5.684949389827934,-8.043048345682381,0.287716736643479,-0.01850401809972,0.999828785999966,1.515336634637339,-0.008329850756451,0.999965306191357,-0.099175586890768,0.010630285888522,0.999943496914665,18.225238015057034,0.005301045812639,0.999985949357936,,0.0,0.0,3.8269319964141,3.8269319964141,0.016203333805533,,2129.399538841978,266.91042967170773,672.6645787270421,,922.4475114166763,,12.322167784270448,3366.745803080529,1.194839882141292,24.89645,13310.0,4.041824638639484,55.930125,5.293951988220215,198.12882721728863,142.19870221728863,254.24349081517096,254.24349081517096,True,-0.3306458,-0.15417437,0.003677856,-0.12703994,-0.20957217,-0.06413862,-0.11075623,0.025168952,-0.17696781,0.14182863,-0.16040272
160,Arganil_13082025,2025,3290,p,2025-08-22 17:30:00,2025-08-23 12:00:00,234.729167,235.5,airb,5,21,192.5,10.405405,74.668941,75.285988,1132.785587,1245.003532,18.5,18.5,5,1113.0721842447917,-0.602115329256548,0.798409124618625,32.0,,1.145662847790507,0.0,96.23567921440261,22.0,233,23.1796,0.212539900626483,0.293000243988792,0.099741168033028,0.16343487074001,0.237828744456623,0.335571854233401,21.41618226804941,7.630458111732826,42.78809604495134,1563.8103368655993,913.9310412179701,9132.247537072302,10.536287669089047,8278.839306688506,3.780716955756076,38.007017915954464,798.8581452783327,93.55916874236986,4.132293544086608,0.624574201437896,0.780965471002537,9.738185163662877,0.553111207679602,0.833107431211133,0.218958030548485,0.266567473503162,25.703535282319045,19.129160152532933,5.567726241020784,-8.820500754413322,-38.069401305065604,37.20891236320266,38.556047844933765,60.35289049801104,8.09062108530407,40.906561363047835,4.895324075746011,5.650424487066185,7.916044942395003,6.418780944049256,24.84420266481687,0.516912616596952,0.856038169010525,0.869216204105755,0.494432190011919,0.484197059370673,-0.874958974864989,-0.601073192298145,-0.799193979895067,-0.996654077209481,0.081735245651546,-0.016487924433466,0.056801672138734,-0.009228579952129,-0.003462621761442,0.045845037690479,5561.961944990698,15025.956562809642,30977.53880542678,57307.79625897597,94004.16703933994,,-7.173598492017828,-8.72654419957908,-5.618477725008002,-8.152790427941023,1.886667529307301,-0.011593870223416,0.99993278882795,0.547303572539181,0.002430553864765,0.999997046199593,-0.141180381926732,0.006406531311689,0.999979477967699,51.05535473307811,-0.05875153190254,0.99827263685784,,0.0,0.0,1.0292001522038,1.0292001522038,0.0,,429.19081393496236,182.40896453093453,746.2115871110187,,944.9160518744891,,17.999056478463284,3269.536390897224,2.09022921266664,55.930125,13700.0,4.334489277913426,75.285988,4.637953281402588,102.33263817012724,27.046650170127236,35.92521116960999,35.92521116960999,True,-0.46548295,-0.1999855,-0.10963889,-0.17646384,-0.17413211,-0.046404343,-0.14906245,0.027660597,-0.1042213,-0.0597112,-0.0837185
7,Arouca_08082016,2016,116,p,2016-08-08 14:30:00,2016-08-09 01:30:00,221.604167,222.0625,sat,1,1,491.25,44.659091,359.395566,359.395566,4446.392764,4446.392764,11.0,11.0,2,577.0066632496156,-0.263257191036695,0.96472568710876,22.0,4.0,0.258665287118469,0.0,98.65494050698396,11.0,223,22.558056680161943,0.216611314404711,0.306376759865925,0.098739659427168,0.155869265646059,0.245787489526578,0.353871704554399,29.96055114192581,13.148177466810722,37.58000513497212,2782.39341905679,955.432315131968,5900.302388296262,8.909665573893681,19823.073663802516,4.003956390050173,40.31248436144331,478.5152625408293,94.31785401074076,5.797155498738014,-0.323327085315743,0.946287269227071,9.862662268268092,-0.321312159411512,0.946973334479018,0.081915498593044,0.09896195758936,31.05701351087816,23.58017906852949,9.572266288429143,-11.22647987295975,-36.11471056868299,29.554253388440756,28.372505772737053,36.593154278266326,29.850535379850815,31.488843440288928,10.851016047050964,12.847650012636528,18.732838301431855,18.74532232767913,61.18503936638662,-0.225680459796512,0.974201380652909,0.132077265095705,0.991239424178053,-0.301524403873352,0.953458459435344,-0.880319356872065,0.474381523582394,-0.99830768563383,0.058152943213792,0.03845540519629,0.052905275812965,0.100092637004933,-0.005748542992147,-0.029618192921831,5983.410057966281,15619.493450333248,31804.434389144313,58064.684316356695,94844.51428229114,,-8.158312725067209,-9.01384549871423,-8.12172980402256,-6.937304485448607,-78.99806777693776,-0.027693599430869,0.999616458723326,4.982568516163326,0.003160263409386,0.999995006355123,2.213898174099115,0.005313230816346,0.999985884689525,35.30992218800815,0.000110642992111,0.999999993879064,,0.2861698773799,0.0,5.57344205775,5.7265825068168,139.79541433121025,,635.4861102241659,310.74949266816645,749.4964636425134,,695.123169924991,,10.924177093393407,11639.433030711341,1.852941692346812,,0.0,5.88720222266183,359.395566,5.686984539031982,294.00270890662546,-65.39285709337452,-18.19523201724045,18.19523201724045,False,-0.4217361,-0.11693951,-0.09617136,-0.09633284,0.19390929,-0.060389683,0.010280468,0.042050164,-0.13821575,0.037318237,-0.074480645
7,Arouca_08082016,2016,118,p,2016-08-10 04:00:00,2016-08-10 13:30:00,223.166667,223.5625,"fops,sat",2,3,130.5,13.736842,99.792925,103.649405,1542.632303,1602.247058,9.5,9.5,2,757.7353933891992,-0.973652116437445,0.228038497093985,22.0,7.0,0.0,0.0,95.75,11.0,233,25.73740157480315,0.218918197730779,0.306391203917846,0.107901667058467,0.159882534086704,0.246930206775665,0.352673217773437,20.06018066406252,6.974340820312523,43.81265827543161,1389.8955238540593,951.9255625,6129.8974609375,10.734878142501582,26363.50417247335,2.508708190917969,61.154785214047116,496.04546393639185,93.61795263350932,18.662108177339196,0.952980143576102,0.303032747322253,33.14565553982983,0.960994164218377,0.276568646701363,0.000108923433678,0.000110706090296,18.23021240234375,16.292095947265626,5.274679565429688,-12.063726806640625,-41.27879638671875,47.53443984985351,41.451930618286134,34.38143787384033,10.473475408554076,34.91162033081055,30.770942376490343,28.920659476868494,5.256847875672601,34.21653091547972,73.38800311894268,0.963176316755516,0.268870568938437,0.993441995358221,0.114337228664492,0.654135287555533,0.7563775681329,0.300253976445053,0.953859292363886,0.331709311628726,0.943381647361658,-0.270564841768209,-0.27179510466162,-0.040641476756855,-0.087391503779595,-0.10263757725092,5820.766943359375,15100.5376953125,30994.1396484375,57110.21640625,93199.24765625,,-2.114766651588333,-7.089513664159244,-6.770497158512112,-8.14336043885178,-104.15352541874219,-0.003989862705671,0.999992040466118,-5.103561201929733,0.012856762247307,0.999917348416616,2.653165084447738,0.000954059115989,0.999999544885498,124.79885021799176,0.002166445986913,0.999997653253139,,0.0,0.0483032226562,0.0,0.0483032226562,0.0,,709.7457182617111,64.68781188964937,784.2180670055079,,657.2594435899249,,17.835863128015284,15387.823581695557,1.407404251016681,224.722682,2250.0,4.650615763257116,103.649405,5.47417688369751,237.45411066384042,133.80470566384042,129.09355887169872,129.09355887169872,True,-0.5330423,-0.13267055,-0.098797694,0.16936311,-0.18436402,-0.025671327,-0.19720966,0.058006566,0.18398026,-0.0404539,-0.17735755
7,Arouca_08082016,2016,120,p,2016-08-10 04:00:00,2016-08-10 13:30:00,223.166667,223.5625,"fops,sat",2,3,54.75,5.763158,59.244075,63.601531,915.814659,983.17367,9.5,9.5,2,513.3176861702127,0.803557822989317,0.595226700604627,32.0,7.0,0.0,0.0,100.0,11.0,233,25.61842105263158,0.218918197730779,0.306391203917846,0.107901667058467,0.159882534086704,0.246930206775665,0.352673217773437,20.06018066406252,6.974340820312523,43.81265827543161,1389.8955238540593,951.9255625,6129.8974609375,10.734878142501582,26363.50417247335,2.508708190917969,61.154785214047116,496.04546393639185,93.61795263350932,18.662108177339196,0.952980143576102,0.303032747322253,33.14565553982983,0.960994164218377,0.276568646701363,0.000108923433678,0.000110706090296,18.23021240234375,16.292095947265626,5.274679565429688,-12.063726806640625,-41.27879638671875,47.53443984985351,41.451930618286134,34.38143787384033,10.473475408554076,34.91162033081055,30.770942376490343,28.920659476868494,5.256847875672601,34.21653091547972,73.38800311894268,0.963176316755516,0.268870568938437,0.993441995358221,0.114337228664492,0.654135287555533,0.7563775681329,0.300253976445053,0.953859292363886,0.331709311628726,0.943381647361658,-0.270564841768209,-0.27179510466162,-0.040641476756855,-0.087391503779595,-0.10263757725092,5820.766943359375,15100.5376953125,30994.1396484375,57110.21640625,93199.24765625,,-2.114766651588333,-7.089513664159244,-6.770497158512112,-8.14336043885178,-104.15352541874219,-0.003989862705671,0.999992040466118,-5.103561201929733,0.012856762247307,0.999917348416616,2.653165084447738,0.000954059115989,0.999999544885498,124.79885021799176,0.002166445986913,0.999997653253139,,0.0,0.0483032226562,0.0,0.0483032226562,0.0,,709.7457182617111,64.68781188964937,784.2180670055079,,657.2594435899249,,17.835863128015284,15387.823581695557,1.407404251016681,224.722682,2250.0,4.168238110198125,63.601531,5.223958969116211,184.66778398548507,121.06625298548508,190.35116149245695,190.35116149245695,True,-0.49462175,-0.12577628,-0.098797694,0.16561772,-0.19063519,-0.23102774,-0.18700568,0.052748922,0.1765129,-0.040589917,-0.1571611
7,Arouca_08082016,2016,121,p,2016-08-10 13:30:00,2016-08-10 15:00:00,223.5625,223.625,sat,3,4,723.0,482.0,1215.38581,1215.38581,16005.820859,16005.820859,1.5,1.5,2,453.91410034602075,0.551207412587412,0.834368257011669,22.0,7.0,0.0,0.501073729420186,98.31782390837509,11.0,233,22.98995856353591,0.219853765229115,0.306518041448111,0.107191067761931,0.160202371037671,0.248205406344262,0.352372155849697,28.25165402044415,7.309273908880618,26.719471511471916,2807.1092758776745,953.3251032326066,5877.160739617866,7.625243780492822,45101.70026770407,1.356676696683462,61.16289862132325,493.12717025655036,93.80924418379072,16.085605645906558,0.945558663530845,0.32545170735727,23.920337551723943,0.962474012365934,0.271373866686202,0.000119356643021,0.000119530853657,25.057987145662853,15.72474526272966,7.011391869362736,-10.885212541054049,-38.30429988870738,28.334539070393795,43.908625691909926,7.253300474652177,13.320233339040527,24.301714413496285,23.277498979512938,30.29829859398488,17.084160738529626,40.03167357219945,107.31330150829655,0.963515011906819,0.267654295370358,0.981605542247526,0.190920296011031,0.924102925494298,0.382143668131345,0.579110662497176,0.815248943931902,0.597465267357194,0.801894790045301,-0.206540460089077,-0.093928818863805,-0.113265393553805,-0.131156492935069,-0.275891836977475,5776.276951963619,15175.433172466765,31072.35699670592,57292.80009961779,93643.98683204816,,-10.183922969912043,-5.606889655615359,-6.988468646283887,-7.642751305598788,-100.02849702235758,-0.004372513591673,0.999990440516753,-0.280793438819759,-0.000758494118676,0.999999712343295,4.48166810671505,-0.002340613773053,0.999997260759831,68.4870247793045,0.002223133106462,0.999997528836542,,0.0,0.0,0.0,0.0,0.0,,1422.5788136727738,192.1060197022041,700.4855901261794,,656.193102572741,,12.3612173813247,11639.242899654058,1.582680789937202,,2820.0,7.10363929016463,1215.38581,6.830902576446533,925.0262448790395,-290.3595651209605,-23.890320483580478,23.890320483580478,False,0.3429001,0.18241385,0.10012988,0.15366682,-0.14206292,-0.003098122,-0.1306487,0.032461446,0.18026258,0.12490441,-0.09995728
7,Arouca_08082016,2016,123,p,2016-08-10 15:00:00,2016-08-11 03:00:00,223.625,224.125,sat,3,4,9708.75,809.0625,1046.2376,1086.908448,11529.009094,12005.18992,13.5,12.0,2,526.8057513246566,-0.278543818048337,0.960423521904298,22.0,4.0,5.20612547689699,5.624735057227639,81.12812632471386,11.0,223,19.940631222416094,0.21970767916539,0.30666743340737,0.106068737327456,0.159770431424997,0.248237606879471,0.352677885387254,24.656940639085786,4.904260430545775,28.62858210197163,2295.921295425521,961.6772963672624,5134.026908431233,8.240535937755622,30749.458497457752,1.9428218597839,57.96118901838726,494.06158240577804,93.97483989348633,13.480691547645062,0.949093576428669,0.314994258966475,26.636986490768304,0.964324797200996,0.26472190219787,0.011621347891173,0.01205393194088,23.658040671157842,17.338792498897988,7.453148779330192,-9.915301290882507,-38.639772507717815,28.119097911734233,35.199659601708845,5.731386800301923,20.453013232387907,51.275876778013135,29.677676219605654,24.894309392907495,11.488596577849238,33.15411880193295,68.68213211568867,0.974172105834718,0.22580679399334,0.997651916295582,-0.068488348729927,0.837589853797551,0.546299585223527,0.502824016984066,0.864388806003414,0.430479121576618,0.902600535057798,-0.296587239486623,-0.206606980188115,-0.060308415621437,-0.09110442583008,-0.165235359884654,5832.3252425276205,15241.744187640837,31152.443559928626,57450.43373549287,93988.4269592133,-0.646157849469287,-6.895217912623817,-6.361237861939379,-6.782228961801247,-8.006611858067247,-22.74045975522701,0.003205220017816,0.999994863269126,-1.141390515845686,-0.001927731180362,0.999998141924522,3.691226274727081,-0.002567347120575,0.999996704358951,132.5402453697451,0.005517900536447,0.999984776270954,,0.5089156206179,0.0,0.0,0.5089156206179,0.0,,979.7677238954004,133.33681476581356,718.4941763447235,,595.8244682047024,,17.451695518539506,14939.685692503843,1.83313096595503,1215.38581,2910.0,6.992012276816502,1086.908448,5.8569512367248535,348.6564974577105,-738.2519505422895,-67.92218350135498,67.92218350135498,True,-0.5285619,0.20471466,0.13452895,-0.042144787,-0.1355855,0.05512151,-0.18416156,0.14423822,0.1715502,0.15463735,-0.0786135
7,Arouca_08082016,2016,124,p,2016-08-11 03:00:00,2016-08-11 13:00:00,224.125,224.541667,sat,3,5,337.75,33.775,209.380277,203.598394,2437.884357,1965.126462,10.0,10.0,2,308.82283973412115,-0.998946004296935,0.045900767958578,22.0,4.0,0.0,0.0,87.34177215189874,13.0,223,18.965632530120484,0.22195194545848,0.308152200859251,0.109407790703549,0.161703767716871,0.250466123456512,0.353760801600399,20.778301268723553,6.627681535445134,40.71626188191368,1543.5562937274824,969.7100670188927,4710.5084937695365,10.248148965304079,23536.487541552044,1.69263417900173,51.61292807972222,498.67097232788825,94.11521101484963,15.393023875231586,0.999998355618617,0.001813493882356,27.63140725921977,0.999998847904828,-0.001517955538352,0.000853120294994,0.000920094177891,18.55948915139433,17.744973790847098,8.35970543284364,-8.674275726962168,-38.05506252191296,41.90260905480974,39.14152110696898,4.573635940282392,19.49445369531095,48.71871301271916,32.295934440162355,10.189829981453656,7.446809447061178,25.202824652674376,42.14186823006086,0.999525737235908,-0.030794489815799,0.207046435653428,-0.978331116485217,0.94406120854865,0.329770275364022,0.612024299625177,0.790838957480163,0.542103036728316,0.84031202393512,-0.374596012440524,-0.058507313585469,-0.050666630834953,-0.075199277464256,-0.084375575330446,6012.453841233434,15374.6415699831,31315.588840099565,57683.263215652245,94341.11218458043,-45.922405910300704,-0.888754603562921,-6.039255117521412,-6.651621756102784,-8.189552182736962,197.90749622657393,0.008355729065863,0.999965090286545,-3.922920562855255,-0.002523059639323,0.999996817079963,1.641336230913205,-0.003056610015282,0.999995328556696,112.87943911664912,0.000663738909982,0.999999779725305,,0.0,0.0,0.0,0.0,0.0,,526.5112428467276,85.3376899722594,786.2706433601726,,590.7053599753705,,21.365784825609637,16187.560955983818,1.567778211052504,1086.908448,3630.0,5.321049004024354,203.598394,5.533383369445801,251.99845182646183,48.40005782646182,23.772318079513838,23.772318079513838,False,-0.5404331,-0.11014988,-0.09884831,0.048643544,-0.19899356,0.030618126,-0.20227738,0.034573056,0.1775366,-0.047608808,-0.08876335
7,Arouca_08082016,2016,127,p,2016-08-11 13:00:00,2016-08-12 03:00:00,224.541667,225.125,sat,4,6,252.5,18.035714,122.206514,122.206514,1350.381984,1350.381984,14.0,14.0,2,1012.7639362220059,-0.952019709495526,0.306036717947461,22.0,7.0,0.0,0.0,92.797783933518,21.0,233,20.09922178988327,0.215012063085093,0.302503846913692,0.101778499858923,0.155906258456226,0.243260074748835,0.348795796029353,25.932449236374648,7.026563262968156,30.305023082856124,2395.569722331412,960.3659529314544,5339.320745750646,8.337628169465257,18298.343852456597,1.714898508182741,44.962189166272644,502.99492729488946,94.0780989919937,6.88122284273229,0.948137221815053,0.317861304044441,12.852227855900562,0.967333236496139,0.253508204147135,0.137546411798403,0.152270044952985,26.533435679476604,18.570781561291042,9.140984544925564,-7.785429964074464,-36.83425122395388,25.964071410740033,41.29145000948032,8.915187953374673,18.607927955215015,43.0850898150348,15.731463820706546,5.146046872121753,5.865814990436948,10.156801473308892,36.660713495231974,0.992032931471829,0.125978819153894,0.869985066754705,-0.493078070516031,0.75159523304671,0.659624594494066,0.810668962377865,0.585504768073836,0.993745591100745,-0.111667811690883,-0.146668820117374,0.005445747273239,-0.03563071711496,-0.037919163963726,-0.025095776070618,6022.819967409405,15502.256945842671,31483.43617785454,57975.150247794234,94796.19496998326,,-8.688412578692311,-6.067908525994263,-6.609617912842753,-8.097020655541629,305.7008252275221,-0.421315321779226,0.906914218454021,-0.935112853994041,-0.005588628640923,0.999984383493019,0.48792212429936,-0.002658536159917,0.999996466086499,70.26051400088177,-0.096911868179741,0.995292966822288,,0.0,0.0,0.0,0.0,0.0,,790.1074793144265,250.02573426962894,726.6899633370315,,597.3407065679341,,18.59996148332649,8658.293689810233,1.928708935232413,,4230.0,4.813861923078295,122.206514,5.088231086730957,161.10286238534175,38.89634838534175,31.82837568326493,31.82837568326493,False,-0.49572027,-0.17082985,-0.09715833,-0.14693534,-0.23698957,-0.02298292,-0.19981569,0.09093163,-0.07638747,0.14088774,-0.07482136
7,Arouca_08082016,2016,128,p,2016-08-11 13:00:00,2016-08-12 03:00:00,224.541667,225.125,sat,5,6,605.75,43.267857,151.07619,151.07619,964.449448,964.449448,14.0,14.0,2,912.1714816343376,0.292099875759183,-0.956387820176245,22.0,7.0,0.0,38.95619757688723,46.08574091332712,21.0,233,20.02200652528548,0.217148821526947,0.304210526379154,0.105169160713658,0.157924427516093,0.245309514581405,0.350274920480851,25.931380207580265,6.964428115812381,30.15872582570123,2402.582175096317,961.3024693358395,5554.921519901776,8.318131239885938,18289.55153949544,1.782453369399496,45.27224233297931,504.53985953487495,93.99904982141045,7.225848379988158,0.950241882717465,0.311513024333764,13.413738512840768,0.969074349105988,0.246768932211504,0.093852911017931,0.110365012742986,26.466223720546857,18.65050844575004,9.085601706951048,-7.784630466688431,-36.841407748591344,26.346741558977325,41.010623602486724,8.893338859197017,18.75318517688099,42.907797824916244,15.352976161583404,5.467928404966425,5.933312537787732,10.394723312384382,36.72865424042194,0.985566350861566,0.169289598172531,0.958006015189947,-0.286748103498313,0.742005049875237,0.670394291413379,0.794690659194502,0.607014626009133,0.996245531102305,-0.086572754135969,-0.136097025293079,0.011048276551237,-0.039391913343766,-0.039197215530576,-0.026022699685608,6022.817112325586,15502.41284780762,31482.31619247036,57973.071961725225,94792.51241484722,,-8.528080951040476,-6.154849256030783,-6.587679198652159,-8.099238304033594,-966.2666631056917,-0.298886102059466,0.954288791716479,-0.879649661210582,-0.001896636888309,0.999998201382639,0.552483581481609,-0.000895463445003,0.999999599072529,71.33970232469764,0.015108992106573,0.999885852663955,,0.0,0.0,0.0,0.0,0.0,,815.960471396107,312.08324478160665,726.7178991940207,,592.7035623602595,,18.46333510281182,8315.511704534058,1.902390247584956,,4230.0,5.0243816452624595,151.07619,5.447204113006592,231.10830926518494,80.03211926518495,52.97467408013463,52.97467408013463,True,-0.5003431,-0.16750519,0.11286796,-0.16064572,-0.20418411,0.117352635,-0.1875102,0.09283805,-0.05825593,0.14691585,-0.09813637
7,Arouca_08082016,2016,129,p,2016-08-11 13:00:00,2016-08-12 03:00:00,224.541667,225.125,sat,6,6,776.5,55.464286,210.585286,210.585286,3063.357832,3063.357832,14.0,14.0,2,692.8572806171649,-0.346365688690636,0.938099573445091,22.0,7.0,13.974838490309418,7.31043862631758,75.28051683100986,15.0,233,22.76911082474227,0.218251738667969,0.305050631901962,0.106832363523964,0.159083764062055,0.246341503844805,0.350975972237409,25.65100922022523,6.773519468489188,30.250796773310316,2363.249858909976,958.3768303117351,5742.940792649692,8.358505845601057,18350.778807402294,1.752677893869274,45.23544547565218,504.2785288180319,93.89907897784218,7.41441613390011,0.957767134053966,0.287544982439361,13.792529302994081,0.973200194029386,0.229959523266956,0.080301506357963,0.092804006621252,26.33801652762033,18.592178865585318,9.086823077846772,-7.797253818996256,-36.8307335957452,26.420696341420314,40.87878782942927,9.21746253427347,18.92158446238843,43.03487588811821,15.274579493738495,5.931955121986614,6.030572933541958,10.631808406946814,36.872484909655206,0.987658309658628,0.156623955263115,0.953388913214084,-0.301744229705337,0.715698928085933,0.698408937755414,0.781434978364566,0.623986678213863,0.996057306801247,-0.0887121275128,-0.13429500954739,0.006132401118583,-0.038324879262372,-0.040270372089277,-0.027722060973302,6027.67455959856,15502.830334572487,31482.3325140189,57972.94908079601,94793.8052552889,26.46037605081313,-8.451834322632733,-6.116529266422988,-6.593085442865068,-8.092744395769067,-340.14473646555433,-0.104832462343247,0.994489896800893,-0.917668090677978,-0.002489807084342,0.999996900425538,0.563936288215863,-0.001120227141284,0.999999372545379,71.81773707319908,0.01438947556946,0.999896466136788,,0.0,0.0,0.0,0.0,0.0,,797.6777126275748,306.99557546568207,725.3363996967347,,590.7031150660387,,18.531612711101285,8187.075363509714,1.935558284945424,,4230.0,5.3546281607043404,210.585286,5.426125526428223,226.26699742911626,15.681711429116262,7.4467270372899,7.4467270372899,False,-0.49405485,-0.1574043,0.15207167,-0.13668467,-0.19857465,0.10647421,-0.18554778,0.03603492,-0.063523024,0.14449045,-0.099801995
7,Arouca_08082016,2016,130,p,2016-08-11 13:00:00,2016-08-12 03:00:00,224.541667,225.125,sat,7,6,387.25,27.660714,162.740937,162.740937,2157.517114,2157.517114,14.0,14.0,2,575.0255845611787,-0.99731720385325,0.073201058041091,22.0,7.0,33.88853299167201,0.0,65.59897501601537,11.0,233,19.29824742268041,0.219228200842738,0.305649064802174,0.110321237146853,0.160792080640792,0.24686024626096,0.351374389648437,25.11832682291669,6.604524739583356,30.839789521465395,2274.729652787782,954.3533749999998,6129.8974609375,8.490699113584695,18217.738726970118,1.742415364583333,45.22533900949998,506.24666017454194,93.68174285037477,7.817390728435523,0.959359115991717,0.282188034054583,14.671901778108762,0.973382448688138,0.229186842087158,0.049226873920372,0.055196029046343,26.067606608072918,18.539628092447916,9.05479736328125,-7.815940348307292,-36.820021565755205,26.869476064046225,40.144204457600914,9.731182320912678,19.20632330576579,43.09918441772461,14.57744287018375,7.104163488307497,6.243742637873165,11.169344300138539,37.12127270886718,0.985109093135574,0.17193043541388,0.971884422976875,-0.235458421754047,0.668736281214775,0.743499688088054,0.752447037437871,0.658652758174572,0.997065927027656,-0.076547613682471,-0.116107044613555,-0.004562024189838,-0.03844809353773,-0.0434108762051,-0.032831575351491,6036.2970703125,15503.374674479166,31481.586588541668,57971.315625,94793.2703125,,-8.214118340002155,-6.103321752232735,-6.587876606832256,-8.084549889707219,-77.3423157462991,-0.025347167130842,0.99967870894525,-0.936583772688541,-0.003359503429767,0.99999435685243,0.62278202722205,-0.001459799732241,0.999998934491803,74.39463042993641,0.014931985064518,0.999888511696196,,0.0,0.0,0.0,0.0,0.0,,759.9017904866664,298.4972212727896,725.9747504878748,,586.9835825735232,,18.62671346517562,7626.259056727092,1.966069229912558,,4230.0,5.098285526418798,162.740937,5.236588954925537,187.0276365450976,24.286699545097605,14.923534294937484,14.923534294937484,False,-0.52305764,-0.15794021,-0.1004719,-0.074076496,-0.20853667,0.15429479,-0.20260404,0.08275074,-0.05560822,0.120661706,-0.08773517
7,Arouca_08082016,2016,126,p,2016-08-11 13:00:00,2016-08-12 03:00:00,224.541667,225.125,sat,8,6,197.75,14.125,87.710549,87.710549,1081.812083,1081.812083,14.0,14.0,2,353.9613300879397,0.678543824441265,-0.73455992152623,22.0,4.0,0.0,0.0,100.0,11.0,223,20.224771573604063,0.218528906924128,0.305381069535408,0.106364938318728,0.158998786369959,0.246796689033507,0.351334594726562,25.657128906250023,6.68629557291669,30.060503565331985,2370.2294540873536,957.0307083333332,5793.38916015625,8.332394587129484,18362.79608478672,1.733488972981771,45.20611609476598,502.5376655423924,93.93673543793062,7.326843574338248,0.962683997144133,0.27062801341065,13.57902385108281,0.976321315514157,0.216325423546806,0.091499177124507,0.105288368720653,26.3854248046875,18.573042805989584,9.106064860026041,-7.797056070963541,-36.827781168619794,26.23347562154134,41.16772562662761,9.199890359242756,18.90659408569336,43.11132990519206,15.553865372710728,5.701663157058775,5.991097229034863,10.531252722348384,36.84993966716757,0.990381400206325,0.138364309434764,0.934977328482728,-0.354707478386488,0.721141646897301,0.6927876479198,0.78737333566359,0.616476463691836,0.99523346145709,-0.097521060269763,-0.142420529856994,0.008161396027994,-0.037462890662393,-0.039174745087727,-0.025911791700471,6026.9224609375,15502.893359375,31482.771614583333,57973.77682291667,94795.2359375,,-8.52444386250742,-6.091833800241514,-6.600521972861478,-8.091976561049943,-163.84357619107456,-0.047935000760906,0.998850457126617,-0.942662350415042,-0.002488090481137,0.999996904698088,0.542894268644121,-0.001111574917533,0.999999382200411,70.55796867237126,0.013451823188973,0.999909520133143,,0.0,0.0,0.0,0.0,0.0,,802.998456665049,307.5872180175813,723.3122310455775,,591.203781390934,,18.539120542797598,8374.747403462728,1.952299988145671,,4230.0,4.485378811218114,87.710549,5.00179386138916,147.67963067340767,59.96908167340767,68.37157258405449,68.37157258405449,True,-0.4565062,-0.16164784,-0.09715833,-0.1399816,-0.23381022,-0.24103309,-0.1896117,0.08683327,-0.07190868,0.14004864,-0.0787411
7,Arouca_08082016,2016,132,p,2016-08-12 15:00:00,2016-08-13 04:00:00,225.625,226.166667,sat,10,7,1278.25,98.326923,302.215456,302.215456,2715.982878,2715.982878,13.0,13.0,2,899.1203522504892,-0.981336859833405,-0.192296561415726,21.0,7.0,0.139525612916085,79.54953159258521,14.969105042854295,6.0,234,16.455457388584833,0.214085306160978,0.301979210799662,0.101166805015726,0.155297995860767,0.242209792609884,0.348483922248701,24.203940423651733,9.609206222311306,41.63891672059998,1935.4454281944975,965.7501327935807,5365.88695684622,10.029220798195226,15634.229431129981,2.539376202315403,38.76394778765417,515.4317947391571,94.37133698423295,5.276331383350536,-0.300110904732258,0.953904316407461,9.56246912974616,-0.371976948081541,0.928241967428721,0.24291797678099,0.244819087300006,26.425161156444688,20.104581631227155,9.025829226596354,-6.97570371252069,-36.51188209749286,24.899422084457324,25.224208962758485,23.41543610141258,13.851029906008923,35.879303260549534,11.53271061185289,9.440951576829335,3.062932846622963,5.969293516904795,41.27845977230131,-0.367388342309189,0.930067635140212,-0.567212681546694,0.823571353249133,-0.064683527681908,-0.997905827844804,-0.601304214768685,-0.799020175778694,-0.025045757469229,-0.999686305814375,-0.034734223082794,-0.05055289435007,-0.019432487304912,-0.007922085576907,0.026598648224104,6107.707078484689,15605.788143078624,31627.633524963374,58133.505071661006,95063.04990427857,,-6.896670612139888,-7.128982316031775,-6.24845968950453,-8.232865778935732,-917.9018416625801,0.813032715224255,0.582218003822516,-1.785124085395414,-0.000897530083093,0.999999597219794,-0.323576619245464,0.002953592358634,0.999995638136577,35.87925422916971,-0.043619471187117,0.999048217922116,,0.0,0.0,0.0,0.0,0.0,,455.92999617145716,182.6016331767532,780.6264656442511,,594.7748955862104,,21.02782656482578,6451.486253357571,1.706431783193187,,5790.0,5.71444362872227,302.215456,5.0031609535217285,147.88302842683052,-154.3324275731695,-51.06702007099514,51.06702007099514,True,-0.4803093,-0.18434925,0.14035301,-0.1831382,-0.23474523,0.018615307,0.037647977,-0.09996365,-0.074909985,0.039564744,-0.05545468
7,Arouca_08082016,2016,134,p,2016-08-12 15:00:00,2016-08-13 04:00:00,225.625,226.166667,sat,12,7,658.5,50.653846,361.757134,361.757134,5191.460555,5191.460555,13.0,13.0,2,744.3604419575114,0.996652730403098,0.081751666527661,22.0,7.0,0.0,1.064249113125739,85.1793456838786,11.0,233,23.789154078549853,0.218401106160618,0.304833028775334,0.110831839306123,0.160835271597413,0.245649264407962,0.350564204761956,24.270719504993583,9.157690152013425,39.52751638505993,1945.4102038085548,950.8168351396841,6444.8402400766045,9.739615245098673,12844.822177512207,2.58321407986814,37.7750443337398,517.6295593736669,94.02174825317918,4.975534533826684,-0.474648736659548,0.880175310257846,8.54842830774808,-0.561904244613213,0.827202284743977,0.11808293944875,0.149107030515759,26.305226874269625,20.167057433143547,9.000629273407265,-6.929160998914798,-36.469138364666,31.017823087883887,25.812630059410957,24.49480474235194,14.2042228016241,36.46771364567409,7.511464835890606,8.718614626752355,2.468950336153713,5.397390947773586,40.99693450724467,-0.535128846351443,0.84477045272818,-0.594168915437768,0.804340288638774,-0.241668947019797,-0.970358758422029,-0.628188336248843,-0.778061317764166,-0.043390038600232,-0.999058208789793,0.007199351889464,-0.032436862381453,-0.010724845744897,-0.008518830691324,0.027971812968401,6108.787343404585,15602.929605671075,31627.84588539325,58133.05137444316,95070.15856831412,,-6.697634707078919,-7.185400122375241,-6.220444800981563,-8.23392470058913,-16.931553298104692,0.033964483465845,0.999423040490311,-1.515421224666701,-0.001955882992034,0.999998087259031,-0.098397022346421,0.002897718260451,0.999995801605628,30.39529157854713,0.03231996028498,0.999477573618927,,0.0,0.0,0.0,0.0,0.0,,470.14026975762926,173.71630504580466,761.7442341494616,,599.7749741216581,,20.534859057436503,4252.845904690214,1.881839513194003,,5790.0,5.893733558007855,361.757134,5.229151248931885,185.63433019038146,-176.12280380961855,-48.68537127718911,48.68537127718911,True,-0.42120537,-0.15747319,0.14938536,-0.16050018,-0.21123247,0.024331948,0.17214078,0.044452958,-0.23244101,0.04638222,-0.055349153
7,Arouca_08082016,2016,135,p,2016-08-13 14:00:00,2016-08-14 03:00:00,226.583333,227.125,sat,13,8,741.25,57.019231,250.889343,250.889343,2145.213923,2145.213923,13.0,13.0,2,835.9255480607083,0.372282272966394,-0.928119555464152,21.0,7.0,0.708263069139966,96.29005059021922,2.967959527824621,6.0,234,15.285006765899864,0.213111200700699,0.301007609379229,0.10194104315979,0.154401069581508,0.241043198704718,0.347513645717075,24.420870535714307,9.808269391741094,42.55009126269768,1951.1369845704558,964.4895982142856,5345.38134765625,10.129625175630059,18810.87891288238,3.452966962541853,45.039231600874054,523.5607872342056,94.54066048850643,6.878601179507542,-0.479609901733869,0.877481818705566,11.448463354231729,-0.482368858708633,0.875968198137427,0.091308551938194,0.143255828740124,24.856929234095983,20.236382620675222,7.330448695591518,-8.639380318777901,-37.81168256487165,29.813313484191895,31.57558332170759,53.351227624075754,14.512935365949359,26.858698844909668,13.296775549503186,5.107728316650062,25.9152566973172,20.70971794823189,59.78279167893879,-0.401112106785447,0.916028972134692,-0.998519664658764,0.054391904634318,0.431189625851908,-0.902261329414982,0.020622512187056,-0.999787333382002,-0.209730948522297,-0.977759136613889,-0.040451909231515,-0.122533352157915,0.037648300815495,0.061557213386522,0.123598058057695,5964.35205078125,15444.499720982143,31490.8828125,57860.40150669643,94494.92131696429,,-5.041687698677399,-8.30474148743848,-6.236079582139922,-8.131439542525008,-1154.5980559044694,-0.051581022885203,-0.998668813009656,7.196471327358901,-0.010623688986593,0.999943567023818,2.464491109491849,-0.003734696548725,0.999993025996526,42.6696264983196,0.162293158231421,0.986742585881075,3000.6628417968686,0.0,0.0,1.349365234375,1.349365234375,0.0,,404.73587252480917,108.64468762617865,780.4942918281621,,651.0542006106277,,19.50882990115726,7078.836066382272,1.766887136765273,,7170.0,5.5289898759927985,250.889343,5.826531887054443,338.18032125082226,87.29097825082226,34.79262100456067,34.79262100456067,False,-0.44467205,-0.1505709,0.14109449,-0.14560603,-0.16676565,-0.025330229,0.1055698,-0.08999723,-0.053992756,0.03041125,0.29981166
7,Arouca_08082016,2016,136,p,2016-08-13 14:00:00,2016-08-14 03:00:00,226.583333,227.125,sat,14,8,2399.75,184.596154,486.443497,486.443497,4650.334293,4650.334293,13.0,13.0,2,682.4037698412699,0.769505713848017,-0.638639926997408,22.0,7.0,0.681866609844449,24.270189644150864,73.30066055827828,11.0,233,22.34825052192067,0.215470061274538,0.30209468527384,0.105486442442685,0.1577096093396,0.243009711586436,0.347927819665005,25.019298647682906,10.07713152592253,42.07508652469205,2047.559598663721,969.5613607514082,4880.424856889419,10.006174810307728,19192.39325941933,3.525045865841935,43.953780834416115,529.5711602207992,94.68291387200202,6.644617973790029,-0.529238703188789,0.848472978383548,10.847667615304363,-0.558660261287073,0.829396595398522,0.113534986586233,0.173220605805373,25.282829974151266,20.367726732405767,7.317635000721892,-8.574953153427186,-37.8024329517757,31.527665400716053,31.154262644885566,54.29028147895626,14.607769799853141,27.05189637648184,10.930918876040904,4.736611997444243,25.914463165194146,20.66151260231976,59.9330753018376,-0.496900698923905,0.867807406864527,-0.96620582269492,0.257771814189282,0.443029348555285,-0.896507108905825,0.008916069273386,-0.999960251064367,-0.218320536594692,-0.975877114856684,-0.025596351675154,-0.112943141086258,0.025307530266258,0.058349071530454,0.122640771132531,5959.528179272005,15445.521627218446,31493.381269065427,57865.33303821667,94507.51389967964,43.6293434714594,-5.363091777856096,-8.397504500495883,-6.205917696818949,-8.14681964267889,51.48743856162407,0.095057645388538,0.995471769591276,7.160272311921757,-0.010167434242619,0.999948310304549,2.478141738391204,-0.003475064591577,0.999993961944813,38.818666803288224,0.15777731043577,0.987474718821527,2913.3102568378795,0.0,0.0,1.7451501486543,1.7451501486543,0.0,,442.9454868564409,116.37927989417061,781.3436385670727,,649.3358497956762,,19.211989459700156,5899.089379165147,1.722715559211613,,7170.0,6.189174380130818,486.443497,5.7962541580200195,328.06462433291523,-158.37887266708475,-32.55853426838693,32.55853426838693,False,-0.40288818,-0.13075252,0.10061001,-0.16150016,-0.1364999,0.13403526,0.15232922,0.071474396,-0.07952769,0.038464587,0.3044591
7,Arouca_08082016,2016,138,p,2016-08-14 12:00:00,2016-08-14 20:00:00,227.5,227.833333,sat,16,9,333.5,41.6875,317.930052,317.930052,2522.539458,2522.539458,8.0,8.0,2,945.6475149476831,-0.580164337721227,-0.814499442133935,21.0,7.0,6.160781367392937,88.73027798647634,4.958677685950414,6.0,234,13.63855421686747,0.216466259241306,0.301780227121539,0.108934309134295,0.158598945420575,0.243798720921645,0.346919892666636,27.868171418050085,12.63585329575806,39.551658600448185,2319.3071018242267,964.9451127419626,5136.740643098409,9.383105110655048,19107.89608610543,3.704572579912431,41.74468324630207,531.8396406266363,93.80769809098618,7.799382809449979,-0.900143119041329,0.435594266769602,11.01345392719381,-0.915058655213198,0.403320787363377,0.03233129586294,0.036470680581073,24.559038873937546,20.088406345872947,6.679261186048084,-12.801780347531675,-37.86647336848765,44.4080833116028,39.644286276997754,57.64756983676097,25.382134091561987,12.888280471425336,11.105685685624081,8.76276911160866,20.311558583412538,18.735115835347592,44.03840803849588,-0.88538733098351,0.464854035299143,0.226604164414753,-0.973986936601252,0.527144939398458,-0.849775389656935,-0.135735580104503,-0.99074509955573,-0.217561067270626,-0.976046710976512,0.043573378829924,-0.04140088799605,0.108629906362076,0.024573965058015,0.047705953066748,5795.694300471327,15274.15309236434,31312.350230420663,57433.26412947415,93611.551224087,-42.454380875077554,-4.878109649750614,-8.62854906636756,-7.607177587002705,-6.986491303720912,-357.0936678385885,-0.320569367651038,0.947225042175202,4.758450019443199,-0.017152073586067,0.999852892365521,1.988551387857789,-0.005978642423454,0.999982127757678,28.9606685858581,0.009235308927948,0.999957353625146,3235.7577454393745,2.7802113230713,0.0,7.920719343607099,10.026101223126,170.46215375596162,,568.2449804776847,121.4848329799068,772.1514518603657,,729.3491644434926,,12.0715381247913,12285.30793751009,1.668770852747267,,8490.0,5.764971806013793,317.930052,5.917640686035156,370.53411339358667,52.604061393586676,16.54579712193633,16.54579712193633,False,-0.29758805,-0.14225544,0.14553753,-0.029686943,-0.166782,-0.009523372,0.074661106,-0.1795776,-0.064981796,0.032695685,0.28682607
148,Arouca_28052024,2024,2978,p,2024-05-28 16:25:00,2024-05-28 17:45:00,149.684028,149.739583,airb,1,1,45.0,33.75,1135.816409,1135.816409,11058.119256,11058.119256,1.333333,1.333333,5,235.9220681662088,0.124996227445735,0.992157216939097,32.0,4.0,0.0,0.0,98.9010989010989,37.0,223,16.69,0.313479434937238,0.362589864489529,0.243338385224339,0.292911303043364,0.326297742128372,0.38857421875,22.794824218750023,15.208154296875023,62.30611859996043,1044.2206709403035,967.84,4649.26171875,14.621802672718626,12658.736465024396,0.923843383789062,8.397225001543923,78.04291462852517,87.76950967260713,12.122664123882371,-0.613843144115841,0.789428017251718,17.472483541543678,-0.610065134816086,0.792351267609152,,,20.27301025390625,15.223968505859375,7.37628173828125,-11.335601806640625,-38.0609130859375,63.99257278442383,33.10786819458008,27.211225509643555,39.14402389526367,43.165977478027344,17.898475303586018,12.356160152293382,19.048479575014504,20.744103182020563,39.802042258240796,-0.586584869494798,0.809887764372182,0.036856538704757,0.999320566962726,-0.811788364665076,0.583951753995483,-0.833674089599972,0.552256744938129,-0.410093082275753,0.912043674321341,0.145511327952751,-0.098298345830036,-0.057414352653381,-0.059402241332219,-0.049639141834446,5890.79541015625,15210.69921875,31106.62109375,57326.1796875,93832.1875,,-5.509238148858493,-5.049848407518896,-7.306828070161079,-7.449369305498106,76.45337631543288,0.020500984956649,0.999789832722761,2.441324392470606,-0.001671370965753,0.999998603258572,1.547465023590417,-0.000963552732066,0.999999535782959,51.29265585615109,0.009341209793993,0.999956369948002,,52.4530029296872,0.0,0.0,52.4530029296872,0.0,,581.6320434570355,,864.9940328869164,,764.7319967235766,,16.141034297577903,8949.237823486328,0.732081775886741,,0.0,7.035987011055916,1135.816409,6.044029712677002,420.5884969905844,-715.2279120094156,-62.97038027819297,62.97038027819297,True,0.2817849,-0.1539223,-0.08552638,0.05918845,0.20479557,-0.031080516,0.14330944,-0.1093108,-0.06588429,-0.22073646,-0.09022108
148,Arouca_28052024,2024,2979,p,2024-05-28 17:45:00,2024-05-28 18:45:00,149.739583,149.78125,airb,1,2,10.5,10.5,203.258913,132.157731,1978.894903,1286.665642,1.0,1.0,5,275.66736169763516,0.787680981513019,-0.616083331508561,21.0,4.0,0.0,0.0,100.0,9.0,223,16.69,0.313286493271588,0.362503144804994,0.242600867152211,0.292505306005476,0.326219886541366,0.388543701171875,21.359277343750023,15.359033203125023,68.65786192285186,795.603830170397,967.745625,4649.26171875,15.787988035204148,7773.726315669212,0.959869384765625,8.397225001543923,78.04291462852517,87.76950967260713,9.770850793923765,-0.649070168728951,0.760728542954825,13.77427830234904,-0.641223618708122,0.767354071345726,,,19.261077880859375,15.41583251953125,7.49609375,-11.089569091796875,-38.02470397949219,69.95658874511719,29.644878387451172,28.084543228149414,29.46604347229004,52.93103790283203,14.621573263701825,13.557848659182907,20.25239085997358,21.945357197108223,48.07850368891559,-0.556266900385518,0.831003691649735,0.143809219110977,0.989605430714025,-0.81885025324576,0.574007197480445,-0.836808148587171,0.547496230542376,-0.364695297609027,0.931126919330476,0.131731046080631,-0.070693465158507,-0.047134170129451,-0.08358757057043,-0.064541267495103,5896.1572265625,15212.7109375,31112.8828125,57344.52734375,93882.828125,,-4.195721385061796,-5.096212603503979,-7.257539981422438,-7.507855192964008,69.52196222987106,0.045400378865544,0.998968871186117,4.027652167178688,-0.001361758994292,0.999999072805791,2.336309217946217,-0.00078728341754,0.999999690092362,41.53209208901991,0.012683958693289,0.999919555360263,,19.624633789061498,0.0,0.0,19.624633789061498,0.0,,428.3945190429691,,885.2675465891753,,758.2630766648313,,17.463100638139935,7310.786724090576,0.695392151158345,1135.816409,80.0,4.891534372910101,132.157731,5.875695705413818,355.27243513368455,223.11470413368454,168.82455717530783,168.82455717530783,True,0.25658137,-0.17773215,-0.09717536,0.07035974,0.025044661,-0.26835763,0.08649577,-0.12005067,-0.12045826,-0.25979438,-0.08660145
63,Avis_21072020,2020,1948,p,2020-07-21 14:30:00,2020-07-21 15:30:00,203.604167,203.645833,airb,1,1,80.75,80.75,2191.816581,2191.816581,27323.021936,27323.021936,1.0,1.0,5,157.29813701923078,-0.988802135825517,0.149232490386295,21.0,2.0,0.0,0.0,0.0,0.0,233,21.466117647058827,0.135136129453783,0.171378795689162,0.091159787774086,0.098362664878371,0.150137200951582,0.190554809570315,36.65078125000002,11.495019531250023,22.064656065706185,4785.967536927513,993.225625,1439.8795166015625,6.161585787804627,51323.055010325996,2.31622314453125,57.14818520411406,668.0785026109506,94.80172973733066,10.723652973892564,0.545574286173732,-0.838062466804249,26.939080127187562,0.933623453826376,-0.358255839401548,,,24.860504150390625,17.39825439453125,6.76580810546875,-13.112823486328125,-38.038116455078125,54.45439147949219,69.6239013671875,54.4765510559082,30.854713439941406,63.34453582763672,30.965668023369474,27.577763467553925,14.965082109638091,28.86369103437978,39.49456348917908,0.913900502475279,-0.405938260792738,0.638000033963279,-0.770036334638084,0.923282567659694,-0.384121465497208,0.289960074699181,-0.957038742726983,0.703348316814005,-0.710845373646692,-0.055625844689786,0.219093424916636,0.371366208000271,-0.380183816041075,-0.149213141993913,5609.05224609375,15056.6416015625,31030.716796875,57132.91015625,93309.6640625,-21.10682583105347,-8.142398713021844,-6.841792180426491,-7.762433052911492,-6.947635162468314,28.63937394381418,0.002823868422658,0.999996012875617,-1.654848707476049,0.000242950799516,0.999999970487454,1.688521645193426,0.002967167163969,0.999995597949822,80.38840125170177,0.002329085355455,0.999997287677025,2610.2216308593784,55.4852294921819,1.9006347656257,15.1910400390595,59.3902587890565,901.7500000000451,-177.52815551759227,1279.3798583984355,,690.1887412377312,,770.015707551824,,8.339509665052532,37158.80126953125,1.841935245547333,,0.0,7.69294210652511,2191.816581,7.441667079925537,1704.5912092818162,-487.22537171818385,-22.229294911889518,22.229294911889518,False,0.34224617,0.20070136,-0.070422366,0.1201743,0.1363197,-0.12280461,-0.061839804,0.09539828,0.22505133,0.117093876,0.21548209
63,Avis_21072020,2020,1949,p,2020-07-21 15:30:00,2020-07-21 16:30:00,203.645833,203.6875,airb,1,1,239.75,239.75,2416.51044,2646.658812,30274.975006,36131.718851,2.0,1.0,5,150.74899088541667,0.044993171925531,-0.998987294453778,21.0,2.0,0.0,0.0,0.0,0.0,233,22.340251046025102,0.135055259346967,0.171340834021984,0.091114714741707,0.098326137661936,0.150039917230612,0.190539550781253,35.93251953125002,11.058740234375023,22.294054976038893,4588.190044189283,992.996875,1439.8795166015625,6.26415141366421,33392.50729131859,2.369979858398438,57.14818520411406,668.0785026109506,94.80172973733066,7.277925929334281,0.872575122505525,-0.488479943891729,21.376703410242833,0.922741021113716,-0.38542055984861,,,24.463592529296875,16.860260009765625,6.12030029296875,-12.534149169921875,-37.77906799316406,56.374061584472656,72.22978973388672,70.85220336914062,30.841218948364258,64.62387084960938,25.857053767835676,25.357288677495244,19.380215721443466,23.539158226187375,4.974793733323937,0.904664411474583,-0.426124750057242,0.460794447776352,-0.887506888366782,0.991660950032183,-0.128874202931652,0.525116677454034,-0.851030243328424,0.350053267113976,-0.93672979571637,-0.043760675494611,0.096286101595487,0.256927440497808,-0.024805320023447,0.014891433828625,5635.66943359375,15071.7255859375,31003.841796875,57114.4296875,93367.609375,-20.560547110398428,-8.296340506842059,-6.910975180195846,-7.28440055976308,-7.036727147396556,26.373777191032925,0.002361454378587,0.999997211762722,1.35970550095489,-0.001571010251763,0.999998765962633,1.4844893740922,0.002029975845985,0.99999793959691,65.44797615403594,0.001678433763396,0.999998591429059,2819.9842773438227,50.2380371093747,10.082397460939301,27.9174804687487,65.0238037109369,664.850000000055,-155.22504577641794,1185.9051269530764,,692.487940702894,,760.4549163386854,,9.447966923883854,31028.46450805664,1.909341008739768,2191.816581,60.0,7.881431061323331,2646.658812,7.018656253814697,1116.284262115108,-1530.374549884892,-57.82288759496107,57.82288759496107,True,0.32949325,0.117238596,-0.07147253,0.11699662,0.13419363,-0.10903649,-0.057655107,0.08032884,0.13195893,0.11451426,0.12306578
63,Avis_21072020,2020,1950,p,2020-07-21 16:30:00,2020-07-21 17:00:00,203.6875,203.708333,airb,1,1,191.0,382.0,2222.230902,1503.600671,30806.024484,23243.160367,2.5,0.5,5,148.80006731396867,-0.475027672332392,-0.879970857766591,21.0,2.0,0.0,0.0,0.0,0.0,233,19.842358974358977,0.13628766573966,0.171757293288893,0.10942945182324,0.098318688571455,0.149973165988928,0.19052429199219,33.88198242187502,11.647363281250023,25.959419932607652,3903.7454113408567,993.451875,1439.8795166015625,6.960364028781923,33798.41283083078,2.369918823242188,57.14818520411406,668.0785026109506,94.80172973733066,8.657944939913927,0.918534186044637,-0.395341560005162,16.13832954131904,0.948468094832121,-0.316872644899376,,,25.31353759765625,16.892791748046875,6.1529541015625,-12.484161376953125,-37.860870361328125,50.658634185791016,69.98648834228516,63.970767974853516,33.39092254638672,68.8564224243164,19.009950153044535,21.34873191990729,17.107940057237716,17.10038423884146,24.079614779901124,0.925550023206136,-0.378625348521624,0.33466086694998,-0.942338635593537,0.970821557912604,-0.23980304979742,0.452247490679061,-0.891892486331448,0.225698736698776,0.974197146501968,-0.048806226801041,-0.094033734186223,-0.107712540331266,-0.103303434106434,-0.040058554539331,5598.6474609375,15045.2529296875,30964.02734375,57066.78515625,93358.328125,-14.397115613009017,-9.188257216224367,-6.910896630096761,-7.277631789356033,-7.07346212012894,17.864767116049286,0.00454538150518,0.999989669700129,1.788839158572501,-0.000266589100171,0.999999964465125,0.942961769722468,0.002624140926676,0.999996556936271,46.1460371823479,0.007082243303488,0.999974920600407,2774.5756835937605,63.2946777343745,2.0831298828131,22.7838134765613,69.8571777343742,601.4000000000499,,1492.378417968777,,719.0449521125279,,751.8048054206101,,10.751638467746915,22811.94076538086,1.306725730977241,2646.658812,120.0,7.316282807091727,1503.600671,6.842442989349365,935.774872612292,-567.8257983877079,-37.76440176832748,37.76440176832748,True,0.32105866,0.10550581,-0.08636155,0.10950703,0.009674866,-0.09586049,-0.056624055,0.110696375,-0.054567177,0.122839406,0.20458017
63,Avis_21072020,2020,1951,p,2020-07-21 17:00:00,2020-07-21 18:30:00,203.708333,203.770833,"airb,fops",1,2,149.0,99.333333,485.279989,507.589186,5760.563987,5826.275184,1.5,1.5,5,146.70425041876047,0.974338312098857,-0.225088546079869,21.0,2.0,0.0,0.0,0.0,0.0,233,19.119470198675497,0.136531599476938,0.171841699426359,0.113080435991292,0.098314960300925,0.14995809346438,0.19052429199219,32.15029296875002,12.081079101562523,29.685409697318335,3395.939345613311,994.2953125,1439.8795166015625,7.632815602565655,25890.23776792464,2.354278564453125,57.14818520411406,668.0785026109506,94.80172973733066,6.287305540131324,0.641333088449508,-0.767262581949501,15.281117204888849,0.930862910965008,-0.365368637118392,0.155166742672448,0.159825787970717,25.39031982421875,16.977432250976562,6.268875122070312,-12.434356689453125,-37.80693054199219,49.86756706237793,69.32781600952148,59.68762397766113,33.305559158325195,69.53901290893555,18.368713613687614,19.90767476724376,17.164518563264732,10.077303312292793,26.53274941562109,0.904839832613035,-0.425752131312123,0.300546486968753,-0.953767167169609,0.985562070585273,-0.169314515100357,0.575189512687728,-0.818020185871996,0.23883947129703,0.971059064604494,-0.068317754175317,-0.171883614369066,-0.145639210100785,0.035685049714302,-0.02218301281857,5593.5908203125,15042.5654296875,30969.8662109375,57071.896484375,93385.875,-10.842159574075616,-9.179682694937604,-6.89076816720616,-7.303449643382209,-7.072309500282874,17.977569333015786,0.004292870746394,0.999990785587925,2.05430140683291,-0.00106229587135,0.999999435763582,-0.138163034771625,0.001160779854342,0.999999326294838,44.20203719057703,0.006234320493109,0.999980566435163,2890.5628906251095,55.8660888671887,3.0667114257821,20.0396728515629,62.2589111328136,538.1000000000315,,1371.0698364257737,242.61716308600694,742.4887803944632,,747.6240297467548,,11.883142552404763,20295.768547058105,1.177088545440007,2646.658812,150.0,6.231640590473338,507.589186,6.330124855041504,560.2266614568622,52.637475456862205,10.370093947758416,10.370093947758416,False,0.31862444,-0.05984967,-0.08891644,-0.16427591,0.058845803,-0.049557243,-0.065003715,0.10543473,-0.076154545,0.15582022,0.0042267204
50,Baiao_04092019,2019,1773,p,2019-09-05 23:30:00,2019-09-06 03:00:00,248.979167,249.125,sat,1,1,207.5,59.285714,520.100971,520.100971,5401.743403,5401.743403,3.5,3.5,3,674.483718487395,0.988571977019244,-0.150749614434876,22.0,6.0,4.539722572509458,45.271122320302645,31.651954602774275,6.0,234,16.333058252427186,0.214163871951257,0.282253892265549,0.140568887528011,0.171483841494361,0.23376728209789,0.318280358040307,16.552393744423167,6.255090273778337,50.73161353723387,933.0359740571109,958.579074062142,5227.853578096244,12.012796839547022,13396.096561905513,0.014889944957241,39.38327495813117,658.8143761733618,92.13054230623186,14.386782177544097,0.993560240962137,0.113305108354653,29.410737467407014,0.994818791329332,0.101664017321996,0.000136368402532,0.000135825380131,15.873031934781684,13.816133951776694,7.786354061862212,-10.637496990537537,-40.66941072455477,53.52070493296903,29.23146778374645,11.635716374834697,10.776984702037147,39.431777121990066,21.922002223940773,36.89612476849536,26.77519915377429,32.674830285529104,26.292155262134965,0.99478930316937,0.101952156915872,0.985470447365038,0.169846982222679,-0.590107938481066,0.807324359190051,-0.614951088819001,0.788565253076957,-0.057265138637813,0.998359005516949,-0.157817817297464,-0.394981346417524,-0.005963330811722,-0.015442287102825,0.030503091577301,6009.949637081558,15196.659896372408,31088.131854391293,57354.37989762362,93598.10353059723,,-2.244374556947309,-3.880057305621937,-7.1943538824917,-8.371046234692944,984.3236223398617,0.04782651510085,0.998855657466737,4.721698958001753,0.029601451111251,0.99956178102812,3.498162209544015,0.014449925280673,0.999895594379425,159.2522504120564,0.003746060950032,0.999992983489064,,0.05187978056,0.0307616406663,0.0,0.0826414212263,0.0,,651.9610959355101,28.120457175341812,821.2001370275668,,598.1968925761968,,23.170348922016267,10961.031215395931,1.085718753397368,,0.0,6.255943825279389,520.100971,6.7127766609191895,821.8522520429775,301.75128104297755,58.01782689672724,58.01782689672724,True,0.052881513,-0.11217166,0.15014501,0.21676143,0.22697748,0.09310869,-0.1440841,-0.089988,0.20662892,-0.018105863,-0.12127475
50,Baiao_04092019,2019,1774,p,2019-09-06 03:00:00,2019-09-06 09:00:00,249.125,249.375,"fops,sat",1,1,253.0,42.166667,437.979052,389.745735,3792.697621,2800.71772,9.5,6.0,3,866.0348794291339,0.408585371020519,-0.91272010747437,21.0,7.0,36.023622047244096,62.00787401574803,1.968503937007874,6.0,234,12.481865079365079,0.22089245820304,0.290218856425641,0.138099674797513,0.176261380110968,0.241959154366543,0.326899490405852,15.009480977057368,6.747471826736257,57.84421936890864,722.9087299870143,962.9998855683494,4713.018406001335,13.61446722188946,11246.589857274052,0.648155286495639,40.03439302680072,652.8181717181951,92.23636531068362,15.382534604759686,0.999038325747593,0.043845452300633,30.93474431051892,0.997446707727901,0.071414741074736,8.3074286456e-05,8.8714720372e-05,13.907501361585584,14.038040693060891,6.741730120069612,-10.963205559883653,-40.294719624522614,61.44879692228233,17.46426729927311,15.103546172368214,11.837411522228184,32.47353890955285,27.60739500955937,31.906907771878643,21.002845217895267,34.87242530523464,37.070888478382585,0.998722504811763,0.05053076669236,0.998258794463695,-0.05898626345083,-0.598091452771675,0.801427859586543,-0.633635582570834,0.773631662033115,-0.373208241052634,0.92774759973303,-0.267139795326415,-0.400167643056255,0.013088095150581,-0.027259860278397,0.017100259717388,5988.494508103227,15144.420566851428,31010.204111900275,57234.423345771516,93492.77975251498,,0.142437377383231,-4.695047524068562,-6.913623671080787,-8.175817982938609,210.2759439651607,0.010092559594789,0.99994906882342,1.383889387820702,0.028656221594095,0.999589326155472,3.411615398706096,0.014074343731052,0.999900951518969,149.14401630339222,0.001488404684999,0.999998892325133,,0.0533175390254,0.0143590257409,0.0,0.0676765647663,0.0,,639.1057140563058,12.36200033934955,850.2949646325585,,616.8555859923264,,23.55152138313725,13804.848246134014,0.815207552581277,520.100971,210.0,5.968057054334788,389.745735,5.62391996383667,275.9729820865816,-113.7727529134184,-29.191532503471368,29.191532503471368,False,-0.348536,-0.16265194,0.15511766,0.20950064,0.07739418,0.016517796,-0.14975944,-0.19328491,0.1602629,-0.15626149,-0.087609254
50,Baiao_04092019,2019,1775,p,2019-09-06 09:00:00,2019-09-06 14:00:00,249.375,249.583333,fops,1,2,38.5,7.7,77.997282,86.215987,1205.707991,1332.755465,5.0,5.0,3,792.9377097315436,0.349094088789327,-0.937087678487104,21.0,7.0,39.58333333333333,23.61111111111111,30.555555555555557,6.0,98,12.435128205128207,0.22079906594358,0.290146456900088,0.137422711911862,0.176058182274045,0.241954524766944,0.326838198146918,21.173199604723777,5.793843200447321,37.8888586042013,1617.1199190251139,962.9576061229267,4710.790354348023,9.829787092490598,24937.48532554161,0.508571377915,40.03721086980763,652.7922219502422,92.23682328079293,15.894541478495944,0.995683220771858,0.092816614209842,25.337945064050732,0.995941396274847,0.090004084274593,0.000670281489375,0.00070763172978,18.114185970781207,13.218316160213822,6.20117340438382,-11.231526380146851,-40.15662695885301,41.704568983521284,24.819553271108457,17.95094482385962,17.577425361067885,37.523570586023276,22.669737102713555,24.249898067367447,16.549297506368955,29.425244094335124,32.68246928289824,0.997114546838106,0.075911662370405,0.997179407864369,-0.075054836827929,-0.385866326881002,0.922554701781614,-0.636012194465478,0.771679006123146,-0.536195363853728,0.844093911707559,-0.204123815853741,-0.235595641159251,-0.005617674659677,-0.01098206396934,0.030141894335247,5991.734841607668,15205.513778451294,31028.34804142314,57207.35453843352,93453.2266784454,,-5.342105309914746,-4.515407943810763,-6.807317917434779,-8.062534956379677,93.80540110501524,0.008791787700925,0.999961351487657,-0.551526510723978,0.030487664395841,0.999535143113881,2.230825739005573,0.014154700175473,0.999899817213176,80.36966331089299,0.001994690568127,0.99999801060279,,0.0,0.0009597692517,0.0,0.0009597692517,0.0,,894.6544164937908,104.74179192034444,766.9893586107619,,633.459931379945,,17.86665487942037,11339.88271970537,1.402196027786207,389.745735,570.0,4.468387651266695,86.215987,5.9779510498046875,393.6309600373895,307.41497303738953,356.563769359144,356.563769359144,True,-0.16508013,-0.07886784,0.07583237,0.018893639,-0.08736216,0.1005712,-0.15783143,-0.19281487,0.11861279,0.003759365,-0.11344346
50,Baiao_04092019,2019,1776,p,2019-09-06 14:00:00,2019-09-06 17:00:00,249.583333,249.708333,fops,1,2,31.5,10.5,110.825917,295.535779,828.423729,2209.129945,8.0,3.0,3,769.7685777559055,-0.227036201540289,-0.973886319438854,21.0,7.0,8.661417322834646,89.76377952755905,0.78740157480315,6.0,234,13.838709677419354,0.220387209646404,0.290304629692879,0.135380411893128,0.175204521417619,0.241830043494702,0.327297973632812,25.257043457031273,2.587121582031273,22.9762284016774,2474.5006816858318,961.48484375,4675.37890625,7.423110260121645,29827.555084731543,0.543910980224609,40.08199614273402,652.3797903714413,92.24410201005004,12.072613176403575,0.975853893041937,0.218424310540048,18.025821777149247,0.980667927067155,0.195679372499527,0.000968570954156,0.000949799546502,22.476348876953125,13.344841003417969,6.25701904296875,-11.177444458007812,-40.56019973754883,25.332247257232666,37.52416706085205,18.584757328033447,15.670783758163452,33.67268085479736,15.793686145232671,25.203420575989416,14.533475896216066,23.161239068800604,32.01282473868538,0.985661330199052,0.168735716877711,0.989182357414056,0.146691048741126,0.033920959479225,0.999424518664621,-0.380258162162229,0.924880386919846,-0.534327775636996,0.84527736760357,-0.13758966576328,-0.191598276448665,-0.025861213114981,-0.036050472311545,-0.011386421328511,5854.6124267578125,15170.760986328125,30969.87744140625,57153.9521484375,93398.267578125,,-9.9638018546672,-4.56088876885664,-6.808006633394544,-8.19010087489368,43.610992236465826,0.010643420243066,0.999943357198561,0.631298981862756,0.00170858600298,0.99999854036587,2.049628317963823,0.015592582632924,0.999878428293578,55.500593178495734,0.002135526472594,0.999997719760743,,0.0,0.0,0.0,0.0,0.0,,1355.9464294433565,73.7458658854157,686.9773383136775,,602.3967827001949,,15.227117705352526,7898.215174674988,1.802928424616311,86.215987,870.0,5.692167882321176,295.535779,5.938683032989502,378.43489710518486,82.89911810518487,28.050450739226697,28.050450739226697,False,0.06574816,0.08873032,0.11622667,-0.031105844,-0.038522393,-0.048183784,-0.13969433,-0.16710226,-0.07083671,0.14891863,-0.12093917
151,Baiao_16092024,2024,3008,p,2024-09-16 15:50:00,2024-09-16 18:50:00,260.659722,260.784722,airb,1,1,133.25,44.416667,676.025415,676.025415,5968.99713,5968.99713,3.0,3.0,3,894.5209703947369,0.822872451517077,-0.56822612447359,22.0,7.0,0.0,84.3984962406015,15.601503759398497,5.0,234,15.84639097744361,0.216135027944244,0.291773876360914,0.126028555639125,0.161440571271942,0.240847929281108,0.331794431078729,28.053441865636994,0.617125074181905,16.902383460413066,3148.415101069859,960.2827141424409,4761.265530257789,6.329575197131651,30237.395630449155,2.086276774341529,58.66359679565826,758.2677957137133,94.07004593784298,9.48754396403713,0.955118009459595,0.296225569466818,18.424634712289535,0.973347750254067,0.229334160288751,0.002696050480457,0.002714983321154,27.143099943741248,18.821262568415463,8.648709019732406,-7.097785084657249,-36.84827967856882,14.998257263206057,15.513535062595793,12.721183719581498,42.93804792886258,79.24200756639412,13.405927780960482,38.95197845544972,22.359265365109266,46.00053050492732,56.48853683603179,0.973614739846944,0.228198024427837,0.994455861346929,0.105154837419579,0.966869040662073,0.255272909273984,0.853485300798951,0.521116917131006,0.827192913597411,0.561918040014935,-0.099497215636782,-0.317205549820569,-0.018084608957437,0.007498031109544,0.084956144084762,5605.453842700778,15073.096272602665,31094.096689909435,57614.56062177639,94475.47230698635,,-9.080333699850328,-6.545859290720784,-6.148869238757367,-8.292603926486537,30.78259272664157,0.021911359822743,0.999759917335516,4.329088757745996,0.000111155488394,0.999999993822229,6.789206580693531,-0.000925245571844,0.999999571960224,77.0773948241981,0.008009240695334,0.999967925517356,,35.7169138906327,0.0,0.0,35.7169138906327,0.0,,977.984488849714,207.6358771616928,640.2044335786422,,502.49202667502374,,16.2893327067673,6714.184063362899,2.728735815002428,,0.0,6.517708812828028,676.025415,6.556893825531006,703.0812951320249,27.05588013202498,4.002198664679638,4.002198664679638,False,0.09796731,0.11896665,0.12623446,-0.0351354,0.2651425,0.048688397,-0.12433969,-0.07926377,-0.050560478,0.14230226,-0.094817705
151,Baiao_16092024,2024,3009,p,2024-09-16 18:50:00,2024-09-17 03:00:00,260.784722,261.125,sat,1,1,853.75,104.540816,476.904379,427.488333,4028.466314,3890.471716,11.166667,8.166667,3,775.1156432748538,-0.777312573583596,0.629114586501415,22.0,7.0,3.54035403540354,66.33663366336634,24.902490249024904,8.0,234,16.044200700116686,0.216110862895937,0.291767872215363,0.124288795341661,0.161422082845296,0.24098890253404,0.331798035876436,19.900731877104338,2.391904624906846,32.19330493576167,1617.4994037712427,960.8335181662286,4700.597184490638,9.193829673681629,15954.527818472927,1.131012439900302,57.06781814998182,759.3616008270171,93.64159263750793,10.46674913626901,0.989001081114602,0.147908287645244,25.033037815221437,0.993650631534515,0.112509654923738,0.00622938886385,0.008285245113414,22.669334058586653,17.508468899573145,9.246444019772541,-7.485647803980013,-36.52078854042296,24.589749764096155,24.43574013773741,21.903284576899456,37.49639246908794,42.831937058379744,18.385457993632887,54.063821616854845,27.90190195696716,42.40329625858756,57.06327327328326,0.995735061808389,0.092258802753147,0.996221746054162,0.086846028629963,0.619204623052738,0.785229670090297,0.651653086003948,0.758517142523181,0.73005419366459,0.683389255338965,-0.168415779219464,-0.580939253174786,0.042177256704635,-0.041381218423737,-0.062310510188152,5599.447188346385,14977.359345485103,30973.55195026681,57511.95950917982,94403.50871588761,,-5.631253737632576,-5.316467695233763,-6.533736591337806,-8.093207368942059,116.53418689137945,0.021192214915896,0.999775419795345,6.470657518398168,-0.004859280679287,0.999988193625945,6.290122773383973,-0.002394487956279,0.999997133209604,146.57424513264186,0.008830541694891,0.999961010006578,,17.8556791712226,0.0,0.0,17.8556791712226,0.0,,484.5826463972543,141.51227959962412,740.3603900021076,,500.06061063984504,,22.742148274403032,9224.22753958803,2.092681142562542,676.025415,180.0,6.060263510129236,427.488333,5.745882511138916,311.89964343941364,-115.58868956058637,-27.039027883969496,27.039027883969496,False,-0.35729563,-0.15578766,0.14335997,-0.043619137,0.07810212,0.07331844,-0.17844981,-0.13999467,0.11255298,0.055444457,-0.10310208
151,Baiao_16092024,2024,3010,p,2024-09-17 03:00:00,2024-09-17 11:40:00,261.125,261.486111,sat,1,2,1093.5,126.173077,533.203846,536.286307,6519.715289,4614.858264,8.666667,8.666667,3,748.9170285714285,-0.19406896796082,0.980987887628906,22.0,7.0,7.954818553232395,23.14347512617159,61.88416246094689,11.0,233,19.940539798719122,0.21602265959898,0.291705151892473,0.123435785600149,0.161435485728319,0.240945420283364,0.331748798608607,16.829256926503756,6.011200673712556,49.0961165881828,989.9288543241738,960.1514455755738,4680.308500817828,11.765953930166122,14621.359279822875,1.080446818663379,54.864841566046934,762.1168791734908,93.08408171434061,14.423081320723957,0.997326659269355,0.073072119927019,28.967267732823895,0.992298653321511,0.123868408467678,0.00065814067618,0.000676760351897,16.46982031613685,15.531064067770801,7.37017043044404,-7.564157613663159,-35.852727987325494,47.1373424982294,24.977950663688674,18.165865186975445,29.472417959960936,37.679258729792544,21.632362741438634,42.13102958090084,26.03844711640358,60.38452551920093,77.75118207156686,0.994760599080822,0.102231846879357,0.997383215784591,0.072296064008957,0.44543453364375,0.895314512468985,0.525031194571997,0.851082983454788,0.512249723486114,0.858836550682608,-0.217815319420944,-0.553169136862729,0.161353396670964,-0.151238052971726,-0.033896248720842,5510.259931961727,14739.989850146467,30653.84600501316,57087.459878980444,93998.88123454443,,-1.024319463783036,-5.251391519427811,-5.831725443336811,-7.885109574054976,79.21277429098978,0.007423564185099,0.999972444967755,3.730276539155657,-0.006823946017113,0.99997671660932,8.657042231974556,-0.003075285260502,0.999995271299103,136.49746670030876,0.000869617537405,0.999999621882598,629.0487402343742,11.4784957139013,0.5788562737735,0.0,12.0487590966108,0.0,,607.8816821958497,68.64485989992923,816.2821641217722,,568.313071746784,,24.251457618806413,10820.750032312055,1.178996632105347,427.488333,670.0,6.286531112578467,536.286307,5.839272499084473,342.5293318317475,-193.75697516825244,-36.12939070776097,36.12939070776097,True,-0.4214797,-0.14536244,0.1482094,0.068790436,-0.008954146,0.13072209,-0.17890643,0.12550277,0.18426111,-0.008276019,-0.1200578
8,Boticas_05092016,2016,155,p,2016-09-05 16:00:00,2016-09-05 18:30:00,249.666667,249.770833,sat,1,1,120.75,48.3,394.376321,394.376321,3605.624949,3605.624949,2.5,2.5,3,829.5228040540541,0.23635439862538,-0.971666917338671,22.0,6.0,8.708708708708707,0.0,27.027027027027028,26.0,233,18.308782608695655,0.218161026950677,0.297553792575926,0.134046144088109,0.1660040752093,0.24155130704244,0.339560546875,31.44464518229169,11.200830078125023,28.955623994846167,3271.5787125931515,946.6695833333333,6943.54345703125,7.605589097080217,16892.8765294432,2.742289225260417,34.22868485970598,706.4210226318623,93.39128065511075,5.00708572129231,-0.987019220129202,0.160602176496899,6.422434998870179,-0.97437374638781,0.224935106975732,0.02477118210342,0.026560626009384,30.88507080078125,22.2337646484375,10.749186197916666,-5.935791015625,-33.94544474283854,28.662152608235676,39.72355524698893,32.486576080322266,19.401785532633465,41.439117431640625,3.653206115402781,6.053323324227149,41.15672272805847,38.761698854308605,50.627617237716876,-0.972927757326187,0.231109452477037,-0.992123788565569,0.125261279581129,-0.92046057248718,-0.390835431475413,-0.316647461313402,-0.948543296451869,0.445236936415549,-0.89541279332568,-0.006781988156524,0.089779209810142,-0.107609223888074,-0.141978001920939,0.000977914358066,6125.53271484375,15716.0546875,31921.190104166668,58463.798177083336,95683.79947916667,,-9.4398320058224,-7.39012423877443,-6.515338745093352,-7.807364806814132,5.53725524127782,-0.005061158032603,0.999987192257665,15.808631091722127,-0.004610853319699,0.999989369959333,6.993722051329866,-0.005226024067968,0.999986344242981,22.227183633979347,0.002624734472587,0.999996555378541,,0.0,0.0,0.0,0.0,0.0,,951.4220149739441,359.6330493164078,704.4288241931987,,943.9775108708869,,14.182179373411913,1914.87451394399,2.01021195692481,,0.0,5.979838022752069,394.376321,6.671144485473633,788.2984283152614,393.92210731526137,99.88482734369373,99.88482734369373,True,0.18757874,-0.12844013,-0.096555784,-0.026513562,0.1294287,0.0969639,0.048736203,0.026025295,-0.23558278,0.14724629,0.2463384
8,Boticas_05092016,2016,156,p,2016-09-06 13:30:00,2016-09-07 00:30:00,250.5625,251.020833,sat,2,2,1524.5,138.590909,501.038904,501.038904,6894.984553,6894.984553,11.0,11.0,3,663.7987534853206,0.181158129316451,0.983453980714179,22.0,6.0,7.595843783590111,8.61698316015765,59.63812253672519,14.0,4,23.14910891089109,0.215998339626816,0.29620837964669,0.13168687089613,0.164251561188912,0.239288098353355,0.33864755426038,28.598792797465833,12.581429798352655,41.508969264430895,2561.7785453841284,943.9019376440992,6737.889951757699,10.03265044358864,23127.370504077568,4.193673832032655,46.86272463938446,718.5308886194057,93.76508546381548,5.97567753770319,-0.539317788281141,-0.842102323499668,10.100500007870071,-0.596454793532012,-0.802646671501654,0.199122468657711,0.187251522013122,31.613400559216924,24.5046742190749,10.11732655500959,-9.434539806653815,-36.020091773543754,38.33384518990457,28.87305117962552,46.3550016884092,20.11776457213715,43.132239473319764,5.328999592235815,19.7576457086858,44.75068096915737,57.27591988721646,55.86836176168091,-0.570348887471962,-0.82140254842525,-0.438342121977161,-0.898808202065691,-0.436902482600838,-0.899508877497729,-0.576879411648087,-0.816829323920583,-0.725192475500175,-0.688546202863634,0.004042628572547,0.067929069904106,0.172606202928626,0.011529220208474,0.110455198775031,5692.800812635393,15307.384702563273,31553.36163181175,57941.74218087173,94679.77224328996,,-7.756653301204199,-9.25800517293361,-7.634834067477455,-7.410413024648039,13.670129376766527,0.003519648997244,0.999993806016285,15.756408138691318,-0.003030414112146,0.999995408284613,10.453969016082992,-0.000810024140235,0.999999671930392,40.9895340589693,-0.008397759560008,0.999964738195489,4022.9322148955607,12.2292640583591,0.0,6.065242098794401,14.5027502154909,155.63109772453228,,793.2523897291452,446.91466998476056,751.299344005224,,946.1461372332021,,12.758841191763121,7924.536116501412,1.696538790717529,,1290.0,6.218677614696881,501.038904,5.9225921630859375,372.37831803022357,-128.66058596977643,-25.678761657553128,25.678761657553128,False,-0.42184567,-0.08692149,0.1388102,-0.20039223,-0.00043958484,0.16088098,0.18297361,0.043284394,-0.1019399,0.026858177,-0.010895754
149,Braganca_10082024,2024,2982,p,2024-08-10 18:52:00,2024-08-10 19:50:00,223.786111,223.826389,fops,1,1,0.75,0.775862,167.467262,167.467262,2588.764759,2588.764759,0.966667,0.966667,4,863.6136474609375,-0.943199293365533,-0.332227471764089,31.0,7.0,0.0,0.0,100.0,45.0,233,26.5,0.265927084499592,0.343195172529727,0.188778631091113,0.229953396320337,0.283919954299922,0.384077758789058,31.024560546875023,9.275537109375023,26.02458827271296,3321.2421785135953,916.956875,8727.5380859375,7.254838773856035,10602.331710921515,5.162185668945312,36.4272923931052,468.77392959911646,93.00201208622127,3.19227901521669,0.962613510145991,-0.270878626112166,6.984440772744177,-0.961333333747115,-0.275387402447274,,,34.19561767578125,26.26568603515625,9.941314697265625,-8.443145751953125,-36.48081970214844,24.07440757751465,25.11252212524414,59.22063446044922,44.67118453979492,51.547569274902344,3.066143826196311,10.183617054252997,22.15312589066093,20.78594157292217,37.12312628912213,-0.985862401423469,0.167556931994924,-0.69148693745873,-0.72238896401035,0.229795696648157,-0.973238890407688,0.158759381877315,-0.987317303943334,-0.211518247864554,-0.977374048571124,-0.004851028552773,-0.123204615449623,-0.266982286958509,0.214993675739408,0.774287104936306,5578.05224609375,15183.3349609375,31475.0703125,57903.96484375,94746.46875,,-8.652707601253462,-10.50444583809944,-7.178972193933594,-7.815175117677575,2.678016773579782,-0.006053905072785,0.999981674948781,8.558865257152842,-0.015222712551602,0.999884127798102,3.584922545202433,-0.006625703483426,0.999978049785769,33.12464070631737,-0.063172531902864,0.998002620844746,3399.6829785156383,65.5703125000025,0.0,19.962280273437898,70.4102783203147,0.0,,56.3284391784635,,667.0356337808433,,949.3356432606626,,9.777140976437465,1533.0718755722046,3.331501166744163,,0.0,5.126741440114326,167.467262,6.4192070960998535,612.5164616214901,445.04919962149006,265.7529563130315,265.7529563130315,True,0.2651797,-0.17346038,-0.11186166,0.060612384,0.12253412,-0.3073213,0.03038412,-0.0017598574,-0.3170156,0.14897357,0.21714036
149,Braganca_10082024,2024,2983,p,2024-08-10 19:50:00,2024-08-10 20:40:00,223.826389,223.861111,fops,1,1,6.25,7.5,289.051961,467.619237,4468.261571,7228.614034,1.8,0.833333,4,922.719765625,-0.964987358349656,-0.262296393847403,21.0,7.0,0.0,0.0,100.0,45.0,233,26.5,0.265931204140181,0.343193404752898,0.188759346008296,0.22995410561561,0.283927344083781,0.384072875976558,29.184228515625023,8.927148437500023,28.244740135521905,2899.413634423878,917.0425,8727.5380859375,7.736372326597435,16850.51091652054,4.62603759765625,36.4272923931052,468.77392959911646,93.00201208622127,5.81169610174258,0.978005293653956,0.208580069960768,5.38569141058872,-0.3448554271894,-0.938655812498925,,,33.84417724609375,25.943695068359375,10.691619873046875,-8.63214111328125,-37.22404479980469,23.812477111816406,25.67013168334961,49.93069076538086,61.92363357543945,94.61912536621094,0.466483641736492,9.941333872861929,26.318395630404236,23.320176574115017,35.86962948066541,0.806714420232077,0.590941489649884,-0.064055843583624,-0.997946315641673,0.581311380324847,-0.813681190089104,-0.262861159035675,-0.96483367015793,-0.169554024570502,-0.985520894122466,-0.009324400009393,-0.158807721942342,-0.688709326670431,-0.25570139326914,0.507697144724663,5574.50634765625,15169.515625,31456.12109375,57980.4765625,94681.6484375,,-8.620573958372972,-9.814442130209617,-7.545760898790127,-7.969660202728591,2.044233675418395,0.128788843404158,0.991672039443797,11.853551112732264,-0.00828430930303,0.99996568452091,4.728935401914981,-0.000448230100221,0.999999899544884,46.709987527921925,-0.006619522780331,0.999978090719072,4802.253457031312,95.593872070313,0.0,19.9788818359381,96.3308105468754,0.0,,27.753535308837016,,681.125767321018,,949.5816890992136,,11.831738790373151,233.24182629585266,3.197010027053226,,58.0,6.1497905773010775,467.619237,6.324151039123535,556.8839908830759,89.26475388307585,19.08919625628572,19.08919625628572,False,0.27825367,-0.14191917,-0.10022778,0.0674853,0.10041221,-0.29727247,0.016470058,-0.0014399956,-0.3112339,0.13806868,0.2538481
149,Braganca_10082024,2024,2984,p,2024-08-10 20:40:00,2024-08-11 00:30:00,223.861111,224.020833,"airb, fops, sat",1,1,25.75,6.717391,158.93868,105.525842,2456.92709,1631.253648,5.633333,3.833333,4,949.9240654205607,-0.816589917466842,0.577218248751281,22.0,7.0,0.0,0.0,100.0,45.0,233,26.5,0.266004824671144,0.343205906374433,0.188590761125083,0.230042857527727,0.284020099043841,0.384053039550776,25.447167968750023,9.839685058593773,37.60843895604638,2042.6223320428178,917.00515625,8727.5380859375,9.364814023235212,13995.113787161019,4.382240295410156,38.22318125810315,470.95659624288203,93.17200066296584,6.747842790494147,0.635822809006772,0.771835057215424,7.717825252956342,0.896650368480786,0.442739332681511,0.020766250525042,0.021628866175023,33.091575622558594,25.96007537841797,11.195594787597656,-8.91497802734375,-37.282814025878906,37.828197956085205,25.618503093719482,49.26040744781494,41.21911430358887,35.519737243652344,6.7116999504393,15.603350721996387,30.47928553909468,19.519569053156477,31.161522964107522,0.468573432401698,0.883424551643937,0.589900315914676,-0.807476078459149,0.407524960062064,-0.913194068600105,-0.105216080564244,-0.994449383523716,-0.515733537689911,-0.856749040327358,-0.087982235260644,0.031602263285051,0.05012605458219,0.092163499411434,-0.046802334347063,5546.812744140625,15124.797607421875,31421.03271484375,57939.6015625,94570.1015625,,-7.781502939406558,-9.500683578175874,-7.853004086866002,-7.907203943947917,-4.090599044091467,-0.002876614354321,0.999995862536369,12.03600939569672,0.018803538094483,0.999823197848064,3.068507221518492,0.010485825936771,0.999945022215934,27.71085136794192,0.127571857570466,0.991829330659273,5379.2092871093355,31.4547119140623,0.0,4.5047607421875,31.9068298339842,41.19999999999923,,32.24528274536228,18.888965911865245,728.4566372454158,,949.6998603285163,,13.986477389081841,6257.467806339264,2.666168134982581,167.467262,108.0,4.668387603602566,105.525842,6.156206130981445,470.63535355435266,365.10951155435265,345.9906167385546,345.9906167385546,True,-0.1057031,-0.16098744,-0.115477115,-0.042506613,0.04570514,-0.29522666,-0.11376078,-0.0037802756,-0.20276952,0.04269905,0.29232395
149,Braganca_10082024,2024,2985,p,2024-08-11 19:00:00,2024-08-11 22:30:00,224.791667,224.9375,fops,2,2,98.5,28.142857,566.275687,566.275687,7627.561908,7627.561908,3.5,3.5,4,949.2355398457584,0.567186556329481,0.823589345680907,22.0,7.0,0.0,24.22680412371134,75.77319587628865,30.0,233,23.278350515463917,0.265271607822174,0.34266330806235,0.190650179684157,0.228793080747122,0.283166039288039,0.383611297607417,26.246728515625023,13.750817871093773,46.63337647349528,1845.7042472997446,915.305,8727.5380859375,10.494199595885865,17447.829953576616,3.366561889648438,43.610847853097034,477.5045961741786,93.68196639319957,8.954033558206005,-0.798168347864324,0.602434468193459,18.450465938981004,-0.782157237331306,0.623081099127762,0.011496935984999,0.01030175286115,28.261215209960938,22.021896362304688,9.288772583007812,-7.221244812011719,-35.451805114746094,47.98763656616211,44.802245140075684,54.59480381011963,10.334320902824402,26.224975109100342,8.533878796057685,22.306856299192432,27.294196095437584,35.510345788664374,30.96273029045364,-0.832849314723628,0.5534997912957,-0.777523650598506,0.628853697420928,0.107054664041519,-0.994253136231894,-0.56177915990774,-0.827287238807268,-0.879427375484772,-0.476033077892666,-0.038047261412753,-0.232704224300414,-0.066272268062119,0.089501788611636,-0.001794218590076,5436.9095458984375,14911.795166015625,31090.658203125,57550.0947265625,94536.056640625,,-6.808003406130778,-8.193541198060206,-6.447018454938769,-7.868939942305346,2.857559517747508,0.00033892725021,0.999999942564158,8.373133051032628,-0.018918924584404,0.999821021129567,5.534089896538251,-0.005922713616438,0.999982460577893,100.92437538512857,0.014398792366783,0.999896332015664,3933.6669262695527,0.0262451171875,0.0,2.9237060546875,2.9237060546875,3.214999999999624,,450.238519592284,225.55144042968854,761.9788970153031,,949.3757367956754,,14.87214478770209,4314.346611499786,1.892212802472349,,1448.0,6.34084540601944,566.275687,6.56435489654541,708.3541417559447,142.0784547559448,25.089979672029393,25.089979672029393,False,0.07861497,-0.1106799,0.12554063,-0.04743013,0.036589053,0.09867233,0.13813676,0.03574772,-0.052666094,-0.020353582,0.102616824
149,Braganca_10082024,2024,2986,p,2024-08-11 22:30:00,2024-08-12 02:15:00,224.9375,225.09375,sat,2,2,276.75,73.8,513.44781,465.570098,7298.543932,6913.284869,7.25,3.75,4,886.0723594741614,0.999443303235409,0.033362907815322,22.0,7.0,0.292397660818713,12.670565302144249,83.72319688109162,28.0,233,24.782810218978103,0.262406697243283,0.340020007560592,0.187981098446793,0.225839359717415,0.280307992793542,0.381085251114724,21.3244337137697,15.337963783462554,68.98294439145995,799.0638602888375,916.8627063382761,8587.234195033721,15.843810675648083,4573.746771641901,2.752711073914571,42.473761701607,487.18037804423295,93.64521313908908,5.569357095322422,-0.570459971316949,0.821325405137979,10.989514814672951,-0.706467449719084,0.707745535123616,0.011613787363026,0.011440439209149,26.031683134082215,21.49325098316244,9.9878288353333,-7.647415231471279,-36.03677780771311,64.64506209406305,37.159251088642264,25.6162011323787,5.742401579888877,23.624713072566614,5.208951530021643,19.322586525278595,40.243794457558316,32.22918261453442,48.00081936021454,-0.692912746090777,0.721021446494442,-0.980031832088273,0.198840660061526,0.069293746656806,-0.997596299448962,-0.519445707996252,-0.85450345607509,-0.560634046991106,-0.828063684359105,-0.035684629440834,-0.107824778262902,-0.012479153435758,0.050021123834162,0.019361500052539,5456.804868283364,14884.158852517296,31039.643928006415,57472.209360417444,94386.22915637353,,-4.952088889248178,-7.403536791387261,-6.886409701199715,-7.913204226808785,1.599272858532779,-0.000469911331422,0.999999889591664,16.16067744216584,-0.019976013109527,0.999800459541927,5.62818953760231,-0.006793025692045,0.999976927134795,58.25920815938011,-0.001212311659103,0.999999265149951,3841.430137586173,0.0,0.0,2.0524540609526,2.0524540609526,0.0,,69.9580266463353,8.97702425970808,839.0810163771147,,949.7707169701457,,18.82659017431856,2647.37680091032,1.493211455657218,566.275687,1658.0,6.14540827266454,465.570098,6.011545658111572,407.11363717494,-58.45646082505999,-12.555888162959297,12.555888162959297,False,0.018586028,-0.21724455,0.2080513,-0.02913227,0.022399647,-0.00057332334,0.11610133,0.024565756,-0.12858003,-0.2245043,0.23148239
149,Braganca_10082024,2024,2987,p,2024-08-12 02:15:00,2024-08-12 06:00:00,225.09375,225.25,"airb, sat, fops",2,2,36.5,9.733333,364.154937,145.478296,5629.228402,2193.837789,11.0,3.75,4,792.5893522350993,0.485588042699804,-0.874187767465876,21.0,7.0,9.803921568627452,0.0,82.35294117647058,12.0,233,22.935135135135134,0.261358942394296,0.338877023392071,0.187227642728063,0.224778449395662,0.279235462542004,0.379891881062852,18.131650255253582,15.160631337423908,82.84632953049996,358.9158022414644,917.3846661924131,8521.453608386928,18.395094028885133,1885.046762061621,2.517815101422752,42.22494535117849,490.9094910257441,93.64143097562456,5.234927570353486,-0.434185059294124,0.900823697671058,8.275351891739486,-0.600875602067488,0.799342549123987,0.002404767579394,0.002415033219073,24.07024608910315,19.991426089442502,8.955795886596995,-9.223532323472611,-36.03452855103183,75.72710018740352,38.49398178384922,21.763086474097435,19.522705986377716,18.17373997211322,4.747108730906167,8.713697666591004,32.65258564697618,37.922775265450724,56.01253152879802,-0.558384891557107,0.829582010943317,-0.996070574249645,0.088563034692713,-0.477113102348702,-0.878841901349268,-0.714260237298331,-0.699880213618396,-0.390751872623141,-0.920496047814171,-0.043538254787542,-0.037316700658044,0.105009475246366,0.017588369410458,0.035072092412749,5468.265856396945,14848.142544953358,30927.3270270912,57277.85752191485,94073.11116194465,,-4.450585252766029,-7.101233937628871,-7.098869835477184,-7.473252987033488,1.625335818978019,-0.000871977252864,0.999999619827763,13.144055545995743,-0.016352517463841,0.999866288646934,6.94841946289224,-0.006444684500377,0.999979232805207,34.697970698652796,-0.009045715569256,0.99995908667797,,0.0,0.2266318810082,0.8269855037367,1.0536173847449,0.0,,54.492038366820374,1.990890277561258,877.5826869780781,,949.843568796171,,19.74904580336653,2396.9253732949865,1.141033801684795,465.570098,1883.0,4.9868772673111526,145.478296,5.724969863891602,305.42403067641357,159.94573467641357,109.94474026312047,109.94474026312047,True,0.015467914,-0.27956396,-0.09458181,-0.035246152,-0.091266416,0.0007683288,0.15720463,0.026915109,-0.26173633,-0.299066,-0.04695978
9,CabeceirasdeBasto_06092016,2016,164,p,2016-09-06 04:00:00,2016-09-06 13:30:00,250.166667,250.5625,sat,1,1,576.0,60.631579,292.20315,292.20315,2934.215827,2934.215827,9.5,9.5,2,786.2280112651647,-0.802255814124385,-0.596980408978068,21.0,7.0,14.821852731591449,26.65083135391924,52.73159144893111,11.0,233,16.643512110726643,0.219589329698342,0.297182992111933,0.11703748533356,0.166096258151421,0.245161793768326,0.338237839949811,25.6338340098579,12.078458702596294,46.11392250798484,2037.6874687042364,948.844918652793,6301.842049998626,11.177714337928169,18378.519354106946,4.138431770061383,45.96999276172291,714.7157651340183,93.71321427044431,7.576041940613813,0.999896537044095,0.014384547515571,13.393701698190803,0.994416499487647,-0.105526421083701,0.098157558549927,0.09218935451359,29.896135380136762,24.858025332779015,10.58116179265625,-9.120189836585316,-36.007246979139225,35.92074586891952,23.961679548287044,47.36348865451277,14.59158921991629,36.140586543616045,8.578160614639936,25.633409308012403,28.79795182712146,51.18737710988983,94.11118168746015,0.999999961396708,0.000277860724947,0.673273370858145,-0.73939364894034,-0.108379143454875,-0.994109632416862,-0.28735986732792,-0.957822690610992,0.075190519902608,-0.997169186104733,-0.089717017702868,-0.074128737678767,0.192757113056829,-0.044820444535904,-0.03093542549114,5915.195362946777,15510.68205632635,31786.6943814739,58158.354647743596,94949.40095131219,,-5.497310075082568,-9.18691058240377,-7.693206766655143,-7.494454081366429,4.731980691319064,-0.011466308504042,0.999934259723753,8.691679497681053,0.013362141103248,0.999910722607342,8.458238599142074,0.0069171376244,0.999976076317371,49.53069662780374,0.036565609509187,0.999331254490332,4110.162097822114,0.0016753816539,0.0,6.7456846589331,6.7473316442878,0.255859130705253,,321.55603444329563,112.96066346500551,780.6473971984748,,939.7788961285863,,15.459842729546802,4600.130127497696,1.849104239946812,,0.0,5.680865713474567,292.20315,6.062896728515625,428.61812319615245,136.41497319615246,46.68497694023917,46.68497694023917,True,-0.44719127,-0.11050143,0.117099814,-0.1432062,0.19722897,0.15361692,-0.1417216,-0.06879469,-0.040473018,-0.009929396,0.34383756
9,CabeceirasdeBasto_06092016,2016,165,p,2016-09-06 13:30:00,2016-09-07 00:30:00,250.5625,251.020833,sat,2,2,664.5,60.409091,310.570097,310.570097,2971.630443,2971.630443,11.0,11.0,2,922.4595864661654,0.034176244876343,-0.999415821510823,22.0,7.0,1.708542713567839,17.33668341708543,22.964824120603016,9.0,233,18.596207951070337,0.218499608686175,0.296728739632058,0.115980295382517,0.165071882226576,0.244049851030303,0.338119814206599,28.92156808266908,13.118125927247252,40.604464555041325,2534.5665846165784,945.7729395220354,6407.248204678776,9.418841442108631,19642.607695859795,4.113716543596445,45.29023381835168,712.3922453999127,93.5807335092354,5.270636477548891,-0.481006890620904,-0.876716813557952,9.695595295921393,-0.686908755939831,-0.72674366940015,0.107382616462448,0.11215805831463,30.46034610040765,24.230771486086883,10.003338398893993,-9.412656925810468,-35.97060080634779,40.75479520549837,28.418800072317605,45.26435897086332,17.885535189855695,42.10931355902121,5.106116565310088,23.650761829590763,46.17830924693504,57.62887851841389,55.36734928872387,-0.667945753419898,-0.744209963980814,-0.509493264063392,-0.860474644527095,-0.414572748915893,-0.910016173403704,-0.581442592644239,-0.813587433198882,-0.755782577322471,-0.654822644550265,0.012857474147801,0.03444243526362,0.100494990841055,0.059651780475652,0.116950771627452,5703.544984202222,15304.876341296545,31540.298131679116,57930.583151923776,94665.0542715381,,-6.797371031771036,-9.155102955340709,-7.581777607159598,-7.40271759207068,12.001170798979155,0.005649790112791,0.999984039808477,16.570870805066576,-0.003433881044607,0.999994104213106,10.70673451377828,-0.000895132030432,0.999999599369244,41.23881917082744,-0.008235580749912,0.999966087029811,3919.9358980716015,10.981557950506799,0.0,4.2169998807622,12.5560448358547,230.22979933773712,,628.4520174919976,308.829252597264,753.542884100954,,948.6099426241323,,13.106886264584228,7481.638889746659,1.824574466701505,,570.0,5.741624343409535,310.570097,5.7064127922058105,299.7901339609451,-10.779963039054849,-3.471024140181419,3.471024140181419,False,-0.43357673,-0.112651534,0.098371156,-0.16107425,-0.0449158,0.09068431,0.1360132,0.041405626,-0.088971086,0.02464311,-0.02832412
9,CabeceirasdeBasto_06092016,2016,166,p,2016-09-07 00:30:00,2016-09-07 12:30:00,251.020833,251.520833,sat,2,3,91.0,7.583333,52.936528,54.617477,768.504618,771.885635,12.0,12.0,2,703.5973657024794,0.97138912196524,-0.237493523548747,32.0,7.0,2.305475504322767,56.195965417867434,40.92219020172911,7.0,234,18.88032967032967,0.218573734097679,0.296657458442373,0.117114362766344,0.16518390332659,0.244009873618682,0.337971598307291,23.977705891927105,11.650537109375023,47.05258277358147,1634.1312887300292,944.3617708333333,6401.11279296875,10.921209290078929,6289.496629758255,3.368921915690104,44.958634426678934,718.9145411499167,93.41813858394123,2.542956412797437,-0.995256124563995,-0.097289498497303,7.707534920435285,-0.858736454555505,-0.512417507134018,0.167895323613036,0.305531882974923,25.820269266764324,21.85154978434245,9.11370595296224,-6.670224507649739,-34.54922103881836,48.634772300720215,24.112750212351482,14.834997057914734,13.6332395474116,37.10636552174886,2.819549155340051,22.155050936823475,45.48921093940943,47.465363415673885,34.34876494172695,-0.946408407467294,-0.322972330510248,-0.675338875375358,-0.737507561592928,-0.655345543433806,-0.755329212132994,-0.693152280321181,-0.720791173839932,-0.697203929508732,-0.716872848333359,-0.011449652061598,-0.03522757204642,0.056638955058131,0.007531538578419,-0.069255677529924,5600.479085286458,15087.122477213541,31189.671549479168,57697.3935546875,94848.97395833333,,-4.330449591377302,-8.19657846855817,-6.163487810844625,-7.770945634906732,11.7597922158196,-0.01416241138263,0.999899708022674,17.639812899493833,-0.004224728532386,0.999991075794593,8.827985494215964,-0.001834488117725,0.999998317325257,41.10692214979744,-0.041466241001221,0.999139905547381,,26.1716003417966,0.0234069824219,0.0,26.186096191406,0.0,,178.00010817209747,124.30284456888636,788.003339986802,,939.2586750510221,,20.713216495470913,1500.451164940993,1.89953890456419,310.570097,1230.0,4.0184974863961616,54.617477,5.289109706878662,197.16692020442002,142.54944320442002,260.99602368014916,260.99602368014916,True,-0.4975731,-0.21788128,0.12656133,-0.2665624,0.017140739,0.115527384,0.10840992,0.034646157,-0.21673726,-0.035129264,-0.04967784
10,Caminha_09082016,2016,169,p,2016-08-09 17:00:00,2016-08-09 23:00:00,222.708333,222.958333,sat,1,1,702.0,117.0,945.54973,945.54973,12402.49658,12402.49658,6.0,6.0,1,193.0174118275739,-0.95281935579961,0.303537930436405,22.0,6.0,0.036683785766691,1.100513573000734,75.38517975055026,18.0,233,24.028433048433048,0.115512869677843,0.168058389836081,0.048131116621603,0.082240234864331,0.131768391934474,0.195860252353667,22.788873251611744,12.597501160781372,52.92983285289515,1336.0863930789017,997.8125729160621,1353.0508550188224,11.754531742633102,37770.815321996124,2.671732662241355,41.677307978723725,463.1700431838948,88.79997694254997,27.75757831200613,0.308162985338793,0.95133357686307,44.237812918069565,0.408779689493583,0.912633094653887,0.006875852151861,0.006905435885797,20.9525457189752,17.068730518660278,5.725265194177569,-11.859036635661424,-42.54038118860601,51.94277271764165,47.065883194791745,16.07835989748341,5.240895027976294,31.223703428313524,56.164906163439355,15.840507180242957,10.296114709775793,35.81268429717485,44.26232134633599,0.724967856773378,0.688782699147862,0.951975051989746,0.306175603843809,0.587467442230787,0.80924780155328,-0.290561961093868,0.956856178725563,-0.448012374775169,0.894027355313199,-0.289641699831253,0.012313761444753,-0.028563021565425,-0.084678763284959,-0.078407360117697,5809.186145494427,15196.401268766364,31082.268158335675,57261.39857652282,93306.87359415459,-2.655679840505981,-4.237806683410457,-7.299320424107965,-6.866517199938508,-8.552067512911304,68.2845884059397,0.021195510396217,0.999775349935696,-6.757326961130945,0.001967858459802,0.999998063764667,1.062319440255846,0.018194103038132,0.999834473607826,159.33978579004022,0.020350320971145,0.999792910775212,,0.5029360623673,0.0,0.1113483595256,0.6142844218929,23.21553805314891,,653.2993327909343,80.32480483022367,858.2633590128672,,734.3850833072864,,19.40484012182327,40924.2325947133,0.726270166546953,,0.0,6.852823510209457,945.54973,6.524502754211426,680.6407463772821,-264.90898362271787,-28.016398843741186,28.016398843741186,False,-0.2667647,0.18226345,0.17264843,-0.03895448,0.2345888,0.09899714,-0.10191975,0.06108436,0.1850436,-0.012730587,-0.17849779
10,Caminha_09082016,2016,170,p,2016-08-11 12:30:00,2016-08-11 23:00:00,224.520833,224.958333,sat,2,4,282.5,26.904762,164.113459,164.113459,800.053112,800.053112,10.5,10.5,1,267.2845826048951,-0.366643225709186,-0.93036162057641,21.0,7.0,88.98601398601399,0.961538461538462,9.877622377622378,3.0,235,10.556654929577466,0.114907830685942,0.167098770122482,0.049085507921196,0.082503306553274,0.130758542715653,0.194713023792609,24.58197798295457,10.930522017045478,42.762973856403306,1788.762663626916,1002.6090340909091,1275.1412353515625,10.142040698462589,17091.213724241243,1.052404230291193,27.522198100592103,481.5448445302551,89.45269524258741,7.754867369001872,-0.150588873576402,0.988596475390738,7.775239084237993,-0.118413034364785,0.992964427002561,0.177602762607029,0.18526201381601,25.06319912997159,17.59939020330256,9.49458174272017,-7.986500133167613,-36.66247419877486,28.05542616410689,31.094219901344992,17.05366949601607,18.98006647283381,44.70841979980469,7.139488952966257,17.93228241694906,8.513025961797792,9.016903799786137,37.24222735910909,0.942665053892929,-0.333740312472201,0.74407292381449,-0.668098408953468,0.916548111628041,0.39992444170252,0.966846429760497,0.25535853472986,0.977614135249846,-0.21040580448195,-0.008468439850618,-0.084677943556418,-0.035263997272408,-0.049409382136623,-0.065610761895937,6057.340420809659,15487.404563210228,31489.167258522728,57981.3984375,94811.84019886363,5.020497529179293,-8.14409999491528,-5.215301694635354,-6.826210704062729,-7.993093841906955,1.656207930541607,-0.051887761454302,0.998652922797135,0.005842714226703,-0.013388871883444,0.999910365037631,0.137264481276202,-0.006955446519785,0.999975810589291,17.46431939304091,0.12611893621962,0.992015127871965,,0.3497203480113,0.0,0.0,0.3497203480113,0.0,,312.18402809837016,87.21596686469022,819.8667921701871,,645.5933826445197,,22.64252786935811,4665.60264880007,1.44118791024845,,2610.0,5.106632867894217,164.113459,5.135569095611572,168.96101642586814,4.847557425868132,2.953784202347555,2.953784202347555,False,-0.4796093,-0.19243424,0.14396422,-0.18103108,-0.16575657,0.020079909,-0.0369994,-0.14733034,-0.15221828,0.023220045,-0.10364329
89,CarrazedaAnsiaes_07072022,2022,2451,p,2022-07-07 15:55:00,2022-07-08 03:40:00,188.663194,189.152778,sat,1,1,880.5,74.93617,412.493694,412.493694,4770.343712,4770.343712,11.75,11.75,3,585.7096521243228,-0.913752571040983,-0.406271139654287,21.0,7.0,0.0,0.0,0.0,0.0,233,23.114181818181816,0.178512950820095,0.226980793100291,0.190938154302035,0.168763711538724,0.180148473049751,0.252625154095103,25.059513320703697,5.559458919566841,31.942267705098157,2379.6256961090935,960.1771926374741,5056.4043980461165,8.77971386999876,18400.513403672438,1.741472956069026,34.83743293395427,585.1451667107999,93.37775903267796,7.67765772528517,0.826712363806782,0.56262480173647,16.155771971056783,0.911560173290104,0.411166694263185,0.023270199109437,0.027032100309943,26.27259971476555,18.885365279232705,9.402419367094653,-8.915998836377192,-38.28542635634258,24.892153076548027,28.54974586141678,1.887002589020342,5.84698977543307,10.83678980506849,16.49865431513597,22.990694506677567,11.03992443854303,13.254130501207536,36.13359837882631,0.922221359134246,0.386662339459876,0.95265151772587,0.30406427901777,0.965209866045323,0.26147641287269,-0.417090642271616,0.90886489432118,-0.658483405697833,0.752595246078915,0.049959300180836,-0.019047745710954,-0.055609156447869,-0.090607390150198,-0.085572070836811,6306.782806797194,15778.315593447345,31764.51945725826,58196.48898797881,94726.69579889212,,-8.060546099176532,-6.102108905625539,-7.153183270339586,-8.186385917112418,348.52114537425547,0.122814955182272,0.992429587821512,1.297767742682093,0.002999658796399,0.999995501013432,0.928647499377489,0.016935889410183,0.999856577539942,82.15616838565983,0.02633556155721,0.999653158949376,,0.0,0.0,0.0,0.0,0.0,,664.5989760480269,425.46153475060987,724.0770188762148,,569.5345449983214,,16.896718098702546,8385.956191532505,2.117114623269194,,0.0,6.024642264045162,412.493694,5.409285068511963,222.47176355525087,-190.02193044474913,-46.066626765147376,46.066626765147376,True,-0.47276253,-0.13657433,-0.09801553,-0.050429963,0.22197527,-0.07501835,-0.1352623,-0.0054134745,-0.05394853,0.034083683,-0.07633638
89,CarrazedaAnsiaes_07072022,2022,2452,p,2022-07-08 03:40:00,2022-07-08 12:30:00,189.152778,189.520833,sat,1,2,198.0,22.415094,107.759788,113.143028,1614.06203,1694.693987,8.833333,8.833333,3,534.3799813200499,-0.745013172300841,-0.667049753090605,21.0,7.0,0.0,0.0,0.0,0.0,233,23.20244897959184,0.177379271578124,0.227500025922845,0.184349516820805,0.167196516331984,0.17967157912632,0.254018943565555,21.26525963339658,8.682061295995162,47.47774482643146,1494.93644130966,961.6780795393485,5036.3510280386945,11.705770117153001,13505.659630936936,1.112931394571893,34.37296216315185,583.0819392598919,93.84003498340596,8.213595296854745,0.873086066543539,0.487566119011085,14.332979969689545,0.906343694450243,0.422541249501496,0.0116850745918,0.012728764439774,20.569923726499653,18.42654383436471,10.200681045220927,-7.575663599916068,-36.76109991382417,44.168862150018406,19.96168857949869,8.865585644562003,3.860482001786503,14.167425973499094,15.01798270642744,22.93165050995996,10.626767573495888,12.981501652443532,61.49554412063291,0.912578284833948,0.408902034782819,0.99197038868331,-0.126470344253041,0.966970813822972,0.254887122496487,-0.272918803839408,0.962037071276813,-0.586819389946291,0.80971785430671,0.043413548909466,-0.013973497715663,-0.013399145261844,-0.084911594443929,-0.104075377565051,6396.842860245257,15747.927424696623,31768.06819028205,58295.33442875959,95035.0381626476,,-2.338738885217949,-5.293198025925562,-6.941508252021716,-8.13510051098334,226.01964466488977,0.097275510024607,0.995257491883107,0.485519050436346,0.001802473792225,0.999998375542795,0.687280081044355,0.017189669784027,0.999852246710841,53.910113460136,0.023198874455531,0.999730869896492,,0.0,0.0,0.0,0.0,0.0,,535.118440693199,106.30019332172284,800.6545729046713,,601.0246433364047,,20.950400798985815,7527.821755604228,1.428852313295861,412.493694,705.0,4.73745229358093,113.143028,5.005153179168701,148.1799326663816,35.0369046663816,30.966914431865483,30.966914431865483,False,-0.4607274,-0.17712162,-0.120871104,-0.057788227,-0.020002084,-0.07090737,-0.16457744,0.022547515,-0.052540924,-0.029595718,-0.1723962
89,CarrazedaAnsiaes_07072022,2022,2454,p,2022-07-08 12:30:00,2022-07-08 15:00:00,189.520833,189.625,sat,2,3,132.25,52.9,230.967533,230.967533,3570.37312,3570.37312,2.5,2.5,3,482.1037334593573,-0.894300383215204,-0.447467121229192,21.0,7.0,0.0,0.0,0.0,0.0,233,23.93189393939394,0.17447668107748,0.227662018620019,0.172606405019758,0.163253114223479,0.177932053804397,0.255802408854166,31.861718750000023,5.121565755208356,18.764545730817975,3831.706305229453,959.76625,5009.8779296875,6.198277252929607,25678.96126456853,1.480326334635417,34.785298115849685,572.3136550823762,93.85429296207171,6.761649140049294,0.953941796293127,0.299991748694931,7.343738255700873,0.955111367862259,0.296246983073726,0.001475416653994,0.001591057215689,29.533579508463543,20.081919352213543,11.121266682942709,-6.80322265625,-36.57323710123698,18.33392556508382,25.588756561279297,11.917712211608887,3.276502291361491,16.189342816670734,7.108918899884858,7.119064434057585,5.609744003453015,15.41134712636061,34.30726525831533,0.963195173015905,0.268803010918519,0.99455236510817,0.104238155479385,0.978623699094548,0.205659076071305,-0.127297951608306,0.99186452276323,-0.713890234876786,0.700257618700123,0.01834942315761,-0.090239486228453,-0.062064062075508,-0.034564273447373,-0.086209732481799,6203.237955729167,15741.450520833334,31836.76953125,58425.884114583336,95246.19270833333,,-10.31313451171228,-5.766022390087294,-6.999357468877574,-8.298044857667072,42.360508406486964,0.021555617103847,0.999767650692536,-0.108871159804767,0.000791984055027,0.999999686380579,1.87838561681249,0.016925644115871,0.999856751025497,16.482891140565055,0.000922951157781,0.999999574080489,,0.0,0.0,0.0,0.0,0.0,,1612.1992399088629,160.37752197265047,649.0255120107248,,552.4746344017022,,12.770225990260798,3571.70303662618,1.989825757855889,,1235.0,5.446597417907722,230.967533,5.785037517547607,324.39424787781377,93.42671487781377,40.450150574978764,40.450150574978764,True,0.1721336,-0.06346575,-0.06957831,0.017814837,0.005188449,-0.06618483,-0.12864858,-0.0039720275,-0.21645968,0.15586415,-0.15054707
89,CarrazedaAnsiaes_07072022,2022,2456,p,2022-07-08 15:00:00,2022-07-08 19:00:00,189.625,189.791667,airb,2,3,111.75,27.9375,137.932254,244.718766,1967.345414,1975.016393,6.5,4.0,3,406.8176503340757,-0.46414855839055,-0.885757368438995,21.0,7.0,0.0,0.0,0.0,0.0,233,22.36945454545455,0.173860989257097,0.227408475311982,0.169308695554731,0.162504203200339,0.17761596930027,0.255740478515625,32.79965820312502,4.420214843750022,16.893971912723334,4125.962742189682,958.501375,5009.8779296875,5.853826415992424,18558.071506451826,2.267855834960938,34.785298115849685,572.3136550823762,93.8542929620717,4.393083502830616,0.79463928828067,0.60708187381999,6.402992223464858,0.833235982401039,0.55291753239717,0.018735223530778,0.019647718282311,31.35582275390625,21.861492919921876,11.32578125,-6.599761962890625,-36.141876220703125,15.46274471282959,24.17401123046875,11.989019775390625,3.550946092605591,14.157647132873535,5.905949432380774,9.63575620419653,7.176778547044051,14.863413936549462,29.415226652741282,0.855757142285558,0.517377727996921,0.924987064771659,0.37999859210938,0.999324495273245,0.036749872746375,-0.173611492388829,0.984814220912007,-0.860578826917821,0.509317271119631,0.014037809338333,-0.080900817203827,-0.018784510527743,-0.052233754230219,-0.081395699715367,6087.4787109375,15685.0763671875,31818.0734375,58434.25078125,95274.5921875,,-10.359693329821607,-6.779545154406364,-6.999768997407015,-8.23452033436732,37.61188938151577,0.043973645270865,0.999032691417849,0.938325718568029,0.004087843831247,0.9999916447315,1.988553416218171,0.0178006776228,0.999841555385737,17.749487238682562,0.006937704192743,0.999975933840677,,0.0,0.0,0.0,0.0,0.0,,1564.0920361328244,660.5101440429454,632.9962407510822,,560.0018960287869,,12.341572596933224,2965.6922340393066,2.229998746828453,230.967533,1385.0,5.504187654306883,244.718766,5.316129684448242,202.5943806711014,-42.1243853288986,-17.213385805034093,17.213385805034093,False,-0.06790209,-0.097933896,-0.08241991,-0.059812766,0.0015081749,-0.0541341,-0.14095226,0.06739087,-0.1587546,0.15565477,-0.16081236
89,CarrazedaAnsiaes_07072022,2022,2458,p,2022-07-08 19:00:00,2022-07-09 04:10:00,189.791667,190.173611,sat,2,4,52.5,5.727273,67.977891,69.930251,663.82568,689.623579,9.166667,9.166667,3,317.28526785714286,-0.98654682093329,0.163478959216219,22.0,3.0,0.0,0.0,0.0,0.0,236,19.59444444444444,0.172965382792949,0.22707845935607,0.167242883801458,0.161373069167136,0.176902828335762,0.255709716796875,24.915454101562524,7.143847656250022,34.05684979740697,2253.050381487991,958.7308125,5009.8779296875,8.94207246269628,8733.589782916928,2.318783569335937,34.826792581057106,577.0693988444076,94.25385329863295,4.113806298716537,0.617933942992915,0.786230018567867,12.099499016787695,0.896852023840664,0.442330699062257,0.141940734480623,0.1865964467784,27.486395263671874,21.92021484375,11.282647705078125,-6.42877197265625,-35.55626373291015,24.782030487060545,22.76223964691162,10.788831615447998,5.842493391036987,10.599894142150879,10.579190364281983,16.3990074109745,5.009709002604359,12.052845747894219,30.853050006291237,0.888415096597248,0.459040974356431,0.999158273612985,-0.041021266078953,0.992388227558526,0.123148714176187,-0.139412096041029,0.990234450762771,-0.953513935485826,0.301348925391036,0.035412478650425,0.019620572512328,-0.019634073615516,-0.062760400696819,-0.01876819862495,6124.822412109375,15660.6482421875,31793.6154296875,58459.59765625,95312.8421875,,-6.073511577662257,-6.845087357083118,-6.916155615921087,-8.118949141410827,130.17313112926155,-0.50865079533757,0.860972919668474,-0.83538627639929,-0.00727413792194,0.999973543108763,0.993222605134724,0.006359795961706,0.999979776293164,58.443411103646724,-0.277265546645513,0.960793326706303,,0.0,0.0,0.0,0.0,0.0,,182.2941861801176,174.74404566448524,739.6475956890772,,541.8128505045197,,19.660084514919028,5476.972830295563,2.412765085909867,244.718766,1625.0,4.261697013907861,69.930251,5.2758684158325195,194.56023039368864,124.62997939368864,178.22040906686956,178.22040906686956,True,-0.46332037,-0.17456014,-0.10778124,-0.15486073,-0.012899666,-0.07381531,-0.14133182,0.08365394,-0.0853434,0.049817104,-0.16676247
89,CarrazedaAnsiaes_07072022,2022,2459,p,2022-07-09 04:10:00,2022-07-09 11:30:00,190.173611,190.479167,sat,3,5,162.0,22.090909,166.384235,172.537749,2183.79309,2150.653696,7.333333,7.333333,3,539.3044106317411,0.087029398338313,-0.996205743722084,32.0,3.0,0.0,0.0,0.0,0.0,233,21.96245398773006,0.17330985603077,0.222076660604154,0.178201314977235,0.163919647421155,0.175573108366557,0.247879202706473,22.478696986607165,9.94479631696431,47.00185619158811,1570.7522260611415,958.3041964285713,5119.36865234375,11.406216820993992,10571.56155645513,2.406156267438616,33.783748026157866,626.3691272089176,94.66315992784544,6.246316194472683,0.845933589612591,0.533288254103873,10.70097287647041,0.897266415014092,0.441489502126335,0.013846225923838,0.014322796365975,21.440089634486608,21.56231689453125,10.750004359654017,-6.723715645926339,-35.33956255231585,46.420240674700054,20.98664093017578,10.549846240452357,6.951685156141009,11.333404404776436,12.661579882774644,10.2872944995879,1.461888523689579,7.493796544928706,25.609373451464883,0.911191143878933,0.411983858077718,0.999958090195459,0.009155209044609,0.123414647820328,-0.992355190797823,-0.596235047359433,0.802809920404759,-0.999586970589591,0.028738271129685,0.025521076331294,-0.047030397827543,-0.025925456753017,-0.038182468615729,-0.049130695833741,6236.226353236607,15658.405552455357,31767.127790178572,58410.93359375,95228.20870535714,,0.133367699747953,-6.95753294606796,-6.823335957622477,-7.976334096449833,302.9319979692042,0.129015199213391,0.991642616254429,-1.22045371243869,0.009826987366904,0.999951713993876,0.099026088225523,0.015853079843002,0.999874332033527,38.93790379879154,0.019040156708143,0.999818719785006,,0.0,0.0,0.0,0.0,0.0,,435.31226126534233,122.6322100830037,797.8144113595121,,612.7775344055714,,21.573784431103007,6339.431830814907,1.549992973023884,24.140855,2175.0,5.156395149208267,172.537749,4.8265533447265625,123.78014450080428,-48.75760449919571,-28.25909389787838,28.25909389787838,False,-0.30688757,-0.19366777,-0.12423896,-0.042252935,-0.11770133,-0.060115084,-0.15495232,0.11183791,-0.087023616,-0.053215075,-0.09045876
89,CarrazedaAnsiaes_07072022,2022,2461,p,2022-07-09 11:30:00,2022-07-09 19:15:00,190.479167,190.802083,airb,3,6,210.0,27.096774,116.093473,115.523588,1534.60556,1440.737228,7.75,7.75,3,651.023502994012,-0.991346944554536,0.131267800782922,22.0,7.0,0.0,0.0,0.0,0.0,233,22.310619047619046,0.171770740002393,0.221457612809425,0.170202237367628,0.162324486374854,0.174678390622139,0.247746963500977,34.28313598632815,4.931817626953148,16.350617423835985,4530.068950673147,955.6592968750001,5119.36865234375,5.632669136161207,20678.56403529652,2.805192947387695,33.783748026157866,626.3691272089176,94.66315992784546,2.955590217906186,-0.236367974263193,0.971663615014329,3.94962052767757,-0.319862835848853,0.947463860124875,0.360045768656221,0.347329107293327,32.02518081665039,23.0079345703125,11.39754867553711,-6.778652191162109,-35.70340919494629,19.031843662261963,25.283420085906982,9.436786890029907,7.224233984947205,12.895076751708984,3.44184541426131,4.447299979411654,3.564191203126598,2.901475744974812,40.77923534396952,-0.218822881469503,0.975764595865921,-0.743313646299397,0.668943064262644,-0.265823910433164,-0.964021601750719,-0.993229047986304,0.116172536497319,-0.884148036454036,-0.467206859575577,-0.007424910661378,-0.098667992920809,-0.00557540225469,-0.022655398132476,0.031332919567566,5989.568786621094,15612.662963867188,31767.318115234375,58411.3974609375,95238.5458984375,,-9.839125817724284,-7.471079116413992,-7.097648635042233,-8.062439188871073,76.91174344877092,0.037495287333987,0.999296804471896,-0.024418701232843,-0.002119691545209,0.999997753451353,-0.252425187194147,0.002931574006911,0.999995702927689,18.54215531092795,-0.000525297110793,0.999999862031463,,0.0,0.0,0.0,0.0,0.0,,1724.0056903076302,957.5227001953034,623.4897896447756,,562.1373669867648,,11.42280571122646,2999.6592700481415,2.191359824065956,172.537749,2615.0,4.758093724614049,115.523588,5.4415459632873535,229.7987141367888,114.27512613678878,98.9193013437124,98.9193013437124,True,-0.31826088,-0.13111202,-0.0902108,-0.18689543,-0.14670749,-0.068325266,0.03881287,0.07118984,-0.18555382,0.18691331,-0.07482092
89,CarrazedaAnsiaes_07072022,2022,2462,p,2022-07-09 19:15:00,2022-07-10 02:00:00,190.802083,191.083333,sat,3,6,1007.75,149.296296,220.117967,359.537749,3089.544473,4709.76108,14.5,6.75,3,549.958074147798,0.433468572684079,-0.901168683707566,22.0,7.0,0.0,0.0,0.0,0.0,233,22.142668004012034,0.170769027814695,0.221065930465455,0.166125748242649,0.16105659689222,0.174053250125476,0.24767804827009,26.391503906250023,9.86192801339288,36.89910571652149,2265.7168869263264,954.5848214285716,5119.36865234375,9.175329775388876,12672.823092977798,3.50714111328125,34.48378117296556,630.628156605244,94.9857177005107,4.986589773634257,-0.810988584662573,0.58506197581709,12.098831858219986,-0.423939046052907,0.905690722725893,0.059964027012473,0.071137902240123,29.495404924665177,23.140795026506698,10.126512799944196,-7.236934116908482,-36.311793736049104,28.17890957423619,26.06900896344866,20.478535379682267,7.198860577174595,15.39239856175014,11.88311733075542,9.337175130346449,15.144923903376425,7.768997402464411,45.05901480715351,-0.422345194319316,0.906435070391354,0.618371787184545,0.785885699586264,-0.629644665941112,-0.776883256771509,0.141945388359589,-0.989874490389284,-0.81054037717908,-0.585682761366932,0.017397622620603,0.036975655623268,-0.027362816675056,0.005079039697916,0.05824078381344,5929.299246651785,15531.32421875,31690.758928571428,58304.65178571428,95060.30691964286,,-6.933802693469721,-8.374461713778365,-6.780275273850883,-8.104278544971576,247.2627891568853,-0.964375569716806,0.264536879344613,3.257401309510499,-0.013198575457898,0.999912895009301,-0.148112934692637,-0.008425620200465,0.99996450383213,50.22226351445171,-0.091607788376658,0.995795166240898,,0.0,0.0,0.0,0.0,0.0,,58.9513070678721,20.963962158204232,750.0633158645089,,594.5120522452706,,19.547523039194203,6522.363254002163,2.42015939126495,115.523588,3080.0,5.887596664141743,359.537749,5.514723300933838,247.3212574805124,-112.21649151948762,-31.211323937917747,31.211323937917747,False,-0.288023,-0.17510937,-0.12492353,-0.047512025,-0.13178398,-0.09377695,0.036565695,0.103499584,-0.094540805,0.052166607,0.30557528
100,CarrazedaAnsiaes_14082023,2023,2601,p,2023-08-14 15:00:00,2023-08-14 17:30:00,226.625,226.729167,airb,1,1,84.5,33.8,527.527791,527.527791,8154.700438,8154.700438,2.5,2.5,3,592.5224926253687,-0.701295451395734,0.712870738529542,22.0,7.0,0.0,0.0,100.0,20.0,233,26.348953488372096,0.193143220133584,0.252206843681333,0.134230461219948,0.160115752617519,0.208503860831261,0.283457438151042,29.836083984375023,6.52740885416669,23.135559257285653,3227.0730752407144,949.8289583333334,4923.49072265625,6.986556542038776,36914.656251769615,1.474990844726562,38.2531085051259,711.3440099195218,92.81078846406793,11.42634083347406,-0.992618052690416,0.121282321354298,15.958323266510423,-0.957522287280616,0.288359271328144,0.003162471267805,0.00319957508929,27.530008951822918,18.19647216796875,9.246490478515625,-8.564178466796875,-37.01440938313802,25.87266731262207,40.25208282470703,23.657002766927082,34.056844075520836,80.09462483723958,14.675947820681367,16.620371859085818,35.80636777601681,51.034033171491906,65.6881610891997,-0.958505359365572,0.285074509676813,-0.95195424895896,0.306240278031782,-0.876323462948262,-0.481723144852275,-0.947603452761814,-0.319449051202049,-0.9182433908527,-0.396016508690402,-0.036163041892466,-0.00088680262502,0.015440892854003,-0.014340837276486,-0.021499885768225,5446.431315104167,14930.382486979166,30925.341796875,57342.944010416664,94078.56510416667,,-10.184244749664524,-5.759155802258924,-6.954911593241158,-7.93017056780567,66.40893805604945,0.004695570626641,0.999988975747478,9.422358357621249,-0.00540958084694,0.999985368110484,7.666015525872076,-0.002066899266956,0.999997863961429,42.295607089971725,0.00265526875594,0.999996474767703,9276.891464843757,59.140258789061896,0.0,0.0,59.140258789061896,0.0,,1647.23402343748,83.12432617188097,674.6224372353211,,632.0137227312458,,12.811255117134825,7355.466842651367,1.652972439655123,,0.0,6.270095388601371,527.527791,6.405889987945557,604.4003580082017,76.87256700820171,14.572230756313218,14.572230756313218,False,0.14042926,0.1335588,-0.078705154,-0.02721303,0.18769988,-0.2609711,0.039853156,-0.0021571596,-0.07509418,0.10678864,-0.08352657
102,CarrazedaAnsiaes_21082023,2023,2607,p,2023-08-21 15:25:00,2023-08-21 17:25:00,233.642361,233.725694,airb,1,1,31.0,15.5,472.936073,472.936073,4378.599805,4378.599805,2.0,2.0,4,652.2497459349594,-0.996200745400392,-0.087086594052718,21.0,2.0,0.0,0.0,78.44827586206897,14.0,233,15.38888888888889,0.194193832775951,0.251475023446818,0.136283698379994,0.161982202529907,0.209219043552876,0.281782531738282,36.02517089843752,11.220727539062523,22.426760929843635,4604.521127124732,954.479375,4923.49072265625,6.272668874755295,37481.93945548998,3.041976928710938,34.54842203772674,769.3782881873752,93.37652443603922,8.127217609504733,-0.900798685384616,0.434236949613167,7.714606314437584,-0.849546826421719,0.527513212836215,0.001695103372361,0.001695137523536,34.15191650390625,24.510543823242188,12.426589965820312,-7.646163940429688,-35.04608154296875,22.67190170288086,33.89015579223633,41.64370918273926,21.721477508544922,43.220272064208984,7.287244686947676,8.508592091667182,17.50499845861485,26.814722225849497,59.37299833332274,-0.848019834194271,0.529964490143558,-0.863964321702111,0.503553026826183,-0.837669130334071,0.546178018676476,-0.750525917640163,-0.66084101488209,-0.299195877591088,-0.954191713877509,-0.014326981252945,-0.082149923802741,-0.048104421986145,-0.086893117169245,-0.013453167791012,5817.004638671875,15517.69287109375,31839.7861328125,58412.95703125,95428.86328125,,-10.520138440175042,-7.775811771124717,-7.838236131360837,-7.637407962377971,32.643982316086394,0.003184466634032,0.999994929573274,4.557134631417921,0.000216339430147,0.999999976598625,4.094590618976559,-0.004370719238215,0.999990448361053,18.498380051931846,0.000927874197214,0.999999569524644,,10.367492675781701,0.0,0.0,10.367492675781701,0.0,,1478.1403540038982,59.64295410156751,666.3398730812712,,642.1022333026727,,8.623624560961275,3656.7736864089966,1.917902754557778,,0.0,6.161072445511086,472.936073,6.37545108795166,586.250272726385,113.31419972638497,23.959728638924307,23.959728638924307,False,0.19131865,0.13205211,-0.088241056,-0.010609483,0.18202144,0.055427752,0.05040184,-0.07340786,-0.29223907,0.124018855,0.0006241164
102,CarrazedaAnsiaes_21082023,2023,2608,p,2023-08-21 17:25:00,2023-08-21 18:05:00,233.725694,233.753472,airb,1,1,21.0,31.5,473.361803,659.798745,4719.932395,9381.465677,2.666667,0.666667,4,701.5143729967949,-0.606521985517871,-0.795066714863262,21.0,7.0,0.0,0.0,90.41095890410958,20.0,233,20.4,0.194047916346789,0.251409165778787,0.136144325137139,0.161827478408814,0.209075059890747,0.281759033203125,34.75795898437502,11.881494140625023,25.11351667548254,4144.906560977872,954.4025,4923.49072265625,6.759415336077159,30829.67824085481,3.0587158203125,34.54842203772674,769.3782881873752,93.37652443603922,7.437967005360292,-0.848741185729565,0.528808471609875,8.55194657807253,-0.74253602498531,0.669806129860735,,,34.02398681640625,24.57794189453125,12.46051025390625,-7.509002685546875,-35.077728271484375,23.906246185302734,34.757240295410156,39.58210372924805,21.69490623474121,44.09538650512695,7.787141438269911,7.292703269771583,16.329563325026747,27.638265583925275,62.99090382896643,-0.726533667693294,0.687130867963396,-0.552921752636011,0.833233181925637,-0.867360492491636,0.497680395499629,-0.790030801106542,-0.613067152360127,-0.268405339941632,-0.963306064286329,-0.012333063692255,-0.081235417012576,-0.016917545568908,-0.085956651120347,-0.132167352578703,5802.869140625,15506.71875,31837.462890625,58411.98828125,95411.3359375,,-10.30700747514232,-7.797354135798854,-7.797921430151257,-7.684461221998019,38.78109023009504,0.018809416914543,0.99982308726861,3.992699430536461,-0.001361328718788,0.99999907339163,4.206511207135633,-0.004739189592458,0.999988769977947,24.86751897446099,0.003367365311926,0.999994330409356,,0.0,0.0,0.0,0.0,1.000000000000313,,1143.0242602538829,,684.7147529535118,,656.4478814472545,,10.48136138145847,3893.5706615448,2.040640639035601,472.936073,120.0,6.49344932299189,659.798745,6.717106819152832,825.4230579951671,165.6243129951671,25.102247351981106,25.102247351981106,False,0.26866534,0.14896066,-0.092261344,0.10344437,0.008598806,-0.02007001,0.036814913,0.122176245,-0.33283618,0.15226461,0.004078959
102,CarrazedaAnsiaes_21082023,2023,2609,p,2023-08-21 18:05:00,2023-08-21 19:00:00,233.753472,233.791667,airb,1,2,8.25,9.0,216.907548,168.302065,3353.029175,1172.602505,0.916667,0.916667,4,665.2412388392858,-0.996055327076792,-0.088734352997834,21.0,7.0,0.0,0.0,100.0,14.0,233,14.9375,0.194014488840103,0.251396002538477,0.136107815504075,0.161810511350632,0.209037131071091,0.281756591796875,33.70888671875002,11.344873046875023,25.69154399528779,3880.289837656522,953.9075,4923.49072265625,6.941778223493561,20398.358236167387,3.092178344726562,34.54842203772674,769.3782881873752,93.37652443603922,5.256916129875198,-0.840654554704902,0.541571712383414,10.708625465292304,-0.732692552595394,0.68055978677207,,,33.531982421875,24.553375244140625,12.3690185546875,-7.411651611328125,-35.0867919921875,25.423734664916992,34.245811462402344,39.238033294677734,20.791976928710938,44.2076416015625,9.99620577771156,7.230342495909811,15.303978685654736,26.610703998076094,65.9293565817631,-0.725355515383793,0.688374444835303,-0.145101697506695,0.989416746058341,-0.874368641049112,0.485262279133593,-0.760418493825657,-0.649433379376144,-0.307507957831289,-0.951545509090569,-0.023936613145228,-0.080051922065049,-0.011222035782414,-0.106720865244981,-0.125178683959102,5819.83642578125,15517.015625,31848.1171875,58415.63671875,95421.4453125,,-9.796964979805049,-7.840419227622356,-7.724179966632227,-7.714123106892732,53.211191396631094,0.049009991447451,0.998798288313672,2.921758200619448,-0.001014943985053,0.999999484944221,3.676182869850075,-0.004680157926955,0.999989048000916,30.376465892353494,0.018614734243738,0.999826730823414,,0.0,0.0,0.0,0.0,4.080000000001059,,116.52019958496092,,689.0032040477058,,668.3356945286363,,13.509133446974772,4998.103141784668,3.018264345503175,472.936073,160.0,5.131684486347633,168.302065,5.850302696228027,346.33950292522826,178.03743792522826,105.78446433513949,105.78446433513949,True,0.25986087,-0.10133928,-0.11129439,0.067662224,0.03593742,-0.29307115,0.052419133,-0.09589427,-0.23251231,0.15975614,-0.005798538
115,Cascais_21072024,2024,2680,p,2024-07-21 12:40:00,2024-07-21 14:20:00,203.527778,203.597222,airb,1,1,19.75,11.85,531.206229,586.122239,6957.326022,7676.57322,2.0,1.666667,5,113.2978271484375,-0.47493521103748,-0.880020764139565,31.0,7.0,0.0,0.0,100.0,24.0,236,22.719047619047622,0.049905833366595,0.061909403001785,0.02764060094952,0.039902336383229,0.054988195360625,0.068260498046859,19.567358398437364,14.014204101562711,70.3100782656885,674.9821569503837,1012.626850000001,511.7200622558594,16.233186760932114,22314.35210936979,0.70928955078125,27.47812612618185,613.0442436991764,82.28157100962021,33.04375455171954,-0.258564707503104,0.965993939957096,41.59160330716679,-0.206960997827116,0.978349193988733,8.21467168e-07,8.21637657e-07,17.564468383789062,19.120132446289062,11.701553344726562,-3.665298461914062,-32.57830047607422,42.24818420410156,4.378778219223022,23.719731330871582,31.758414268493652,26.068307876586914,39.36243012762897,18.80197760593976,13.081154304359629,29.069030278740822,46.92817545008704,0.118873270553329,0.992909434715954,0.402086057873673,0.915601879674572,-0.481610966728925,0.876385118955377,-0.94195740247343,0.335732411193065,-0.997735631450297,0.067257785679255,-0.13093915396919,-0.081423798167693,-0.044673615458676,-0.037215371405769,0.04602758163641,5716.764404296875,15077.453125,31206.70703125,58106.83984375,95533.984375,-4.105419879880701,1.697455522772915,-4.773725171709385,-6.000622217491253,-8.059162622399068,12.952068197872455,-0.209594706241426,0.977788350879458,-6.747695143650173,-0.001426211211773,0.999998982960273,-0.720017550359284,-0.003057331532422,0.999995326351029,94.97607772921874,0.010291305604439,0.999947043112262,,0.0,0.1743164062499,0.0,0.1743164062499,0.0,,532.6652343749802,25.699609375001614,932.2155107026344,,630.5199909787029,,30.21763012079643,19681.320190429688,0.164489177358337,,20.0,6.37523304175999,586.122239,6.373438358306885,585.0694853950212,-1.052753604978875,-0.17961331867820066,0.17961331867820066,False,0.2799785,-0.08299336,-0.06485333,0.13864699,0.19093509,-0.24209729,-0.018536687,0.06553803,0.29001096,-0.2696851,-0.08083647
115,Cascais_21072024,2024,2682,p,2024-07-21 14:50:00,2024-07-21 15:45:00,203.618056,203.65625,airb,1,2,26.0,28.363636,315.559968,289.48664,4132.959024,3791.470859,0.916667,0.916667,5,107.21024946732955,-0.963607095259593,-0.267322587832324,31.0,7.0,0.0,0.0,98.83720930232558,24.0,236,22.230434782608697,0.04987209586025,0.061892939237154,0.02758010566234,0.039873649859792,0.054955586101847,0.068253173828109,19.62979492187486,13.988105468750177,69.9155865113401,686.4686704189608,1012.1948250000011,511.7200622558594,16.163429936138268,23808.40796779874,0.96990966796875,27.47812612618185,613.0442436991764,82.28157100962021,34.682439263059386,-0.268274802991098,0.963342426180892,44.10166143074468,-0.21884299889489,0.975760084157315,,,18.61187744140625,19.89385986328125,11.95404052734375,-3.559417724609375,-32.38623046875,37.60054397583008,3.733694553375244,23.158794403076172,30.684476852416992,20.10190773010254,41.072056002832596,18.00445575150773,11.190343808166602,27.833121957045506,43.179484067237816,0.101468468377508,0.994838755741413,0.532270332426335,0.846574446353514,-0.555853388571985,0.831280344055507,-0.938197745111788,0.346099683714326,-0.989494732574004,0.144568925458762,-0.150293797000944,-0.065316833990949,-0.06368899200737,-0.054275970363391,0.068981137178232,5688.509765625,15077.8232421875,31221.296875,58140.04296875,95561.0078125,-2.086474359465876,1.398829088211013,-5.109134094803506,-6.05787076156776,-8.035138367046645,13.097104000757405,-0.209855506549068,0.977732410412498,-7.940872510070173,-0.001874841785743,0.999998242482595,-1.240986124292901,-0.002990798199966,0.999995527553062,104.65802408539213,0.009884835013867,0.999951143824911,,0.0,0.9573974609375,0.0,0.9573974609375,0.0,,504.41776367185435,,930.5936456808261,,626.0336148237809,,30.24330036180885,20536.027908325195,0.207158603897198,586.122239,150.0,5.671557585561431,289.48664,6.439105987548828,624.8470345887812,335.36039458878116,115.8465878041146,115.8465878041146,True,0.34372494,-0.079466715,-0.056253105,0.07046032,0.053398553,-0.017178634,-0.0077366326,0.10662581,0.29657933,-0.32670936,-0.0871339
115,Cascais_21072024,2024,2683,p,2024-07-21 15:45:00,2024-07-21 16:45:00,203.65625,203.697917,airb,2,3,16.0,16.0,828.766766,828.766766,10854.5425,10854.5425,1.0,1.0,5,90.65474640376983,-0.987355194309541,0.158523563768827,21.0,7.0,0.0,0.0,100.0,24.0,236,22.21333333333333,0.049853651775129,0.061882565628278,0.027556459754699,0.039862663531667,0.054935472570347,0.068247070312484,19.488749999999868,14.13993164062515,71.22793998599985,650.8000286462711,1011.937950000001,511.7200622558594,16.38882333774599,23139.858285745664,1.020477294921875,27.47812612618185,613.0442436991764,82.28157100962021,35.556019156727565,-0.248348106142293,0.968670851308914,45.56122454738968,-0.20270735272356,0.979239362542073,,,18.927520751953125,20.23382568359375,12.19287109375,-3.501129150390625,-32.25666809082031,36.533424377441406,3.953875541687012,22.87504005432129,29.7882022857666,17.834148406982422,42.675905847481744,16.16340348737923,12.15856879376468,25.94188818988295,40.17593820752152,0.106664727640985,0.994295044681042,0.605291295006531,0.796004050359869,-0.555791634662482,0.831321633809205,-0.94542750187525,0.325832531675283,-0.971570687008632,0.236749657118176,-0.14846505978826,-0.043309036608838,-0.064235185852148,-0.043653297153201,0.031704954878022,5668.267578125,15071.5830078125,31228.35546875,58157.64453125,95577.90625,-1.150378550619607,1.425368480310237,-5.174212851895656,-6.128370842074965,-8.015271624238615,14.593976421464184,-0.210394442731579,0.977616580499568,-7.90888043180902,-0.001996083904673,0.999998007822538,-1.7419258506542,-0.003124061590835,0.999995120107682,111.16894878513459,0.00908580250208,0.999958723244561,,0.0,0.3486328124999,0.0,0.3486328124999,0.0,,491.06330810545063,,934.4111410246411,,625.414576321523,,30.399543850315894,21337.953567504883,0.186543294101146,,205.0,6.721144656482115,828.766766,6.23716926574707,510.40879763361,-318.35796836638997,-38.41345737147838,38.41345737147838,True,0.31970954,-0.06494474,-0.056253105,0.068068,0.08643837,-0.24209729,-0.0077366326,0.10720594,0.28911197,-0.31024936,-0.08529599
115,Cascais_21072024,2024,2685,p,2024-07-21 16:45:00,2024-07-21 17:30:00,203.697917,203.729167,airb,2,4,3.25,4.333333,470.980641,81.126623,5442.93357,1062.533405,0.75,0.75,5,90.10732797475961,-0.888925296638039,-0.458052198987163,31.0,7.0,0.0,0.0,100.0,24.0,236,17.25,0.049838322791166,0.061877261481578,0.027523414641612,0.039852897906667,0.054920243341463,0.068247070312484,19.23863281249993,14.328242187500166,73.23143054692662,596.1400873913631,1011.6384500000011,511.7200622558594,16.736397036805194,21475.14289249907,1.043075561523438,27.47812612618185,613.0442436991764,82.28157100962021,36.023651733389876,-0.222080657152974,0.975028297906529,46.64976625464786,-0.178744662577727,0.983895495263585,,,19.261993408203125,20.476593017578125,12.39044189453125,-3.51153564453125,-32.09049987792969,35.1590690612793,3.959315538406372,22.123659133911133,29.222198486328125,16.46984100341797,44.497650815959176,14.200649463113463,14.411663282687659,24.63900739372342,37.66718090203383,0.115485490845652,0.993309167079484,0.572244234161222,0.820083249718732,-0.455885932760483,0.890038210590481,-0.962696369462121,0.270583998463419,-0.932531571981926,0.361088447969356,-0.146500840559562,-0.01383743356322,-0.040056301627934,-0.022883616563512,-0.001782778290088,5643.607421875,15057.45703125,31225.2734375,58160.61328125,95586.15625,0.047883335232761,1.325304649371509,-5.203296026081979,-6.209584170110224,-7.966053480848649,17.369561629825455,-0.211029039805194,0.97747979230207,-7.305352877768263,-0.001471461968846,0.999998917399251,-2.062714489477929,-0.003392594225759,0.99999424513565,118.0679391250887,0.008578669194378,0.9999632025404,,0.0,0.0,0.0,0.0,0.0,,479.1025048827979,,940.2311248372597,,626.4504452174358,,30.573404873400023,22248.825073242188,0.146930928195525,828.766766,265.0,4.408262239166575,81.126623,6.336082935333252,563.5804761951003,482.45385319510035,594.6923899385043,594.6923899385043,True,0.35479444,-0.10350244,-0.057412762,0.07226208,0.07202137,-0.23673213,-0.030845767,-0.05476369,0.27046236,-0.34706542,-0.090048596
99,Cascais_25072023,2023,2597,p,2023-07-25 17:00:00,2023-07-25 20:40:00,206.708333,206.861111,airb,1,1,174.75,47.659091,982.092708,982.092708,11529.221274,11529.221274,3.666667,3.666667,4,106.93786179450072,0.414769491324499,-0.909926518498289,21.0,7.0,0.0,0.0,71.30434782608695,35.0,236,20.84150289017341,0.043487651101276,0.055798858958576,0.028071678514277,0.037584597758404,0.046708150105572,0.06231272554974,18.68460453197576,13.515589641655248,71.95607955268072,604.6963152474826,1013.107922678646,538.5121743602718,16.58646835478402,20483.574731404726,0.546105772857302,25.59493865929696,756.7366945978553,82.57171840452268,33.78251022844666,-0.185199739084508,0.98270089887159,44.8964571069198,-0.143352689538355,0.989671665959029,0.000510937966965,0.00051648472904,16.41882331511282,18.384581685233293,11.292370139518692,-4.42074893583671,-33.45425516596878,40.6858759186575,14.47488940142012,21.83601390177978,7.737915612986936,10.720648133613881,52.141661213649115,18.03355526144674,15.140949880565412,35.124371193931594,79.89459293491603,0.062490872980079,0.998045535431219,-0.044524102956416,0.999008310403836,-0.779317441728583,0.626629336224867,-0.967444599113861,0.253082886907474,-0.998773337049874,-0.049515868146067,-0.152445258754599,-0.012140882025803,-0.057489302290561,-0.060417813657596,-0.02092342317195,5768.6694695335555,15102.739608733145,31198.864002902847,57961.08512331467,95210.90712031876,-4.626928255451363,2.144927997138254,-4.563713389769602,-6.135836579677137,-8.092751769341563,37.91271633586282,-0.215650001812496,0.976470724967354,-6.298877890157027,-0.00417122901869,0.999991300386395,0.24029666227936,-0.003571256991854,0.999993623041416,123.46268415984855,0.008210102533072,0.999966296540237,,0.0,0.0,0.0,0.0,0.0,,580.1289127747516,22.20577065152463,937.9172411755694,,631.4759627020727,,30.254824794598377,26084.514818515643,0.066644361883168,,0.0,6.8907034269921,982.092708,6.11263370513916,450.52633779354153,-531.5663702064585,-54.12588504897629,54.12588504897629,True,0.05768446,-0.07484116,-0.07767715,0.050746102,0.21491429,0.10529024,-0.025460219,0.1389169,0.23815724,-0.2894049,-0.07790271
91,CasteloBranco_04082023,2023,2473,p,2023-08-04 15:30:00,2023-08-04 17:00:00,216.645833,216.708333,airb,1,1,57.25,38.166667,975.775847,975.775847,14194.489271,14194.489271,1.5,1.5,4,286.91297554347824,-0.393934422746743,0.919138548084668,22.0,6.0,0.0,0.0,23.195876288659793,11.0,233,21.958474576271186,0.181437708178157,0.249248920391376,0.104752766191958,0.156343989968298,0.19621218979358,0.285127868652338,31.740625000000023,1.661523437500023,14.725695375127769,3987.1651110294356,980.5653125,3105.343017578125,5.669180680267119,38969.89470222866,0.043472290039062,57.00147069609757,774.2958430157582,95.1329685105748,9.771115927161798,0.709630682787965,0.704573838604504,16.3229483228067,0.710257828535564,0.703941628974978,0.000296623695697,0.000296664081839,27.419387817382812,17.811599731445312,11.724655151367188,-2.842498779296875,-33.42463684082031,17.23219871520996,27.18085765838623,10.52914571762085,20.95216178894043,34.63848304748535,16.384265805570834,20.37244554704827,31.943936968289655,40.954201865479746,57.299946826815486,0.683380147098893,0.730062719600923,0.693414317716829,0.720539092614207,0.057276317943541,0.998358364217394,-0.307494355353476,0.951549904852998,-0.539607903286562,0.84191645114624,-0.036877331846394,-0.054803114737327,-0.094153960670758,0.000509992974561,-0.041096568109382,5947.0634765625,15411.2197265625,31413.5625,58360.466796875,95828.61328125,-17.978809222897517,-10.483492767646567,-3.916841778312897,-5.688347139795,-8.524414858677439,16.946160344875583,-0.004362853098564,0.999990482711131,7.180844014085688,-0.004863455303399,0.999988173331321,5.396232522472433,0.017148305403103,0.999852957000079,41.383474523826045,-0.003546425403344,0.999993711413656,,0.0,0.0,0.0,0.0,0.0,,1894.1237524414446,24.340268554674367,630.641844478306,,472.6432693804926,,18.792977992772038,8193.594932556152,1.928187883399287,,0.0,6.884257195832309,975.775847,6.55142068862915,699.2382880588193,-276.5375589411807,-28.34027505306561,28.34027505306561,False,0.27682307,0.1451426,-0.09622575,0.049079806,0.16157559,0.09404257,-0.06328005,0.104113966,-0.0722306,0.12483723,-0.16291201
91,CasteloBranco_04082023,2023,2474,p,2023-08-04 17:00:00,2023-08-04 19:30:00,216.708333,216.8125,airb,1,1,532.25,212.9,1480.120375,1786.205428,21676.919183,25824.202707,4.0,2.5,4,280.8491217798595,-0.955237015696231,0.295841585724116,22.0,6.0,0.0,3.117268678871846,71.30133597229094,20.0,233,24.86863039399625,0.181776965992987,0.250176684083119,0.104222375361921,0.156493904827305,0.196691221810998,0.286367011114935,30.98871492456789,1.861981128895372,15.606157266419473,3784.875360338529,978.7942696907925,3290.4441123726497,5.862353581243421,35437.699386019834,-0.150242768338707,56.779881922383446,769.9121399886872,95.10230163218809,9.30766971510468,0.714001308415023,0.700144364814597,15.992536072868026,0.748703836685081,0.662904642413251,0.001894761044389,0.002018913806368,27.51617446438563,18.091648261528015,12.392133798205426,-3.136659856531429,-33.317429403285324,17.99858542203801,27.322343428622784,14.607487569622071,21.45745868895867,35.351239852880155,16.573621174967702,20.38502295202156,35.29391987984535,37.60583415557836,53.03242507699474,0.745436386222737,0.666576772844049,0.733741511896751,0.679428726004038,0.107860080895604,0.994166084187745,-0.314187745957557,0.949360869369551,-0.610441215066942,0.792061565124577,-0.046611195563193,-0.042065994266446,-0.116572987630835,-0.023902272623996,-0.077228749837985,5925.469688246834,15398.757936211116,31438.725058136868,58396.33956499844,95856.34084372997,-16.579833603334837,-10.283527426126883,-3.667537312415286,-6.063859103214842,-8.41253805908208,29.493225540522037,-0.00253672569876,0.999996782506189,9.107012939392488,-0.004996845624645,0.999987515688973,5.092014387040549,0.016967949352061,0.999856033984286,55.97974549850917,-0.00487631965173,0.999988110682649,,0.0906278612099,0.0,0.0,0.0906278612099,0.0,,1615.0113208498233,327.9872449144988,638.0678679227829,,471.50061088245747,,18.94111803708813,8303.42489353522,2.117329726769104,975.775847,90.0,7.488408465463412,1786.205428,6.69105339050293,804.1699639730929,-982.0354640269071,-54.978864616176004,54.978864616176004,True,0.15363431,0.11486957,0.16881864,-0.000107103726,0.0269772,0.1208742,-0.07111066,0.017117,-0.032892738,0.09776233,-0.1773377
91,CasteloBranco_04082023,2023,2475,p,2023-08-04 19:30:00,2023-08-05 03:00:00,216.8125,217.125,sat,1,1,2076.25,276.833333,1320.89332,1247.027289,17649.339627,16397.108745,11.5,7.5,4,313.4493076459964,0.588608325791173,-0.808418356304032,21.0,6.0,0.0,3.832230682811134,84.93321682686307,20.0,233,25.102000000000004,0.182693227379844,0.253270062193737,0.107923512532053,0.156672300246763,0.19755194229275,0.290612302836009,23.59433249660094,3.499683293594745,27.3258592835165,2146.4585142903356,974.6880654162343,3865.520276837216,8.172231894331118,19215.655981493263,-0.124119418184353,54.80182166327461,761.308158060715,95.65587421034562,9.095685371497964,0.461707344038411,0.887032315342004,21.22948719389119,0.639669426431504,0.7686501316521,0.005365867061236,0.005363154782498,24.57918029193771,18.336097572141593,12.5843364085103,-4.144157840099018,-33.28039661331702,23.514545277909953,22.97760042534774,27.796313315248653,21.58912770228809,44.72946557306666,25.263413562099856,21.652550094711504,39.030713887853075,34.43600901292929,42.68562918527311,0.777382034019779,0.629028753860482,0.894264577821916,0.447538674142235,0.353427201006699,0.935462032146987,-0.662880533496214,0.748725182100732,-0.495363397426227,0.868685849136698,-0.063919530625504,-0.045900530130701,-0.066154537276837,-0.052738216915865,-0.023950574492374,6009.196505569131,15447.327588124757,31552.098578963363,58468.02557156047,95930.95420414608,14.308404453809562,-6.812110337508085,-3.701157145133643,-6.53233176947805,-8.12138726941647,123.92933783976864,0.053584277072523,0.998563330615848,11.490790893079659,-0.000814478001004,0.999999668312738,4.964314010110811,0.017083848152305,0.999854060416974,134.8194717135375,0.039105470318705,0.999235088550814,,0.0,0.0,0.0,0.0,0.0,,132.69872015714523,21.83482556852005,723.4485403786703,,498.4646402005078,,24.68958409321782,12678.666090830311,2.62224488928259,1786.205428,240.0,7.129319414876209,1247.027289,6.0963215827941895,443.2207318902904,-803.8065571097097,-64.45781613602762,64.45781613602762,True,-0.24474178,-0.10131509,0.19282664,-0.017819379,0.10539201,0.055342995,-0.11545321,0.06032496,0.1108889,0.12842624,-0.08595928
91,CasteloBranco_04082023,2023,2476,p,2023-08-05 03:00:00,2023-08-05 08:30:00,217.125,217.354167,airb,1,1,2076.25,377.5,1241.221172,1148.317979,16349.909968,13027.528134,17.0,5.5,4,301.1524786427626,0.384322472052295,-0.923198915443261,21.0,6.0,0.0,0.0,52.41826533369359,20.0,233,21.715663461538462,0.177445076532379,0.247786795933844,0.109311184959012,0.152987479168635,0.191202670777548,0.285004636887,21.57062404362406,4.073558681507581,31.83887888817397,1762.135914661813,980.8275149986353,3202.4325441307815,8.979347366652908,17370.302413153397,0.403902072124579,54.72695357104425,783.2302506719826,96.38878856366358,9.715248334307205,0.743377552327403,0.668872046579703,22.202866937914756,0.85946228276384,0.511199163248894,0.011721448837911,0.011414788259415,22.801888354939425,18.96330055006536,12.1554964058162,-3.780153460661467,-33.43621682252444,26.92577482086129,20.51874734951744,28.976924012978433,10.617406464872806,38.286891780597635,30.00748202430224,11.699808664897505,30.49809170750159,35.56198700246473,38.11352799470542,0.972462326951177,0.23306012670704,0.98103163239562,0.193847714041683,0.386552125870085,0.922267560952524,-0.593543749699872,0.804801725390929,-0.566416153020507,0.824119373390439,-0.064176257895645,-0.026473501286589,-0.056472865828584,-0.08235479975706,-0.036564794237646,5997.787417272459,15423.509109517263,31538.991020688074,58369.08053817959,95829.18258114367,9.170278229865351,-4.188457023659145,-4.38070222916742,-6.222732921627095,-8.266282320195344,98.68847328844731,0.042884206998265,0.999080049240365,7.313012273017546,-0.00305512184374,0.99999533310437,4.784939163867432,0.015923960591254,0.999873205701147,127.89577460236217,0.035466908891969,0.999370851272764,,0.0,0.0,0.0,0.0,0.0,,194.9388416274326,143.81232717977295,755.5389135583005,,492.8166669765148,,26.775939522895417,15202.231591912365,2.2119881412566,1247.027289,690.0,7.04692398368749,1148.317979,5.590017318725586,266.7402565935269,-881.577722406473,-76.77122003908579,76.77122003908579,True,-0.13392577,-0.1378378,-0.08289583,-0.046477586,-0.030779963,0.14482042,-0.15942355,0.14756401,0.11579214,0.05451049,-0.09533056
91,CasteloBranco_04082023,2023,2477,p,2023-08-05 08:30:00,2023-08-05 10:30:00,217.354167,217.4375,airb,1,2,109.25,54.625,380.085587,403.286041,6038.251576,4592.849654,2.0,2.0,4,356.9170171113689,0.966355611538293,-0.257209704421221,22.0,6.0,0.0,17.633410672853827,82.36658932714617,20.0,233,25.064594594594595,0.184627427271003,0.255311559518104,0.110024759173393,0.157690647542475,0.199737025201313,0.292710571289057,27.316796875000023,4.301904296875023,22.95807950516096,2800.5964634289257,972.4590625000001,4227.37109375,7.214702966191567,30841.81027725461,0.722000122070312,53.01534116737778,756.6314296605806,96.22505592398277,11.041006179379316,0.978034900483124,0.208441198991382,14.490179350886452,0.97546195323523,0.220168067145328,0.000174910223311,0.00017512495679,23.780426025390625,18.960723876953125,11.5167236328125,-3.373367309570312,-33.42603302001953,26.477190017700195,20.932297706604004,32.21574592590332,15.327983379364014,35.74217414855957,15.76462835636716,11.772532438912624,24.765404201833974,35.76187442999856,35.67609206813718,0.979410678623098,0.201877989387262,0.444735405118458,0.895662000664381,0.347790788111946,0.93757216666477,-0.417552999921162,0.90865256960889,-0.745382314318676,0.666637236809447,-0.026931683978757,-0.055913647538163,-0.061145659754213,-0.016589922050301,0.020114929605592,6091.554931640625,15505.11083984375,31634.900390625,58444.62890625,95891.078125,-37.322036486294564,-5.258995323732189,-4.790083229843892,-5.814451239174181,-8.376830606468648,41.40419715924756,0.001412157731578,0.999999002904774,5.246900018608693,-0.006754797861285,0.999977186092689,4.766627935568806,0.01527385493764,0.999883347873813,35.94029225795659,-0.00171944865036,0.999998521747077,,0.0,0.0,0.0,0.0,0.0,,616.2852770996153,93.49057373046855,692.3902955518641,,505.5672498526113,,21.25804491104269,7887.109756469727,2.480917639233624,1148.317979,1020.0,6.002122649708852,403.286041,6.810075759887695,905.9395139806463,502.6534729806463,124.63944244989284,124.63944244989284,True,0.21853516,0.10897536,0.12187908,0.11169206,-0.04129007,0.0042017214,-0.13691473,0.010291673,-0.080929816,0.14003925,-0.09781825
91,CasteloBranco_04082023,2023,2479,p,2023-08-05 10:30:00,2023-08-05 14:00:00,217.4375,217.583333,sat,1,2,93.5,26.714286,130.370995,117.496765,2075.325763,1625.85803,5.5,3.5,4,353.8675854557641,0.583941825840936,-0.811795506290564,21.0,6.0,0.0,48.793565683646115,51.206434316353885,20.0,233,24.934333333333335,0.184225568085903,0.255089882346168,0.108781710863113,0.157408389449118,0.199382064640515,0.29258422851562,32.23336181640627,3.444482421875023,16.348066723252636,4041.152138117589,971.02828125,4227.37109375,5.837304759275227,32539.312297129825,0.915435791015625,53.01534116737778,756.6314296605806,96.22505592398277,7.769877566041465,0.768243825039691,0.640157344164998,9.887929192521396,0.64596299839927,0.763368721326087,0.041935208550549,0.040953623023023,28.11663818359375,19.939979553222656,12.109107971191406,-3.597770690917969,-33.579132080078125,20.075268268585205,22.326508045196533,27.709747314453125,17.458117961883545,38.11660957336426,10.243092780307615,15.295259642762659,18.416694451228892,29.904944831746743,33.99239528884132,0.62454412983651,0.780989519703533,0.370719196347163,0.928745001310755,0.017570954025089,0.999845618870558,-0.430226430039382,0.902721008338439,-0.95075890494304,0.309931451568749,-0.032668653870964,-0.063553366704211,-0.082156220298043,-0.016274786948812,-0.031685945661988,5983.4207763671875,15478.954833984375,31660.07568359375,58497.5126953125,95922.43359375,-41.978454231827314,-8.921922595323974,-5.039028131369899,-6.133399752483017,-8.356955357241088,22.31496288847281,-0.008327795081884,0.999965323313301,3.996815249930732,0.016505988258419,0.999863766896077,4.188520843813542,0.017406951601819,0.999848487539953,23.065942800677977,-0.004340019117497,0.999990582072681,,0.0,0.0,0.0,0.0,0.0,,1190.1999914550934,163.65583333333453,637.2072328302744,,502.0739599276438,,16.914940296235528,5404.074668884277,2.554191761622073,283.570585,1140.0,4.774885660624487,117.496765,6.374063014984131,585.4356919771891,467.9389269771891,398.25686007371274,398.25686007371274,True,-0.02259163,0.07992502,0.116471365,-0.08095368,-0.04067315,0.1325094,-0.12603003,0.0046921195,-0.14529288,0.1086577,-0.11145001
91,CasteloBranco_04082023,2023,2480,p,2023-08-05 10:30:00,2023-08-05 14:00:00,217.4375,217.583333,sat,1,2,6.75,1.928571,53.766562,83.509382,397.211029,759.366145,5.5,3.5,4,323.41001674107144,-0.548377667532123,-0.836230789765617,31.0,7.0,0.0,0.0,100.0,17.0,223,15.408333333333333,0.174713937836878,0.24493155947399,0.107890292406078,0.150040225386611,0.188407180607311,0.282083740234366,32.60347900390627,3.903466796875023,16.533186022856707,4116.8824321594875,976.2307812500001,3575.44970703125,5.825099026672172,35655.9971507966,0.823780059814453,54.172738328038314,774.9502785348401,96.25626249657802,8.30578850320499,0.723542400171499,0.690279939701326,10.833771854378924,0.635514004305683,0.772089340899974,0.045959042321091,0.044712858220626,27.941650390625,19.93695831298828,12.289398193359375,-3.620307922363281,-33.60285568237305,20.03542470932007,22.03318738937378,27.047051429748535,17.05909490585327,38.61313247680664,11.602003763918429,16.310426321997067,18.225810790193805,28.199565110197277,31.40623069956686,0.636223059894402,0.771505163986998,0.433363300428982,0.901219312843051,0.100567654862511,0.994930222073616,-0.416988596106548,0.908911717779615,-0.963058653581248,0.269291718703478,-0.048165426169388,-0.063165430022086,-0.085359432073192,-0.01608531493562,-0.032043014094672,5982.2808837890625,15475.46728515625,31665.74853515625,58507.4375,95934.83203125,-28.576252149179115,-8.734282100368986,-4.921070429449781,-6.212602112197522,-8.357286044300247,17.671336636457568,-0.000105834001848,0.999999994399582,3.525370431496615,0.00648226692241,0.999978989887061,3.658387286176269,0.017343571478543,0.999849588952443,25.71710580635336,5.4754103234e-05,0.999999998500994,,0.0,0.0,0.0,0.0,0.0,,1212.9924914550909,165.3624999999988,641.6995887552653,,505.71843034937706,,17.10895912674924,6126.933693885803,2.477069664693166,283.570585,1140.0,4.436862557785599,83.509382,5.555727005004883,257.71498325467655,174.20560125467654,208.60602375751807,208.60602375751807,True,-0.029731052,0.08474576,-0.08749635,-0.055928435,-0.043235183,-0.27178288,-0.117970996,-0.09374001,-0.12597774,0.13871977,-0.079521425
91,CasteloBranco_04082023,2023,2481,p,2023-08-05 10:30:00,2023-08-05 14:00:00,217.4375,217.583333,sat,1,2,421.0,120.285714,174.190658,210.136859,2370.730056,1092.711665,5.5,3.5,4,259.46260795116143,0.161086083969409,-0.986940359672964,21.0,6.0,0.0,0.0,36.034115138592746,20.0,233,21.729322033898303,0.179300361085248,0.24906354904692,0.109092426973629,0.154553605956837,0.193343936036331,0.285975288709181,32.91840995590016,3.742744439863579,16.074525342275777,4214.9894195792,980.9952400802933,3156.4509238637384,5.732145400274938,35494.17936265208,0.9378102830264,54.52082784991422,783.3963467149183,96.41697493172161,8.20281754222428,0.78527333324975,0.619149248636245,10.494163188923757,0.673505486771237,0.739182223331324,0.033041034021199,0.032565844533838,28.002446668757386,20.036979694298594,12.161359128245792,-3.579261182213111,-33.57475094360781,19.988356634654433,21.7896567907876,27.56269905343266,17.342915984015402,37.88497970108807,11.075951327630309,15.725583943366795,18.237434251942783,29.493186538294495,33.30915720878262,0.65075035096882,0.759291762574807,0.401806951670475,0.915724398271271,0.047569411895407,0.998867934740086,-0.422330379578484,0.906441973038039,-0.948772743999949,0.315959301560829,-0.035160203581868,-0.065196729007101,-0.081442411464315,-0.014820008655303,-0.038917515477663,5981.440657181902,15475.560338023088,31660.101665758797,58499.806687981276,95925.96253725087,-25.13497334551586,-8.691481813581033,-5.067823315529504,-6.14657557322292,-8.36089347647797,13.815954369593616,-0.004751231482294,0.999988712836001,3.62797434318724,0.015824020993055,0.999874792341327,3.945771495530147,0.016970357938552,0.999855993106726,24.244056736933345,-0.004351034442134,0.999990534204841,,0.0,0.0,0.0,0.0,0.0,,1203.9421391606538,162.70819454895923,640.5118029072269,,498.9767731158035,,16.9303704546828,5787.966899705645,2.500747366368679,283.570585,1140.0,5.352506544065557,210.136859,6.243701457977295,513.7603527918293,303.62349379182933,144.4884515913647,144.4884515913647,True,-0.010882888,0.09423722,-0.07842079,-0.057791233,-0.027965585,0.106785655,-0.12561889,0.12118542,-0.14850707,0.121067844,-0.08980345
91,CasteloBranco_04082023,2023,2483,p,2023-08-05 14:00:00,2023-08-05 19:30:00,217.583333,217.8125,airb,1,2,602.75,109.590909,400.856018,363.162525,5313.485866,4145.20949,11.0,5.5,4,346.7255758946935,0.114378233348302,-0.993437275189592,21.0,6.0,0.0,6.858407079646017,81.10619469026548,20.0,233,24.56730449251248,0.181834452882242,0.252852161398029,0.106596958760308,0.155988359225237,0.1966876532385,0.290427668549239,34.60905070374769,5.01652917168813,16.046530184638826,4620.193362923527,972.1131986922234,3888.7414657502304,5.559329974366835,40303.190886399556,1.324113132000019,53.5767930464062,765.281379523777,96.28672362957182,8.40511296606653,0.107688269919052,0.994184709458882,12.97210601291697,-0.075123413204638,0.997174243945603,0.037825880546895,0.037856982658869,31.04912762328439,21.690972388941475,13.042746124941436,-3.559762179900908,-33.82702187888487,19.052622454924556,27.34091682434215,20.172396608502527,16.181287928319083,42.13496704806229,13.173772918558695,14.639975729938195,22.222436388983994,20.68816718072514,39.38161338715198,-0.041076405318657,0.999156008302056,0.319668676175176,0.947529386073282,-0.342005570931852,0.93969792457554,-0.574441055861018,0.818545950659631,-0.999913330418073,0.013165547927775,-0.047630741644593,-0.033808110158839,-0.083914322888591,-0.034474066727598,0.002054842135692,5804.439014700627,15397.14987843157,31626.792540582774,58531.746246018396,95937.23978718689,-20.00018720091001,-10.211107056091459,-5.564981493342831,-6.483135352230568,-8.436646181846942,28.996027824185205,0.0053886087046,0.999985481342719,4.861345773716203,0.013627285089453,0.999907144239449,2.184128699572488,0.005918151249926,0.999982487589549,40.56929084085367,0.003000923605023,0.999995497218621,,0.0,0.0,0.0,0.0,0.0,,1336.5341174320358,318.2210156619313,631.8948948235185,,503.66677440734503,,14.945195443544028,6674.917776489703,2.473287443343245,54.899038,1350.0,5.897600265239251,363.162525,6.435697555541992,622.7175087583361,259.55498375833605,71.47075094224991,71.47075094224991,True,-0.14926854,0.10666189,0.15305944,-0.10202497,-0.041518778,0.020822829,-0.04625954,0.0060765864,-0.10296358,0.13495095,-0.087683
91,CasteloBranco_04082023,2023,2484,p,2023-08-05 19:30:00,2023-08-06 03:00:00,217.8125,218.125,sat,1,2,211.0,28.133333,277.855372,232.399634,3536.693087,2398.386499,18.5,7.5,4,341.5104289940828,0.756141428865929,-0.654408236158891,22.0,7.0,0.0,0.0,90.70631970260223,21.0,233,24.92440758293839,0.177041953548368,0.246750552331351,0.103248314364382,0.153471825185447,0.191090955908219,0.283633408830283,26.05123779915884,10.975663442124576,39.905568902435775,2095.943330990856,982.0485172445958,2821.799910205502,9.61222245301051,17362.65364137194,1.616668003073876,51.54008832250893,797.1070900336242,96.7424136939967,8.11140562948307,-0.178128636940395,0.984007209679765,17.18837586660745,0.194815812524399,0.980839843802472,0.022757916599942,0.022967106878994,29.415022009260927,22.634944029740588,13.40160802359284,-4.177126719633566,-34.18641158014037,25.166164426028704,26.446784241878262,17.25027068887293,16.765514835617786,29.08378659088737,18.311120708508742,2.805675864614779,27.588826233307238,17.77081675000582,36.93952717568377,0.498907350187174,0.866655327064464,0.802125259110246,0.597155816096035,-0.375190931230695,0.92694755251969,-0.931031746274976,0.364938196724006,-0.991588334922926,-0.129431735075981,-0.061624937701431,-0.013586133588219,-0.02855903272809,-0.015301486393419,-0.001842333373988,5783.665997624451,15380.35077856297,31620.46662578541,58538.67348036706,95843.0773677226,14.960127385323325,-7.398050188723071,-5.94148932133305,-6.86434330094901,-8.364738699712907,47.432308944981216,-0.134442107823771,0.990921449784947,7.133773599520064,0.018384847632754,0.999830984405625,1.906064305324841,0.006896567439482,0.999976218395994,110.29730976495462,-0.157460294762666,0.987525318953015,,0.0,0.0,0.0,0.0,0.0,,77.46012456180537,21.4241435296744,787.5650258799312,,562.4058665375991,,22.61872029693708,9629.98952458693,2.005650663851746,363.162525,1680.0,5.452752151727832,232.399634,5.375397205352783,215.02566182067358,-17.373972179326415,-7.4759034170107235,7.4759034170107235,False,-0.31071973,-0.15500078,-0.105519354,-0.04218985,0.0067828423,-0.009039109,-0.066360116,0.009764891,-0.039675698,0.046132952,-0.109651886
32,CasteloBranco_13082017,2017,389,p,2017-08-13 01:30:00,2017-08-13 12:30:00,225.0625,225.520833,sat,1,1,358.75,32.613636,260.874048,260.874048,3304.535951,3304.535951,11.0,11.0,2,665.4148834377174,0.050257939215287,-0.998736271267762,21.0,6.0,0.0,0.0,82.80060882800609,31.0,227,21.62899441340782,0.194499087380976,0.268969921083185,0.101430860864752,0.159346878738489,0.213800114701889,0.308372478597581,24.86793779271491,7.039829405776636,34.89341663596082,2257.3858011306993,960.6665502813777,4488.222943724523,9.058924049947258,15755.607650754891,4.058456461651212,52.778119981317225,874.920889823507,96.66424780133308,3.46008248007371,0.403559261891098,0.914953508186024,8.70867675193145,0.610032469388456,0.792376417046736,0.517038044163074,0.522845299669237,25.927949700604824,20.112693186639323,5.995780263336901,-11.312669057553556,-38.32502569955055,30.432676319497958,26.99801311061168,48.77434886283963,34.678157488053166,27.259651940042463,6.772376839619345,2.858957072053607,9.18167957126473,28.594660722353417,51.03128449370398,0.716840293151725,0.697237401545664,-0.275915473748064,-0.961181903359807,-0.993869487244542,-0.110559677659949,-0.999200203384844,-0.039986917306616,-0.997592667907464,0.069346008805618,-0.018821572033432,0.045889312633985,0.03073344404846,0.003863605655165,-0.013852151836523,5667.935741330709,15173.45815375946,31161.578955924964,57360.426608208734,93700.1943726281,,-6.345289785835049,-9.083985173738267,-6.758799190109585,-7.529379857735912,26.780242790422925,-0.378977160898965,0.925406025221881,1.112737987525458,0.011579457051009,0.999932955839742,4.348153863025634,0.005993813104226,0.9999820369409,50.70352934891153,-0.359705890258538,0.933065738580789,,0.0,0.0,0.0,0.0,0.0,,451.591243234363,303.9537408875573,741.9128714993793,,616.8639633928801,,14.963322340284877,4325.617184251909,2.130427688836386,,0.0,5.567863655347598,260.874048,5.350174427032471,209.6450368511279,-51.229011148872104,-19.63745015712414,19.63745015712414,False,-0.4378399,-0.18560295,-0.09685041,-0.16901805,0.20773968,0.022036841,-0.09500903,0.081128776,-0.23717354,0.044912264,-0.08523956
32,CasteloBranco_13082017,2017,390,p,2017-08-13 12:30:00,2017-08-13 15:00:00,225.520833,225.625,sat,2,2,173.5,69.4,294.212925,294.212925,4832.073114,4832.073114,2.5,2.5,2,732.3649730215827,-0.396733078496404,-0.917934019647799,21.0,6.0,0.0,0.0,81.2206572769953,31.0,227,21.53306358381503,0.198351011794839,0.272257318340686,0.101664438218869,0.160575792372543,0.21876886766845,0.311361184237959,34.541515941123265,4.196092650164746,15.077378489089355,4645.708530041585,959.6296788074311,4783.993118161903,5.436217123425647,31864.633647489198,4.836644421102638,51.99865429628259,834.9377352010057,96.50393443887496,6.613073550817551,-0.434737009605775,-0.900557456511814,6.457367764999287,-0.656488681392495,-0.754335874265266,0.032763418035447,0.032791674379023,30.989961267794587,21.700010005190347,6.026721162985066,-10.978386564637157,-38.874303417831015,17.86041974965414,27.446551317567128,58.836351219355834,21.207012871846135,42.375266984587995,5.416453937886602,6.99387595505344,7.951041232132858,23.913244764841785,42.359365793423464,-0.577613393730435,-0.816310460170155,-0.75687906395715,-0.653554957553952,-0.984720779353236,-0.174140709513762,-0.999997353299763,-0.002300737592529,-0.965612464670506,-0.259985707439756,0.03045172146901,0.148785429480787,0.118174499254953,-0.034443543774801,-0.003539167434949,5551.2940165251675,15137.865434162923,31173.63496793335,57374.84598072467,93731.70428434398,,-10.136686613212033,-10.085485703555898,-6.640346931510464,-7.775661977635791,4.074801199794847,-0.030611981861036,0.999531343463795,1.021831282691055,0.005098138708603,0.999987004406411,3.619935963850322,0.003233116860459,0.999994773464025,14.01031381693664,0.008694778864473,0.999962199695817,,0.3766136868934,0.0,0.0,0.3766136868934,0.0,,3042.4312096491503,158.4444692783577,616.5511420492039,,775.9963591761237,,7.389250160184798,2850.4551690384483,0.953767801316292,,660.0,5.68769687564317,294.212925,6.416995048522949,611.1608339284209,316.9479089284209,107.72739128589299,107.72739128589299,True,0.14486745,0.11550018,-0.07622342,-0.030088184,-0.031143306,-0.0019153503,0.0820722,0.10629314,-0.2508717,0.12419668,-0.07040415
32,CasteloBranco_13082017,2017,391,p,2017-08-13 15:00:00,2017-08-14 00:00:00,225.625,226.0,sat,2,2,686.5,76.277778,295.099342,329.895764,4501.640197,5158.659514,11.5,9.0,2,824.2963064046579,-0.300805578047968,-0.95368548495572,21.0,7.0,0.0,0.0,97.03703703703704,12.0,233,24.842037572254338,0.20058054051113,0.274430733522966,0.098936666784379,0.16054952345884,0.222138297097038,0.313504909719705,29.68051662238957,9.364484429214698,31.14232534815568,3061.758637198051,959.1107607169776,5049.6056900682515,8.075019934413902,23691.357717828378,4.556413863500183,52.019056593837334,802.1685176863757,96.34791855863851,6.379305424107924,-0.888095952009609,0.459658112105231,10.53122166907556,-0.88892875733759,0.458045482870696,0.138289524319735,0.144316692335015,29.145053755031785,21.892664846834002,6.77983711983364,-10.932373970806605,-39.10061554990048,30.707678865217325,28.77091209578304,56.03088050642996,39.9873582268607,43.32262027126524,7.693126517617065,8.183981845208947,10.300215579428667,26.58638851380815,39.87803329827477,-0.875376422536612,0.483441949841967,-0.99399439149604,-0.109431027018928,0.076196672906291,-0.997092807635283,-0.980386843348357,-0.197082818605387,-0.997341248383792,-0.072872726532355,-0.047361094917265,-0.028924100491279,0.013372780865699,0.023560944583267,0.005999525673196,5514.574970718813,15078.665857669268,31150.23293757384,57388.4086443114,93726.77471816033,,-7.913410036440533,-9.72483883347609,-6.916464655789886,-7.851569323785928,71.55847647981436,0.076870820515056,0.997041060816124,1.636772540494967,-0.012720551322531,0.999919090513853,3.825946120885576,-0.001983920398264,0.99999803202799,45.69056383280356,0.010306247511953,0.999946889220734,3892.3201178681843,6.8316253238355,0.0,2.1792184887019,7.8966653456255,0.483326029674077,,1172.3121734493945,390.97948376104375,716.2600295750681,,934.3008492942265,,11.583722444559934,4314.8822225309395,1.691841122849738,294.212925,810.0,5.801803413395038,329.895764,5.510534286499023,246.28321186045306,-83.61255213954692,-25.34514269772404,25.34514269772404,False,-0.3768279,-0.09379436,-0.09186322,-0.12120262,-0.0025675427,-0.02819995,0.09213134,0.033085674,-0.124241,0.109712295,-0.08182111
32,CasteloBranco_13082017,2017,392,p,2017-08-14 00:00:00,2017-08-14 13:00:00,226.0,226.541667,sat,2,3,222.0,17.076923,98.061415,100.974249,1515.866039,1560.8936,13.0,13.0,2,1016.1723993288591,-0.90258658750625,0.430508364673466,22.0,7.0,0.0,0.0,100.0,12.0,233,26.61890909090909,0.201235083984224,0.275239055047525,0.097265010931687,0.161961130530294,0.222798188621729,0.314394595292657,25.388285432765695,10.760903756730574,44.93740661093606,2082.253876721317,960.1365432888207,4886.071263967316,10.973948424318644,15099.398480311502,4.216598663097196,58.84592708378399,821.8627257723084,96.33745329034475,2.498743158849622,-0.951721943321787,0.3069614676141,3.419013163304451,-0.920224844824859,0.391390131412463,0.604157030253697,0.564670069927217,27.642080491155404,21.271161422896803,6.837964096702406,-11.561219721895904,-38.03918972325262,40.48394048301714,27.120908262328193,55.97944219850783,51.09935508708788,40.28402440603088,2.675869541737534,14.120444577272574,24.674629329100963,27.152001970853732,43.74284328596327,-0.939406905486885,0.342804121800708,-0.693206755386358,-0.720738783670421,-0.48984362390758,-0.871810314298408,-0.816253611539349,-0.577693726509964,-0.983487538279553,0.180975860403601,-0.020424550703241,0.02657541678504,0.074191541709021,0.034564747692542,0.004903692020563,5511.29254427831,15035.139933417591,31093.974139238424,57292.90676121654,93723.77930406092,,-6.95159836769376,-9.287508624096363,-7.184721541849941,-7.380425804536999,19.439076043057884,-0.412236310797521,0.91107695836304,8.060099411560463,-0.008066278110054,0.999967467049529,4.406163193706912,-0.002260910574256,0.999997444138421,21.991059700466646,-0.192618380632447,0.981273743377725,,0.1236335677809,0.0,0.0,0.1236335677809,0.065757174049374,,425.5142287222933,274.0593804796548,779.7945775111415,,943.5512847076553,,14.044328295876527,2924.275506140634,1.77312153183386,329.895764,1350.0,4.624720320626369,100.974249,4.865436553955078,128.72755933101894,27.753310331018938,27.485532802545464,27.485532802545464,False,-0.3969159,-0.15683451,-0.091795295,-0.2127988,0.014252037,-0.23326787,0.08510512,0.027965158,-0.24489622,-0.057311274,-0.06070095
32,CasteloBranco_13082017,2017,393,p,2017-08-14 13:00:00,2017-08-14 15:00:00,226.541667,226.625,sat,3,3,474.25,237.125,716.985019,716.985019,9409.342775,9409.342775,2.0,2.0,2,956.503426462836,-0.973562877257104,0.228419184892315,22.0,7.0,0.0,0.0,100.0,12.0,233,27.51919491525424,0.202653440954209,0.275593266851313,0.100371497363361,0.163673982564235,0.223966527500395,0.314185767325972,34.82323247137639,6.311704220819137,17.190986597599178,4600.485033221452,959.8417562332705,4889.783215684948,5.691268956940651,55414.70155915641,3.951940360421891,58.8340843594134,821.5823520298715,96.33492410319263,11.738916801132255,-0.795880282015771,-0.605454025255838,13.104551787707646,-0.942682112201702,-0.333692126570193,0.024626415949598,0.024645767954825,30.599290726195193,21.30577955235597,7.401898831512185,-11.07821548976644,-37.829955375565795,20.713661944667752,33.88815712255579,54.95685895951436,43.967868868090704,37.039585443409514,10.63495579811808,13.697133632741501,17.422327764322485,38.40143459980967,63.44101786906666,-0.915956944694118,-0.401276557334983,-0.898721577880071,-0.438519697907352,-0.38221934852679,-0.924071625801678,-0.717892805567743,-0.696153660993085,-0.92325373096599,-0.384190770656168,0.008408519667203,0.133170055958351,0.047020608350474,0.03610863369189,0.112329180361545,5484.11268029021,15059.592656057246,31122.61704431116,57370.58712144636,93852.91085491166,,-10.140570993607556,-8.946902698329017,-7.216324200518542,-7.456735971802163,5.919974290520966,-0.031979689559411,0.999488518921395,2.726817939549613,-0.005711540591315,0.999983689019013,5.483983066410393,-0.001421509826878,0.999998989654396,30.514568780676573,-0.000741645777717,0.999999724980732,,5.4177180697403,0.0,0.0,5.4177180697403,2.801642063682666,,2106.8058233146644,268.7857976025473,633.8345718350737,,924.0067098013511,,7.249115314233349,5411.632297286537,1.676655839613133,,2130.0,6.576448703928042,716.985019,6.5516557693481445,699.4029199291745,-17.582099070825507,-2.452226839460018,2.452226839460018,False,0.2051394,0.28544238,-0.08493077,-0.0698789,-0.08555733,-0.30976436,0.07114311,-0.007847633,-0.12814403,0.10144492,9.6134376e-05
32,CasteloBranco_13082017,2017,394,p,2017-08-14 15:00:00,2017-08-15 03:00:00,226.625,227.125,sat,3,3,3110.5,259.208333,549.901331,549.95194,6797.104579,5742.303533,14.0,12.0,2,823.812454801125,0.845234844595507,-0.534395038788356,22.0,7.0,0.0,4.486263967067126,91.64916407628328,12.0,233,24.413495803744354,0.202318787406756,0.275369450984352,0.100098677694944,0.163421825520396,0.223601800845592,0.314020595734403,25.65480451368755,12.595782917721237,49.52155039759088,1970.790386239905,961.047293094393,4889.172474350839,11.68991275840232,22084.5440057116,3.712638243268768,56.23521813472088,824.1461840219848,95.97126182748903,8.776949659870876,-0.880392982000803,0.474244870550788,14.764253329389286,-0.862417414883605,0.506197789905764,0.076249351750082,0.068184786460082,24.54419962269384,21.27304697281589,7.847770486278358,-10.618912934891132,-38.34370347224614,50.641767334267804,25.421028549086056,44.019614395855385,31.104385289471995,44.56117662924945,11.163241696235813,15.043297103614053,22.04740726280149,43.61074978302336,57.98700343465961,-0.848455379994993,0.529266915797268,-0.997009063015904,-0.077284722061664,-0.864153584136466,-0.503228161994239,-0.83982498988353,-0.542857243082496,-0.923742423470505,-0.383014275296414,-0.077765022172072,-0.10103348457157,0.074902073163355,-0.000374270808469,0.020099602465267,5576.892906309422,15072.187113642294,31157.176968677042,57402.30647578198,93918.20400358536,,-3.569302823930587,-8.638929291384658,-7.211079550631246,-7.727962509844729,56.69059613454574,0.033237711142925,0.999447474636851,5.432238027998296,-0.007657858805972,0.999970678169369,6.725831727435092,-0.00375559404138,0.999992947731831,63.75398341094102,0.006602193165795,0.999978205285196,,5.1626889654152,0.8304658483383,0.0011459685518,5.9936702899368,1.485707230790285,,611.0046605474874,172.62708447960082,798.7377123959136,,811.1030272375181,,14.965414788397677,6588.859669590127,1.392624734030464,716.985019,2250.0,6.311647582118257,549.95194,5.63909387588501,280.2077938327244,-269.74414616727563,-49.04867617473549,49.04867617473549,True,-0.44825935,-0.13716966,0.14950345,-0.06763251,-0.16073194,-0.00757116,0.15304689,0.042579487,-0.051046647,-0.014295392,-0.06945716
32,CasteloBranco_13082017,2017,395,p,2017-08-15 14:30:00,2017-08-15 23:00:00,227.604167,227.958333,sat,4,4,873.25,102.735294,289.920878,289.920878,2634.076627,2634.076627,8.5,8.5,2,555.5445942070547,0.332526002414067,-0.943094087415736,31.0,6.0,0.0,29.300196206671025,55.984303466317854,19.0,233,19.099313501144163,0.200082148981645,0.272476966902389,0.103063386320996,0.163705249629942,0.220124457662343,0.310781103368391,25.28585434185534,10.004090092707191,40.40389111288764,2047.2154382757847,964.5342600685196,4667.457829637357,9.853521570930182,28080.501209116304,1.355557790397409,51.825427762145225,862.0508464551385,95.39756909211391,12.830916573020993,-0.768648255481187,0.639671680900232,20.957114745737023,-0.750962874777927,0.660344425815249,0.005304234123933,0.005832493499802,23.61140500610754,17.990609738811727,9.27949415801691,-7.692272709696939,-35.07240559861462,42.901307615155076,30.132717632854174,13.85900768816952,61.64431502998813,67.78076972789798,18.90741905367331,17.055708452640154,28.90999338829621,46.90702129657055,62.2836078040936,-0.714135539969683,0.700007450354787,-0.57371488439068,0.819055084489797,-0.998863633919907,0.047659635251636,-0.995920486515351,0.090235162431426,-0.883730730717692,0.467995721759477,-0.17169393208199,-0.149775399399861,-0.034645945447429,-0.029690805427232,-0.000869266917377,5911.315098237888,15324.277191657537,31328.507202507935,57821.49395947988,94870.90454030829,,-6.133104311424652,-5.605449662584513,-6.627327615177239,-7.631893203847044,82.7797115963767,0.027659342125788,0.999617407207962,6.033775134484301,-0.004183460198527,0.999991249292096,6.512460302964617,-0.002000700036025,0.99999799859768,77.76491453043556,0.008746869009004,0.999961745409563,9772.816247508617,65.5696557546469,0.0,0.0697521161133,65.63940787076021,0.0,,850.7794769581823,165.2249849865531,772.3976026036794,,630.608146895411,,18.175107874724304,9560.341303642766,1.399936618719866,,3660.0,5.6730513332936106,289.920878,6.188519477844238,486.12437364794863,196.2034956479486,67.67484184010667,67.67484184010667,True,-0.33167636,-0.09495931,0.09068968,-0.035962574,-0.16350046,0.15848969,0.12583643,0.102569,0.021635568,0.035220172,-0.086457126
30,CasteloBranco_23072017,2017,358,p,2017-07-23 18:00:00,2017-07-24 01:00:00,204.75,205.041667,sat,1,1,913.75,130.535714,1245.350297,1245.350297,16158.974016,16158.974016,7.0,7.0,3,245.02623225013653,-0.647850320768359,-0.761767656100162,21.0,7.0,0.110041265474553,0.0,95.70839064649243,15.0,236,22.447017353579177,0.192866179381172,0.242077321597872,0.109742445483038,0.163733248573831,0.209444758328965,0.268114962982369,24.125211594954862,14.784206245148386,57.661775556219716,1375.169958624794,987.4662886036458,2542.712681234598,13.296341268331407,21941.1019004267,1.946860640249324,45.48429201707704,763.0753665593425,94.1389006396067,13.77872791988729,-0.628256374015098,0.778006380763938,26.730781478182138,-0.566133366089495,0.824313661053957,0.00138777651619,0.001886046659288,21.98650985679557,18.631888895321453,8.738167614822803,-6.974296788121434,-36.16622701640617,59.32659095512148,34.48682340586926,23.56561943106854,21.0101457467881,34.28026907524453,36.78184366811856,24.428204338382898,27.738701413958,47.23836620042484,54.780840124410844,-0.408158257420823,0.91291118784863,-0.106715507372382,0.994289595885552,-0.599048117976839,0.800713027462653,-0.882981849345644,0.46940713003335,-0.920712004330103,0.390242751479697,-0.161960316883088,-0.154912016906477,-0.006068065654927,-0.106435498287924,0.03040348046817,6015.349813785805,15449.603446400317,31462.69115837429,57969.66215956217,94925.58129828665,-7.118155330040288,-3.660378879430489,-6.366435630327868,-6.135580935784358,-8.136910613994832,75.98239482981833,0.018166778223405,0.999834970467117,4.371115002679906,0.000287048058542,0.999999958801705,5.871242853094341,-0.001249241924919,0.999999219697002,118.4270068931588,0.020908278010946,0.999781398061905,,0.0,0.7537732378933,0.0,0.7537732378933,0.0,,476.7854070946816,103.31227314193609,861.975024748182,,715.6841366219965,,21.16960044181741,18563.832812776807,0.877150898158017,,0.0,7.127974797074895,1245.350297,6.073614597320557,433.2474779698881,-812.1028190301118,-65.21079418268384,65.21079418268384,True,-0.28290325,-0.0805296,-0.085398644,0.08654691,0.20910498,0.015720537,0.21646649,0.11450274,0.2690159,-0.09548372,-0.08749871
30,CasteloBranco_23072017,2017,359,p,2017-07-24 15:00:00,2017-07-24 23:30:00,205.625,205.979167,"sat,fops",2,2,1388.5,163.352941,967.660072,967.660072,12722.217179,12722.217179,8.5,8.5,3,336.850377426312,0.588996522987847,0.808135567778221,32.0,6.0,1.199400299850075,2.230134932533733,86.8440779610195,18.0,236,22.427116212338596,0.190270830313698,0.23775375384922,0.106254996293122,0.162049527565639,0.206670249700549,0.262876993815104,28.526025390625023,12.960514322916689,40.376218046570685,2483.250541587346,989.8106250000001,2117.91796875,9.42781067917797,34115.278532296994,1.021092732747396,48.28300368572077,777.7931880083079,94.21256577374412,12.749068948130368,-0.594125607968772,0.804372278211859,22.41605422600891,-0.528250778496265,0.849088402357546,0.005102282677886,0.004886483609741,25.359527587890625,18.90160454644097,10.85941908094618,-6.993733723958333,-36.610738118489586,44.86348978678385,42.5304626888699,20.612292183770073,21.761319902208115,48.85082456800673,26.272069060028617,17.995157321236046,29.960859783463157,22.75648657258763,8.959571257712527,-0.344365958471235,0.938835494986309,0.186070357711447,0.982536422724946,-0.487705253176803,0.873008353925522,-0.837479139484182,0.546469295504179,0.194253922982996,-0.980951279832855,-0.076054348661479,-0.067070750763815,-0.070932267131211,-0.038129623967659,0.026355600831978,5864.684895833333,15341.886393229166,31442.58376736111,58029.16015625,94948.55381944444,-8.384294285823934,-7.046532343708478,-5.1750048987281,-6.971501171572514,-8.255395087889438,37.68894917094086,-0.058605548088779,0.998281217760413,5.692820969786261,0.00099104456616,0.999999508915213,1.54834813405984,-0.001133614417634,0.99999935745897,84.87116961674583,0.02018314314844,0.999796299619402,,0.0,0.0,0.0,0.0,0.0,,899.3983222113725,201.514664001464,790.3642846115713,,654.7650454030595,,17.76006195309705,13536.32958730062,1.16444004251206,,1260.0,6.875913747455462,967.660072,6.386287689208984,592.64867562602,-375.01139637398,-38.754455952583726,38.754455952583726,True,-0.31094256,0.16045356,0.13286625,-0.008250698,-0.031199386,0.042640828,0.13872227,0.11604445,0.14963946,0.050344147,-0.0988613
30,CasteloBranco_23072017,2017,360,p,2017-07-25 14:30:00,2017-07-26 01:00:00,206.604167,207.041667,sat,3,3,393.25,37.452381,321.858908,321.858908,3758.455543,3758.455543,10.5,10.5,3,284.6108226837061,0.511758182940086,-0.859129537493538,31.0,7.0,0.0,0.0,94.80181936322288,14.0,236,20.965575447570334,0.189498962363332,0.237297386307131,0.10756172548641,0.161197723692115,0.205719610561026,0.262587557705966,30.698410866477296,9.584774502840931,28.851676034649497,3318.145457929372,985.9501704545456,2117.91796875,7.666283501995301,35517.45654194011,2.123350663618608,47.00068436270977,789.3324809376008,95.28675247180423,10.079342185982417,-0.21880054317101,0.975769605136413,19.04283061151187,-0.130955313591682,0.991388271991405,0.009873495850141,0.010080908970129,28.513485995205965,19.87301358309659,9.626312255859375,-7.014240611683238,-35.43189586292613,28.068941809914328,36.526752125133164,24.519199458035555,22.326020414179023,37.54711151123047,22.24670800662398,21.20497549737333,23.15653908733042,38.06488236771734,43.89665156216765,0.043959892121782,0.999033296684671,0.447385762311695,0.894341086879488,-0.404177330217666,0.914680646858848,-0.63105511576133,0.775737997568415,0.159548398014823,0.98719010767476,-0.052166331397471,-0.048663575606496,-0.054859241241209,-0.063425547288001,-0.081647765560924,5556.956187855114,15090.089133522728,31150.534268465908,57664.626775568184,94680.60653409091,-2.770166559069946,-9.428010821135794,-6.593572082087499,-6.497991423667096,-7.921090480499931,38.44629183865973,-0.138580601060075,0.990351158433123,4.436024795641459,-0.000911714284379,0.999999584388445,5.045471697371385,-0.001412438714176,0.999999002507942,93.18557636245247,-0.405980247342303,0.913881851645979,,0.0,0.0,0.0,0.0,0.0,,1012.3915172785001,244.19603678385278,726.8453622410437,,607.0030249374604,,16.367112187881954,11787.495829842308,1.72426542748573,,2670.0,5.77721541045271,321.858908,5.7124714851379395,301.6180608519074,-20.240847148092598,-6.28873293390177,6.28873293390177,False,-0.43725166,0.21217498,-0.086976774,-0.03346372,-0.13453756,-0.001479883,-0.0029235408,0.13159387,-0.054837033,0.14165096,-0.06328405
30,CasteloBranco_23072017,2017,362,p,2017-07-27 14:00:00,2017-07-28 02:00:00,208.583333,209.083333,sat,5,5,722.5,60.208333,426.413606,426.413606,2914.571086,2914.571086,12.0,12.0,3,175.13519634188626,-0.589634063652974,0.807670521301898,22.0,7.0,0.0,0.0,73.2061762034514,14.0,236,13.798607242339832,0.190660948340294,0.233706619402228,0.116618463218614,0.161351760766519,0.206408036325031,0.256482106736584,28.648268773994012,12.418762505862246,42.57040847105621,2624.701759018093,985.2286122313419,2278.9672722328987,10.261239657560118,35826.26716203565,2.336584040400597,54.576742802462306,825.9349458240897,96.78638615469843,12.059652163450385,-0.850828070335428,0.525444188025039,20.510315350131897,-0.784249134622597,0.620446045070566,0.005578615812842,0.005351616908032,25.850272532525246,21.692751866871614,11.01958378607042,-7.235084134787909,-33.74382130648819,42.446123174572044,22.96143019429414,8.440557849817905,4.439243850961148,6.969436741843027,26.354284850706993,10.20940144601592,20.216941648940942,50.974701764897326,103.59941538166342,-0.632625704525174,0.774457692823841,-0.740018352439033,0.672586676981799,-0.999702666133325,0.0243839973327,-0.974277872937907,-0.225350008439289,-0.992149008783849,-0.125061362415518,0.00445195772763,-0.007406325545121,-0.034496033001536,-0.01514694693791,0.054456136111526,5614.902048678803,15153.298222385663,31307.270326451267,57853.96887536575,94815.41045447972,-6.207114852075841,-4.53645911419663,-6.867995937183517,-7.128289338450642,-7.389001794989611,44.74921884274997,0.017897559006998,0.999839825862918,2.554269736443542,-0.00324709851106,0.999994728161734,7.070613264040237,-0.002498694757331,0.999996878257382,81.21641309773462,0.025712316872224,0.999669383726971,,0.0,0.3575741973075,0.0,0.3575741973075,0.0,,810.9982684654572,149.53418222391534,784.3039289433673,,646.429526848129,,17.64371309986075,13537.778321166952,1.354220784174335,,5520.0,6.057752176725561,426.413606,5.747298240661621,312.3429384211302,-114.0706675788698,-26.751179130731067,26.751179130731067,False,-0.37949917,0.21635732,-0.08525259,-0.02236934,-0.16979107,0.096976854,0.15983438,-0.16838247,-0.0037028247,-0.00080694025,-0.07273554
116,CasteloBranco_24072024,2024,2691,p,2024-07-24 15:45:00,2024-07-24 16:00:00,206.65625,206.666667,airb,1,1,2.0,8.0,939.631784,939.631784,9372.827047,9372.827047,0.25,0.25,5,433.4739583333333,-0.803318860777858,-0.595549164988555,21.0,6.0,0.0,0.0,0.0,0.0,227,17.1,0.206784908517229,0.282721768798335,0.114048365362436,0.172133350542222,0.225907665733322,0.322900001751301,38.10565084108239,11.307796148778777,20.152662630775264,5307.175832924784,967.1750582590837,3790.2407809276824,5.759891708415647,72915.81595132122,3.177506787919234,58.75001343300044,560.169249475288,97.39663240067534,13.731879873906106,-0.991113630705562,0.133017934992384,18.003849098829388,-0.978308995303253,0.207150934607448,,,34.571373390194985,24.961428917067977,12.60641534122951,-8.289247901026942,-33.15021447617387,22.462733102256546,35.11377875344035,13.69551975961401,6.873667555319457,6.908092831995208,15.521043094268087,16.179890157471892,14.564342936806689,41.18653556801467,12.536639361635313,-0.986554801342009,0.163430792536255,-0.976663820300019,0.214773792900747,-0.726098168253541,-0.687591048559282,-0.913688747519718,-0.40641465605444,-0.597201415484227,-0.802091309854206,-0.047145573107612,0.077179965389148,0.00428128865236,-0.097002855484017,0.028965233235204,5619.511097064766,15337.183736436224,31622.102248129457,58240.913820640344,95302.9462823742,,-10.485845699383116,-7.950233932447929,-8.159575082679897,-6.929704929325947,9.279695499871057,-0.003118346541624,0.999995137945603,0.22309157712129,-0.006303998801248,0.999980129602141,5.248094934716035,-0.002041011542248,0.999997917133773,44.7982802410596,0.004129971469547,0.999991471631464,,0.0,0.0,0.0,0.0,4.323127678042791,,2221.2305591026693,,656.9133663937931,,624.0034416776211,,7.171916764798176,7760.793651467669,1.285544236020536,,0.0,6.846551760137146,939.631784,6.774902820587158,874.5942691628615,-65.03751483713859,-6.921595878789322,6.921595878789322,False,0.27462855,0.3341007,-0.08384562,0.0966855,0.17154966,-0.07103764,0.029647218,-0.08410487,-0.07965221,0.15190421,-0.048994217
116,CasteloBranco_24072024,2024,2692,p,2024-07-24 16:00:00,2024-07-24 17:15:00,206.666667,206.71875,airb,1,1,20.75,16.6,634.70425,602.480888,6278.571456,5513.821939,1.5,1.25,5,374.53789992559524,0.751109506643816,0.660177634450973,22.0,6.0,0.0,0.0,0.0,0.0,227,15.784,0.208666734824395,0.285887554369262,0.113488030302178,0.173606208883571,0.228146206719018,0.326745130848028,37.35843689660749,12.198224217759043,22.3292603498086,4964.811483155054,965.2597101873673,4013.6871764060056,6.126277197213604,69367.56773448299,3.087986207557833,58.18074478100161,550.003778151436,97.33946853380242,13.898193112657829,-0.967979204834435,0.251030394590165,18.68674048763781,-0.959289476126961,0.282424681980984,0.005742566513217,0.005746017536321,34.165387432072876,24.757589777351768,12.581617362236102,-8.223806383610498,-33.13086765348167,24.124761211135837,37.063449974425694,13.195790096429832,6.535432022879753,6.507673760257584,15.607471875899277,16.054868700688,14.876056048061479,39.89193815721591,12.433309680081596,-0.969223689692529,0.246181720155661,-0.954436827908296,0.298413038475783,-0.667035625792109,-0.745025820978125,-0.913818329028851,-0.406123209790968,-0.568549985700689,-0.822648718323773,-0.064532456864288,0.027258994837143,0.016352182259951,-0.10946246259632,0.018140808622381,5596.981540999628,15307.152296974691,31592.8913696753,58212.83675915457,95278.95037212741,,-10.265274149531514,-7.835024094551278,-8.12433734277938,-6.942553288712173,8.197374929385912,-0.002542884579009,0.999996766863782,0.206634144283925,-0.007392202463065,0.999972677298107,4.944418794811078,-0.002298200809303,0.999997359133033,48.52594026686215,0.004355512663325,0.999990514709734,,0.0,0.0,0.0,0.0,6.975484535571432,,1982.377493108872,448.65062703479634,671.2035904133127,,635.709460554219,,7.764782855471344,9766.455884555846,1.358135099338118,,15.0,6.402714371436291,602.480888,6.674805164337158,791.1930913722333,188.71220337223326,31.322521117422276,31.322521117422276,False,0.22583698,0.34761772,-0.08652681,-0.060044557,0.13279316,-0.065597475,0.037314687,-0.101842344,-0.071646795,0.12691703,-0.05000742
116,CasteloBranco_24072024,2024,2693,p,2024-07-24 17:15:00,2024-07-24 18:15:00,206.71875,206.760417,airb,1,1,19.25,19.25,408.026621,248.834806,3631.844957,2428.253064,2.5,1.0,5,359.65702097039474,0.814201111713987,0.580582939538966,22.0,6.0,0.0,0.0,0.0,0.0,227,16.594,0.208912029468786,0.286447049142545,0.113283760875203,0.173753518892037,0.228463787833603,0.327470869075751,35.3323972692032,13.858729917612425,27.698184712658595,4132.034245376804,964.6867106364151,4058.33151719084,7.048317024575933,60494.641296930815,2.929162311781819,58.06700553878402,547.9727283103812,97.32804725691052,14.628560261642438,-0.876255641920044,0.481846500457658,21.31712059716919,-0.882177627170018,0.470916801697153,,,32.77878397357487,24.3188150080816,12.46049038451796,-8.043172479900175,-32.93331375962587,29.197294226470532,38.60586004050337,11.186158272793367,5.973681148951268,5.232591617639155,17.993280738543696,12.752375483525189,16.95316893114591,35.94752660681189,11.421716217166225,-0.880871437353511,0.473355586060585,-0.880682957368028,0.473706162722742,-0.624864413232754,-0.780733286772945,-0.914413448367458,-0.404781478633513,-0.53587194038277,-0.844299273664502,-0.100437857565317,-0.216380932463852,0.114383424208072,-0.099354893861118,-0.009949962669458,5570.330673160588,15251.965314058856,31540.887573244807,58159.128863323,95236.22645766825,,-9.231055334585783,-7.630623327570113,-8.006502338430156,-6.937837038490731,18.697596700050987,0.004474008899305,0.9999899915721,0.539054529228534,-0.009174017746461,0.999957917813739,3.952215745767123,-0.00299152230307,0.999995525387144,63.98156681409773,0.004516672284703,0.999989799783714,,0.0,0.0,0.0,0.0,10.686479656612676,,1016.7678722356954,,706.7392198567546,,658.6536500716808,,9.745692696823934,11004.18039120239,1.91844069391479,602.480888,90.0,5.520799923453567,248.834806,6.997996807098389,1093.4385894761572,844.6037834761572,339.42349024764536,339.42349024764536,True,0.28549665,0.3539109,-0.0826979,0.096499935,-0.00412026,-0.10859829,0.01968919,-0.11312885,0.06859624,0.15089145,-0.045077827
116,CasteloBranco_24072024,2024,2694,p,2024-07-24 18:15:00,2024-07-24 19:25:00,206.760417,206.809028,airb,1,2,6.25,5.357143,481.656063,133.945959,3663.148995,1332.10651,1.166667,1.166667,5,419.53537819602275,-0.272094057982858,-0.962270660266861,11.0,6.0,0.0,0.0,0.0,0.0,223,16.895000000000003,0.206443369516715,0.28240314483327,0.113937121617774,0.171790694964138,0.225544062584725,0.322593502143617,33.56565999507384,14.564090877533719,31.969994322528816,3524.8353311425635,966.8609262230717,3777.039645406472,7.797413239711476,44008.6917610259,3.14101285142665,58.78364562745552,560.7698219942399,97.40000962209747,12.476413017958594,-0.852992808551657,0.521922665305077,21.030805236349035,-0.841592151121418,0.540113553959558,,,31.567958711917477,24.49802549400872,12.215999791155419,-7.983557451776774,-32.66146640562575,33.5419508113909,33.52110095789297,11.197480537382232,5.93162553596061,4.623143877994498,19.46616980049042,8.229518432600804,17.299049725182694,33.329062011890954,11.528037528080604,-0.81466303165358,0.579934603948582,-0.980066942585951,0.198667531444435,-0.651224621440291,-0.758885032419239,-0.897345654193957,-0.441328422945112,-0.573574141379129,-0.819153651240837,-0.126768962877991,-0.264563803692074,0.15809614757512,-0.062283428113461,-0.033232301451117,5569.133826733492,15233.251987152204,31517.058121009082,58126.27529168694,95208.291572587,,-7.714324368391654,-7.903267519914102,-7.887751733445213,-6.878679749077034,36.10076635380362,0.010563367234544,0.999944206079853,1.275483717414334,-0.009277879684225,0.999956959548042,3.734056564779975,-0.003331847326972,0.99999444938129,78.56784310456969,0.007268372033676,0.999973585035115,,0.0,0.0,0.0,0.0,18.272947246121397,,575.659631957315,,733.5976343948983,,666.2285276730735,,11.564560998312025,15575.748235961324,2.0649041579055,248.834806,150.0,4.904874394591809,133.945959,6.8347601890563965,928.6053944461056,794.6594354461056,593.268689386968,593.268689386968,True,0.25340614,0.11041263,-0.090550125,0.09863539,-0.0352536,-0.104939215,0.049662426,-0.15516075,-0.020598551,0.0899205,-0.059613843
74,CasteloBranco_29082020,2020,2144,p,2020-08-29 17:30:00,2020-08-29 19:00:00,242.729167,242.791667,airb,1,1,175.0,116.666667,1835.577481,1835.577481,16890.043487,16890.043487,1.5,1.5,4,246.25064824749643,0.817026891078589,-0.576599565777201,21.0,7.0,0.0,8.787878787878787,90.30303030303031,12.0,223,17.334189944134078,0.170222513157127,0.222575551191692,0.123035486156825,0.139114916007889,0.183883189950684,0.2502755713158,24.21201299318249,2.756314352586706,24.835820332609522,2275.894445422041,974.3541426471876,2520.701840467936,7.776798625251427,31126.42640156628,2.498465856275345,55.78807204264223,1025.3695543509652,94.3705927719941,13.5404658228019,-0.362316201871253,0.932055239705024,23.37482524855286,-0.356263861257258,0.934385392202847,0.002912749781994,0.002931101950537,21.56712559692015,12.492269604108696,1.495337891558006,-15.068256519287871,-35.294873234524275,28.60210074497304,44.24562812282677,29.94955407571027,4.899704323624437,12.164543222636905,24.34397430624694,30.359098281202854,19.126148503793925,73.98901846607775,183.0677182199339,-0.311404343603207,0.950277504092913,-0.121218653767163,0.992625829796342,-0.177357083459689,0.984146566801243,-0.517226153746306,0.855848763439431,-0.796720751846829,0.604347618160793,-0.061627298465075,0.028748279645586,-0.104146966219364,-0.192994183852968,-0.273400631126209,5237.107348014277,14528.56820358609,30101.722112700947,55825.37488148404,92217.00462010186,-8.697638563700444,-9.901986421548957,-7.076332139764562,-6.467939814470297,-5.637933872421527,31.816971689015116,0.005454935645074,0.999985121727873,1.533471674498986,-0.018503030154406,0.999828804283566,11.042739842566164,-0.000461129089532,0.999999893679976,89.83918865186664,0.007544104784179,0.999971542836598,,0.0,0.0,0.0767677124795,0.0767677124795,0.0,,1878.2794509443588,693.3746353479162,708.55597814639,,646.6565285020413,,12.450163667505127,12186.346959483577,1.038704581737486,,0.0,7.51565905386065,1835.577481,7.232989311218262,1383.354591673084,-452.22288932691595,-24.636545937605995,24.636545937605995,False,0.27201286,0.11521214,0.12023325,-0.017626563,0.20804144,0.039796017,0.029500008,-0.025240429,0.1781433,0.11345148,-0.08689157
74,CasteloBranco_29082020,2020,2145,p,2020-08-29 19:00:00,2020-08-29 19:30:00,242.791667,242.8125,airb,1,1,73.0,146.0,1652.110218,1164.668039,13079.221147,2271.08214,2.0,0.5,4,223.40111721416383,0.561847646191602,-0.827240728245991,31.0,7.0,0.0,5.058365758754864,79.37743190661479,12.0,236,16.582133333333335,0.169105463267565,0.219742458897208,0.123932680336161,0.13836560061093,0.182463054882971,0.246534520076913,23.540767759615413,3.452234913664468,27.004786724926156,2116.373393445004,976.0602250911044,2454.578136415301,8.134564645178564,26436.302400325127,2.275325766748388,55.99052582843332,1031.2524442463366,94.41657240304795,12.481154334197173,-0.429349623722462,0.903138361830224,23.346069097850243,-0.395636434493208,0.918407214530407,,,21.259550512983928,12.250532838722961,1.699881305226185,-14.779279488902397,-35.35447993425939,30.10076327664066,45.976844099462824,27.0885505404986,4.751758368547698,13.571382491149715,25.948038961982686,32.4634590034161,19.031254643815835,74.83462948880242,181.51888268759137,-0.340099867996776,0.940389323519028,-0.060637186411222,0.998159872777969,-0.375401890510107,0.926862136782724,-0.540066113598716,0.841622595313588,-0.811780779410561,0.583962298594337,-0.040050056801132,0.040781031948831,-0.100058243908823,-0.208605485229211,-0.258176305610286,5248.9241053301575,14532.075813521658,30104.425166539106,55832.9847745437,92234.37416088047,-7.083627556774205,-9.83014725001599,-6.789158693850109,-6.434969220183834,-5.735097527969589,40.86804069448151,0.006385584050013,0.999979611950334,1.788139814554635,0.000430683605972,0.999999907255811,11.413658445433615,-0.000387848272172,0.999999924786856,102.92161577728169,0.008953737852645,0.999959914485809,,0.0,0.0,0.1180276035256,0.1180276035256,0.0,,1543.5311967918078,,723.9660870150824,,643.4021713306853,,13.413436749438876,12985.175995266258,1.201770735572373,1835.577481,90.0,7.061049625689397,1164.668039,6.888402462005615,979.8332465681272,-184.83479243187276,-15.870169545527707,15.870169545527707,False,0.34376305,-0.09735249,0.12831888,0.07918765,0.0368295,0.026322657,0.025477936,-0.11374305,0.17338257,0.14817443,-0.094726585
74,CasteloBranco_29082020,2020,2146,p,2020-08-29 19:30:00,2020-08-29 21:30:00,242.8125,242.895833,fops,1,2,40.25,20.125,147.004315,170.950558,1925.348185,1664.346143,2.0,2.0,4,252.41061580882354,0.80337198802098,-0.595477496521252,21.0,4.0,0.0,12.804878048780488,77.4390243902439,12.0,223,16.72945945945946,0.16881211687149,0.219290393634072,0.123912148558143,0.138223543837973,0.182099058703396,0.245998476577237,21.53280600040807,5.146718918962165,34.413682869411545,1685.8897283603587,977.4831700287685,2436.5973227553627,9.328152904460342,19560.646596488903,1.832759698790792,56.03629305678098,1032.0718893427775,94.42587093670731,11.544051268603027,-0.403740326728132,0.91487362437304,23.90110143067256,-0.334367735580261,0.942442686534799,0.001266565515557,0.00126734289747,19.827532759731653,11.3547997792422,1.689280381660615,-13.576872444432242,-35.35278060982088,36.81379764538286,51.65801588647185,21.263718070314965,4.572094386939575,19.58588090318866,28.86395941897633,36.517559709008594,24.888462276350694,80.15246237763735,174.8619629716804,-0.230992561578322,0.97295551619562,0.196463369295992,0.980511164915967,-0.642381896098327,0.766384694239857,-0.563617207366538,0.826036103061086,-0.867448529279487,0.497526932990421,-0.046463865675749,-0.093917765749261,-0.038249084722189,-0.254113124073487,-0.211932717659397,5341.334481445541,14592.28347717039,30160.569603201937,55919.817970410455,92345.98219818693,-3.523624330287324,-9.244982729497265,-6.219591732352415,-5.961300139842757,-6.069780822805801,53.52972798297641,0.01089823164714,0.999940612510046,4.185393438575757,-0.001777350650221,0.999998420511086,12.552153181364144,-0.000602891526186,0.999999818260887,118.02326636272889,0.014505960379397,0.999894783021429,,0.0,0.0,0.0544344051446,0.0544344051446,0.0,,863.7858706000914,191.9262483236239,765.6747542376681,,670.0071416708545,,16.716282786827254,14479.32935393741,1.436987289506163,1835.577481,120.0,5.147206982002408,170.950558,6.8594512939453125,951.8440927017498,780.8935347017498,456.79496097447645,456.79496097447645,True,0.2265917,-0.10317263,0.07783487,-0.028459482,0.035785846,0.0505347,0.011042499,-0.14594135,0.15120755,0.026776485,-0.11064973
22,CastroDaire_05102017,2017,296,p,2017-10-05 09:30:00,2017-10-05 13:00:00,278.395833,278.541667,sat,1,1,281.75,80.5,798.699563,798.699563,8361.095729,8361.095729,3.5,3.5,2,864.0773756660745,-0.778012711505769,0.628248534208748,32.0,7.0,0.0,73.11534968210718,26.70299727520436,4.0,234,16.936964285714286,0.190702065561467,0.257872778334043,0.127115587629577,0.15837790337813,0.206311964886097,0.293412838002072,25.780733139983283,5.235204497730298,27.211491448317332,2433.3824521521137,933.9999529207606,7937.515283168084,7.938266540076194,12784.684464575375,1.714560135863362,38.461453614582936,795.5183429996628,93.4266765571326,4.336840292752406,-0.645603435772875,-0.763672838143572,5.419345658940285,-0.655154324649893,-0.755495076683192,0.128320200721111,0.181619941743898,23.91098861976569,18.230658020923087,8.80153774919636,-7.126172304119835,-36.68922998189072,30.594672955915257,22.300549229144256,20.050796549392903,24.484894104804443,16.842986716552254,4.293146072358856,22.387006815550592,3.998603236897772,5.676241899630748,22.2958586671046,-0.578246441385618,-0.815862153200447,-0.669073469281678,-0.743196267955767,0.991511997536437,-0.130015225036548,0.654950548550106,0.755671740211261,0.178029288275927,0.984025188964168,0.012395409141239,-0.012401019533013,-0.046940432844591,0.034878713966652,-0.005280107058056,6180.10855855678,15580.638296239287,31582.526714572974,58077.31661719429,94913.21127332692,,-6.198066008342572,-6.067473052722006,-6.219632493519963,-8.240358068796663,-0.149957235782039,0.009195437281813,0.999957721072844,0.020499386816708,-0.015292580863854,0.999883061647972,0.32049230779384,-0.011325659844943,0.999935862657739,12.810132453029905,-0.008101463613079,0.999967182605172,,0.0,0.0,0.0,0.0,0.0,,675.7079792579841,202.9575462057754,689.7420336141415,,601.6808177465781,,17.817049118088878,2315.2115407704105,2.456034831165733,,0.0,6.684236110882774,798.699563,6.1521830558776855,468.7417407327452,-329.9578222672548,-41.31188215853009,41.31188215853009,True,0.078969814,-0.099743515,0.15053956,-0.13454045,0.19493452,0.07755776,0.10032608,-0.078073725,-0.21301179,0.12903503,-0.09357265
22,CastroDaire_05102017,2017,297,p,2017-10-05 13:00:00,2017-10-05 15:30:00,278.541667,278.645833,sat,1,1,356.0,142.4,770.573722,740.656954,7341.671672,5543.899597,6.0,2.5,2,880.7753484320557,-0.330330640799257,0.943865280508374,22.0,7.0,0.0,89.6358543417367,10.15406162464986,4.0,234,14.696358543417368,0.191718216967746,0.259078458651443,0.130408777569054,0.159208736148266,0.207160788814968,0.294718798166626,27.510026090833236,5.349435482079488,24.377811768359567,2773.606677828686,933.6003673761761,7970.365555316942,7.38562416787686,20673.921188546756,1.517082987741888,36.71221247148761,806.5607939732431,93.10283068419157,7.316688230386243,-0.979153450093689,-0.203121936702136,8.98882512822865,-0.957890562768181,-0.28713353994206,0.016908268613675,0.017164204965711,26.28499165304393,18.10327101542768,9.069105039943905,-7.48892203107405,-36.44464808331173,24.920481276866763,26.26391943282341,19.864700602231412,25.981586779787687,13.88973760763097,6.92189780270244,14.180510187560365,6.199666758597422,6.844203373306521,30.45691797001321,-0.952956607843244,-0.303106752758656,-0.781937472571702,-0.623356871292984,0.724393335501125,0.68938689825203,0.060436337553519,0.99817205385801,0.361231418465443,0.932476199328135,0.008858328635597,-0.013416904799508,-0.018625402293274,0.042802233409212,0.021554059279296,6080.801793538881,15527.034026695977,31539.224673284352,58023.22733000604,94837.55441954547,,-8.927445980714005,-5.813326909661723,-6.465765816602411,-8.071071450495984,1.281058912118921,0.004063235972027,0.999991745022646,-0.522090888989636,-0.028675928344702,0.999588761008031,-0.119404473681212,-0.008399397844988,0.999964724435738,19.619583589276733,-0.008883442435951,0.999960541446755,,0.0,0.0,0.0,0.0,0.0,,1020.1017425857532,58.346797017535096,673.2640227290123,,717.2536943953288,,15.598199518548926,3552.2829480167275,2.295489245322093,798.699563,210.0,6.608886810116144,740.656954,6.076731204986572,434.60296815704766,-306.0539858429524,-41.32196210270813,41.32196210270813,True,0.18619373,-0.09216615,0.14161944,-0.03148712,0.055346526,0.040543042,0.0415088,-0.10309386,-0.18514782,0.1703701,-0.16234635
22,CastroDaire_05102017,2017,298,p,2017-10-05 15:30:00,2017-10-05 17:30:00,278.645833,278.729167,sat,1,2,54.25,27.125,456.631316,448.40457,7058.759094,6654.947907,2.0,2.0,2,851.2111208920188,-0.598962602740114,0.800776997995564,32.0,7.0,0.0,0.0,100.0,17.0,233,23.349999999999998,0.189996060028671,0.256403035569974,0.134158156812188,0.159313011169433,0.204373967647551,0.291539001464843,27.005761718750023,6.777001953125023,27.773105587283645,2575.005461153987,938.9640625,7431.7314453125,7.891019976821006,19411.385824301666,1.737403869628906,36.29851030885955,840.7985723939391,93.08580194986817,7.497990984655596,-0.940410597982435,0.340041037526824,10.483134074470392,-0.958275795312268,0.285845238054859,0.002124281100915,0.002130096411466,26.700714111328125,18.430908203125,8.956100463867188,-7.740402221679688,-36.29136657714844,25.633094787597656,28.42313861846924,19.899242401123047,25.972432136535645,14.077468395233154,7.154824275087851,8.333941144384278,10.100166208202964,10.491238877295485,40.899765243847135,-0.970958035230627,0.239249856470346,-0.984244989985174,-0.17681006670743,0.592680870323605,0.805437387977771,-0.228888129258288,0.973452733462001,0.498452704202332,0.866916894329198,-0.005607440745232,-0.034678254442908,-0.019139901338262,-0.010193649828029,0.006610985227749,6028.3603515625,15490.94091796875,31498.3994140625,57984.361328125,94791.58203125,,-9.023559809294932,-6.096872134513676,-6.519839341848742,-7.958248840931557,1.416757225490244,0.00284847822475,0.999995943077672,1.170133595534317,-0.033729250680107,0.999431006947732,0.629419849375617,0.003870250526377,0.999992510552386,33.73518434093024,0.001969957887873,0.999998059631077,,0.0,0.0,0.0,0.0,0.0,,790.9426574707043,457.30877685546454,696.7877753829529,,945.6120991756407,,15.862873499700967,3578.9036750793457,2.256745262842613,740.656954,360.0,6.107923528813898,448.40457,5.820342540740967,336.0875000584306,-112.3170699415694,-25.048154603234618,25.048154603234618,False,0.2125462,-0.07646241,-0.07219078,0.02577273,0.0032153595,-0.22782356,0.050340857,0.018952765,-0.20482305,0.08699277,-0.118467756
75,CastroDaire_07092020,2020,2153,p,2020-09-07 05:30:00,2020-09-07 09:00:00,251.229167,251.375,"fops,airb",1,1,342.75,97.928571,980.027678,980.027678,8188.590642,8188.590642,3.5,3.5,4,839.9714129643118,0.123399915600898,-0.992357022865103,21.0,7.0,0.0,99.7808619430241,0.219138056975895,7.0,234,13.660806916426514,0.183981353736895,0.266380015039836,0.117855046976274,0.145685227728856,0.201580003646523,0.309977190332397,15.626025708425967,6.855399828155713,55.98769263207557,784.8547688781359,933.4783725940774,7729.025058937771,12.80974824185553,11125.568248176962,0.638242516491872,51.51016324047137,743.9363661593288,92.90801921500433,13.960656901392184,0.909028053266072,0.416734925792519,26.67157165910834,0.932554662565564,0.361028809552959,0.000466450271974,0.000451317500096,16.014156668595152,16.817167053272215,9.540682020288468,-7.143137248016013,-36.854032734147054,55.57533246330909,35.94966695794731,19.168755077184652,27.98923123632366,93.101062908355,16.730658511927754,12.126115252381906,28.83397773589314,35.25278257457284,58.97158479854236,0.912887497438394,0.408211240683872,0.685001303964215,0.728541840642886,-0.324429863988504,0.94590975433833,-0.357721739151031,0.9338282268912,0.00323790277241,0.999994757979079,-0.039107061136203,-0.117007985433188,-0.033769891343943,-0.028743635777505,0.007907760088161,5936.53912132376,15174.921010898708,31190.82348433633,57772.941123176686,94692.56795887375,,0.876201003270317,-4.682290137771127,-6.51488657753136,-8.281566136320404,0.848736829021298,0.001578232599687,0.999998754590155,5.382963037229749,0.037638752226612,0.999291411116309,3.816551739140102,0.017326921239942,0.99984987763181,107.2883477550825,0.006445844240379,0.999979225330221,9039.956103030107,81.6410658233926,0.0,0.0,81.6410658233926,0.0,,459.16840693099164,57.37934433522702,818.0322754188181,,565.5026335490592,,25.568449011293488,8375.58162677522,1.309213110868345,,0.0,6.888600673234632,980.027678,5.717799663543701,303.2347670937889,-676.7929109062111,-69.05855070209671,69.05855070209671,True,0.062006786,-0.15769468,0.17744273,0.051615275,0.24526818,-0.102032594,-0.1066469,-0.17485401,0.16729951,-0.16350293,-0.12684189
77,CastroMarim_16082021,2021,2182,p,2021-08-16 01:00:00,2021-08-16 03:00:00,228.041667,228.125,"fops, sat",1,1,65.5,32.75,652.013086,652.013086,4658.530002,4658.530002,2.0,2.0,5,194.5799964353612,-0.085256346320853,-0.996359049445539,21.0,1.0,0.0,0.0,0.0,0.0,235,15.516666666666667,0.170751596033551,0.174708276228076,0.106903682947143,0.144445761839533,0.184631567001318,0.176801757812482,26.87115885416669,9.480940755208357,33.61679608863614,2350.9076493693096,997.384375,1697.0318603515625,8.687534790460575,34647.58130859554,3.515553792317708,83.03044045006328,1121.6901222251615,97.72110183726552,14.778479039007133,-0.396037922394945,0.918234155335716,32.90459165353275,-0.330136607324801,0.943933165273935,3.1280809707e-05,3.1868093659e-05,31.039703369140625,27.276316324869793,14.245208740234375,-10.22052001953125,-32.782002766927086,6.247349182764689,8.58734941482544,24.902079900105793,42.19614283243815,6.111776192982991,32.132460741193356,31.474061956269026,38.383939711535454,46.12595158909137,38.14756475177737,-0.111583254041133,0.993755089253681,-0.882897040230553,0.469566626105528,-0.97549964578108,-0.220001002454508,-0.927449845684416,-0.373947568169595,-0.949465362940788,0.313871828260705,-0.191429127704387,-0.02564136109562,0.181300357432954,0.027130888151725,-0.023389022045707,5798.183268229167,15485.278645833334,31914.276041666668,58486.0078125,95264.375,15.150124030700823,-4.106402067528357,-8.385288535768952,-9.553654672424322,-6.288750589602015,35.73599302605077,0.012984031193906,0.999915703914063,6.825442259522723,-0.008655148970796,0.999962543496652,5.036181909977004,-0.005085828313124,0.999987067091555,154.2985979056666,0.009366989618465,0.999956128790402,,0.7150065104162,0.0,0.0,0.7150065104162,0.330000000000095,,261.5340681966088,4.972064208982573,772.0295941033238,,577.8468170317255,,17.808125498149973,16066.640535990397,1.973023017293066,,0.0,6.481597168891869,652.013086,6.654482841491699,775.2563716755634,123.24328567556336,18.901965055892045,18.901965055892045,False,0.2283288,0.12868588,-0.07774893,0.111228526,0.2053067,-0.13082097,0.01804885,-0.08825986,0.24149035,0.027124122,-0.044201244
77,CastroMarim_16082021,2021,2183,p,2021-08-16 03:00:00,2021-08-16 04:00:00,228.125,228.166667,"fops, sat",1,1,41.0,41.0,647.651933,720.247194,5999.478181,8945.34157,3.0,1.0,5,151.36544060559007,-0.335165383839745,-0.942159310029656,21.0,1.0,0.0,0.0,89.87341772151899,17.0,236,15.659090909090908,0.17074230943022,0.174705062870522,0.106875674724563,0.144445971548541,0.184621330797648,0.176801757812482,25.500634765625023,9.613183593750023,36.69455804958869,2063.2879518978802,997.1059375,1697.0318603515625,9.237007302082382,32665.485918700135,3.244377136230469,83.03044045006328,1121.6901222251615,97.72110183726554,15.84523029543131,-0.400300062632497,0.916384122437976,33.89660480140979,-0.320599131080101,0.947214968816838,1.130029901e-06,1.13081436e-06,30.643386840820312,26.658737182617188,14.16998291015625,-10.296249389648438,-32.61244201660156,2.845515370368958,6.877479553222656,25.029104232788086,40.79465866088867,6.197306394577026,34.80393454588553,28.14548136847704,42.8595590675823,51.88928310659173,34.77961388726826,-0.098986354776565,0.995088790796102,-0.896651315408334,0.442737414927295,-0.97412616670002,-0.226004892315023,-0.966843123198468,-0.255371053809614,-0.886530679512607,0.462669811294098,-0.208045029802142,-0.094197539421656,0.134727451491551,0.033503445960018,0.035098585227595,5789.84130859375,15457.337890625,31870.9736328125,58425.224609375,95220.3828125,18.41839665447532,-4.34783172773338,-8.036293718453873,-9.553851300437907,-6.220378824907796,41.7588743981988,0.013445116859819,0.999909610331167,8.239934968879256,-0.008715593998672,0.999962018489328,6.016324259275555,-0.004684276640868,0.999989028715991,160.19287148322888,0.010779815120825,0.999941896104949,,0.0,0.0,0.0,0.0,0.0,,254.84703552245807,4.623502197263804,788.5527690670059,,580.7434003667385,,19.045438599698926,17402.36759185791,1.809137388264121,652.013086,120.0,6.580981927346804,720.247194,6.951388359069824,1043.5990003889203,323.3518063889203,44.894559684868454,44.894559684868454,True,0.31446838,0.14854012,-0.07664113,0.12607048,0.038761217,0.032737732,-0.00030469033,-0.11081043,0.30513123,0.049568444,-0.066648856
77,CastroMarim_16082021,2021,2184,p,2021-08-16 04:00:00,2021-08-16 05:00:00,228.166667,228.208333,"fops, sat",1,1,76.5,76.5,730.596362,1050.247389,6610.271426,13755.323437,4.0,1.0,5,126.84140371347402,-0.240196028754576,-0.970724403613369,42.0,7.0,0.0,0.0,91.66666666666666,17.0,236,19.43223684210526,0.170739982217528,0.174704257606615,0.106868956387027,0.144441104829295,0.184620171189284,0.176801757812482,24.753564453125023,9.405175781250023,37.82772646391318,1938.1960663111645,997.1456250000001,1697.0318603515625,9.463558900851865,31944.51374199729,3.240631103515625,83.03044045006328,1121.6901222251615,97.72110183726554,16.488345686057116,-0.400729710604292,0.916196321231973,33.95755691033477,-0.323492767069693,0.946230642947899,1.818071492e-06,1.818412482e-06,30.443695068359375,26.548065185546875,14.066802978515625,-10.415878295898438,-32.79387664794922,2.084650099277496,5.702213048934937,25.451909065246582,48.9931755065918,6.600944757461548,34.381205665223064,28.31841660210951,46.06941680462098,55.243557187977814,33.37786493840583,-0.093720793937906,0.995598519878193,-0.923359800405579,0.383935774570394,-0.978043874752717,-0.208399086031323,-0.986514107378127,-0.163676253451556,-0.830570031780332,0.55691419654056,-0.20360195323209,-0.147785166841043,0.084258922887866,0.022798074243037,0.048466539266649,5777.3994140625,15437.89111328125,31849.296875,58395.06640625,95206.0390625,19.634934794561936,-4.250698218632458,-8.031472706122514,-9.560274482215018,-6.237606451057212,40.87484947593772,0.014439121224001,0.999895750455156,9.406984675117997,-0.008511144660217,0.999963779552326,6.652808565408686,-0.004328645853189,0.999990631368653,161.97560309834688,0.013205234548186,0.999912807088962,,0.0,0.0,0.0,0.0,0.0,,248.30885437011474,8.45286010742285,794.6262031238218,,582.9294935900891,,19.45105833275528,17190.621376037598,1.753957742992312,720.247194,180.0,6.9577327275742045,1050.247389,7.113489627838135,1227.4268276540179,177.17943865401776,16.870257475500157,16.870257475500157,False,0.3184954,0.15298235,-0.07100251,0.118970454,0.06144335,0.049433656,0.009348374,0.1403992,0.31650412,0.042126033,-0.06752995
77,CastroMarim_16082021,2021,2185,p,2021-08-16 05:00:00,2021-08-16 07:30:00,228.208333,228.3125,"fops, sat",1,1,79.0,31.6,566.378882,353.536611,6497.000083,2608.241641,6.5,2.5,5,129.21754807692307,0.761702750439819,-0.647926631627698,42.0,7.0,0.0,0.0,95.51020408163265,17.0,236,17.081866666666667,0.170730886534828,0.174701110311563,0.106855488220835,0.14443564097085,0.184610441327071,0.176801757812482,23.849755859375023,9.361962890625023,39.826929628025944,1777.7057472198087,997.6408333333334,1697.0318603515625,9.821832984217975,29547.09949292261,3.261983235677083,83.03044045006328,1121.6901222251615,97.72110183726552,16.610256957476736,-0.413114161365103,0.910679246320903,34.982188153596226,-0.363391853353589,0.931636388789233,0.000103851253938,0.000105619420716,30.119099934895832,26.506113688151043,13.982147216796875,-10.661346435546875,-32.95438130696615,2.574540654818217,3.552697499593099,24.829120635986328,57.28791809082031,7.201972643534343,32.71698192791904,29.426908703093925,51.06422735262161,57.47203037753967,30.87389615116248,-0.16121096349039,0.986919969020032,-0.952145575339213,0.305644897490469,-0.985129379479118,-0.171814160321805,-0.997154160838825,-0.075389518646954,-0.770576546614345,0.637347460815457,-0.185513173100132,-0.091016350964724,0.038999031375903,0.0097870588924,-0.001713192565193,5777.328776041667,15429.663411458334,31839.26171875,58376.036458333336,95209.20572916667,20.380977425563696,-3.942292944907271,-8.05895214911918,-9.623070319644482,-6.213923870222506,35.167186171574706,0.01335188168206,0.999910859654774,10.997138419674755,-0.008001783983671,0.999967985214066,6.972170208269875,-0.003889955637207,0.999992434093949,168.0754100925856,0.013992692810237,0.999902097481508,,0.0,0.0,0.0,0.0,0.0,,246.79206054687066,13.3828588867176,804.9393614446017,,583.9771811434684,,19.70438669533566,16387.39077250163,1.651686395441505,1050.247389,240.0,5.870811615674944,353.536611,6.693789958953857,806.3763843273473,452.8397733273473,128.08850886658166,128.08850886658166,True,0.1433337,0.09932186,-0.09133442,0.12493415,0.04905867,0.035283886,0.034123726,-0.1506589,0.27539444,-0.00014192425,-0.08787878
77,CastroMarim_16082021,2021,2186,p,2021-08-16 07:30:00,2021-08-16 08:30:00,228.3125,228.354167,"fops, sat",1,1,57.5,57.5,616.395767,955.188226,6713.074601,10880.124551,7.5,1.0,5,147.65826081223628,-0.589598529560628,0.807696461512582,32.0,7.0,0.0,0.0,100.0,17.0,236,17.1725,0.170690475064494,0.174687127103835,0.106810854077324,0.144403454065307,0.18456804156301,0.176801757812482,25.116113281250023,9.768212890625023,37.92866749477045,1976.5166974128297,998.79125,1697.0318603515625,9.440830116174238,36162.047115422996,3.145950317382812,83.03044045006328,1121.6901222251615,97.72110183726554,18.29584701346438,-0.408913279030816,0.912573246502584,32.31143998326293,-0.386127232669271,0.922445532370974,,,29.6043701171875,26.09014892578125,13.798248291015625,-10.595550537109375,-32.738189697265625,4.066591739654541,1.32502555847168,24.094141006469727,55.386375427246094,7.404914855957031,33.96857947318016,28.684813158610545,53.514973026597765,55.18562900889256,28.379706510243093,-0.303180858450476,0.95293303388498,-0.961229116600607,0.275750948138381,-0.98823697682528,-0.152930303194723,-0.999581550700544,-0.028926173253576,-0.750359451219893,0.661030025010197,-0.213435649473763,-0.038487610899363,0.053188486021293,-0.044299524234561,-0.047416380546019,5834.97021484375,15468.7548828125,31857.875,58391.5625,95257.8984375,11.834488029360964,-3.83452591944037,-7.909621864916483,-9.525566658604937,-6.172002817051117,33.63768938093141,0.005315122790259,0.999985874635099,11.239194394087308,-0.008023954530342,0.999967807558671,6.217038384992144,-0.003814751717139,0.999992723808197,118.75313165057084,0.004531933509165,0.999989730736605,,0.0,0.0,0.0,0.0,0.0,,281.5106079101503,,796.0869086345517,,587.7929327485407,,17.66600388343349,16984.289169311523,1.7059264681662,353.536611,390.0,6.862954782792621,955.188226,6.365914344787598,580.6764380618966,-374.51178793810334,-39.208166280109,39.208166280109,True,0.33645827,0.12841785,-0.056258213,0.07640836,-0.056862425,-0.2561302,0.036245987,-0.04856205,0.3051765,0.04667932,-0.087871306
77,CastroMarim_16082021,2021,2187,p,2021-08-16 11:30:00,2021-08-16 14:30:00,228.479167,228.604167,"fops, sat",2,2,92.5,30.833333,448.708002,448.708002,4921.765902,4921.765902,3.0,3.0,5,186.61293000681198,0.091400712187931,0.995814194421599,22.0,7.0,0.0,0.0,100.0,17.0,236,20.172873563218392,0.17033809648154,0.17454949661314,0.10617829561232,0.144067046443605,0.184238244493778,0.176777750651023,36.74567057291669,3.309472656250023,12.596439169388788,5404.845175427031,998.0016666666667,1697.0318603515625,4.883355791406429,101170.28327686596,3.667322794596354,83.03044045006328,1121.6901222251615,97.72110183726552,18.704199573724313,-0.339146789643571,0.940733466543239,25.243733156667,-0.379329662451846,0.92526158851655,1.4008782635e-05,1.4107273233e-05,30.561187744140625,25.941538492838543,12.606892903645834,-8.251352945963541,-32.1752675374349,14.122087160746256,2.08868137995402,5.95938237508138,16.426177342732746,7.6257643699646,29.2573020401528,25.84547031750742,41.88023680560111,37.78494111106164,28.03808327531928,-0.37002191256403,0.929023026745009,-0.762577586683662,0.64689676478378,-0.994005293874994,0.109331952093097,-0.984702425697797,0.174244462824146,-0.770806354425114,0.637069512673355,-0.111870269996486,-0.112945937931591,-0.040120495944343,-0.100996912020706,-0.015939420966715,5838.4716796875,15463.4033203125,31765.356770833332,58369.005208333336,95347.91145833333,-14.91538546143533,-5.040708546223478,-8.580609902986078,-8.144963915704132,-6.668512600754028,28.17109473878916,0.000866539717566,0.999999624554389,8.095573458216016,-0.006513144675043,0.999978789248273,3.516853906924426,-0.003183729814974,0.99999493191939,70.25808718655922,0.001638245126624,0.999998658075552,,0.0,0.0,0.0,0.0,0.0,,977.9993790690105,179.5874902343752,614.0949099461369,,578.2064866080378,,11.0920330362772,14639.933586120605,3.05007347594562,,630.0,6.108598487703294,448.708002,6.892061233520508,983.4284643410721,534.7204623410721,119.16891607853965,119.16891607853965,True,0.041296195,0.36923176,-0.06972115,0.10321742,-0.0036626875,-0.3079687,0.05066768,0.1182398,0.20595954,0.13202581,-0.08802112
77,CastroMarim_16082021,2021,2188,p,2021-08-16 14:30:00,2021-08-16 16:00:00,228.604167,228.666667,"airb, fops",2,2,355.5,237.0,641.509826,1025.281616,6383.173839,10010.208368,4.5,1.5,5,199.73773533671252,0.339348563993712,0.940660699782555,22.0,7.0,0.0,0.0,100.0,17.0,236,18.976878612716764,0.170134481254198,0.174467798587959,0.105778311789021,0.143888764977439,0.184046331644034,0.176760559082013,38.17373046875002,1.942895507812523,10.533618198497896,5966.844791863111,997.0465624999999,1697.0318603515625,4.464131791723716,111052.18342781781,3.383224487304688,83.03044045006328,1121.6901222251615,97.72110183726554,18.61149848342281,-0.356643222512901,0.934240660555734,27.464882336090234,-0.430297974967944,0.902686907370704,7.31706064e-07,7.31706316e-07,32.107452392578125,24.753829956054688,11.987380981445312,-6.88458251953125,-31.959457397460938,12.948365688323975,6.273829698562622,7.619605302810669,4.60539174079895,7.027125835418701,31.230035932816335,28.322552342704892,26.149862673718456,23.76814836974799,28.133905049786197,-0.413912987944698,0.91031644959909,-0.49532762496968,0.868706247210124,-0.915148455277783,0.403116986497329,-0.874695169511901,0.484673457528413,-0.70347524734214,0.710719759382638,-0.065510058534254,-0.093756777673857,-0.009233990203297,-0.072260475683686,-0.025057907667228,5781.465087890625,15407.251953125,31673.005859375,58326.99609375,95371.87890625,-14.06664207313918,-8.023870524593757,-8.214985375110487,-7.369337903207147,-6.989329377785618,29.80430990452426,0.001814759020519,0.999998353323493,2.113390741301519,-0.004200980483333,0.999991175842556,0.662119656051149,-0.001915047512871,0.999998166294831,79.6859015435493,0.003909672122885,0.99999235720274,,0.0,0.0,0.0,0.0,0.0,,1349.4323510742229,80.54732910156304,589.4394254129693,,546.4848756393335,,11.381214002200025,15616.286277770996,2.989989483652317,448.708002,810.0,6.933697467600263,1025.281616,7.210118293762207,1352.0523155565893,326.7706995565893,31.871311692044358,31.871311692044358,False,0.29807824,0.35089013,-0.0659024,0.1134385,0.0039829155,-0.2788297,0.04820727,0.08693126,0.27310494,0.13887134,-0.07801349
77,CastroMarim_16082021,2021,2189,p,2021-08-16 16:00:00,2021-08-16 16:30:00,228.666667,228.6875,"airb, fops",2,2,340.25,680.5,930.543627,3578.771455,10046.514425,43804.162609,5.0,0.5,5,224.06376262626262,0.609661485726876,0.792661890607401,22.0,7.0,0.0,0.0,98.90430971512053,17.0,236,20.641454545454547,0.165478742007346,0.169913135417024,0.102727109605099,0.140077575585988,0.178988268697127,0.172259375316325,38.08656029767517,2.085293444836412,10.699578628821527,5928.088153067984,997.6302451036129,1611.8790375060983,4.495087506494566,109954.09138183782,3.196517670307017,82.35745907190517,1119.925766682235,97.58573864380128,18.541666266798536,-0.36505885917873,0.930984440973706,27.943599959693657,-0.427709739871856,0.903916134615789,,,32.14439369941227,24.344778570586485,11.95174322997245,-6.699780856795122,-31.923708066255397,13.11659958264392,8.392952047359508,8.373712655342018,3.607966297803037,6.937330457261016,31.831799992470906,29.002738818378727,24.530651910388084,22.153681610216537,28.258655828625805,-0.400790663218496,0.916169659111716,-0.412332869790632,0.9110332620109,-0.868564663739273,0.495575851816332,-0.824145645413545,0.566377926075772,-0.673085611563637,0.739564574263806,-0.074848014991281,-0.101125331167938,-0.016234521756327,-0.05895753039368,-0.012196764606717,5770.315940048296,15395.344924775169,31657.597872210164,58319.1422426482,95377.04564929349,-13.197707822268976,-8.510513352511488,-7.974700269343051,-7.283258225784762,-7.030875979500115,30.27740970765828,0.002525589870304,0.999996810692818,1.417324005881481,-0.003576665391084,0.999993603711884,0.306002836259181,-0.001613667387538,0.999998698037934,82.79839570830524,0.005166256400129,0.999986654808357,,0.0,0.0,0.0,0.0,0.0,,1365.947931450301,,591.7657542524673,,541.6355586515828,,11.762709826288484,15916.130785829477,2.943872063625665,1025.281616,900.0,8.18305423797145,3578.771455,7.295347690582275,1472.4291092694157,-2106.3423457305844,-58.856576124405926,58.856576124405926,True,0.38033068,0.3661856,-0.05633559,0.10274871,0.0094820745,0.00887275,0.049439277,0.13247861,0.28227314,0.17367055,-0.07495793
77,CastroMarim_16082021,2021,2190,p,2021-08-16 16:30:00,2021-08-16 17:30:00,228.6875,228.729167,"airb, fops",2,2,1231.5,1231.5,1376.464026,3711.854739,16415.845925,38711.212703,6.0,1.0,5,183.2732041251778,0.858706968849152,-0.51246691761508,21.0,7.0,0.0,0.0,93.24512534818942,17.0,236,20.475690208667736,0.13984903819433,0.144747850387749,0.086149442901552,0.119125713745916,0.151114135145248,0.147339814511252,37.350816188748325,3.441019999025339,12.262891443623028,5597.2638142932,1001.9116913453219,1140.0728808374129,4.778145834570655,103983.70852327411,3.115854793610592,78.62867185231292,1110.150003766942,96.83573193904799,18.571004557784242,-0.402417712131426,0.915456162228923,29.09056809791823,-0.427700904801318,0.90392031508985,,,31.974462904668492,24.225889367400132,11.994179780178946,-6.482130301897787,-31.842863185469753,14.248059796332221,9.209630383283017,9.888230750511402,2.613773158464634,6.941221094070858,33.42057366191105,29.002408928730805,24.116716180133505,20.165926785382307,27.283820064601063,-0.36104704009664,0.932547604595849,-0.302146728276098,0.953261430349539,-0.774128102543935,0.633028973153462,-0.713412058183406,0.700744771823891,-0.632399069332982,0.774642767413973,-0.103011532725233,-0.124975736185002,-0.049443253925064,-0.030563354021368,-0.034152568396975,5762.117775581889,15383.50264477031,31646.00098806473,58315.2206862069,95394.63692620632,-8.020839676574592,-8.454819560021972,-7.870889984479442,-7.214838678138111,-7.069008968070207,30.00177098954233,0.005076497511896,0.999987114503488,1.145360428455717,-0.002345422549279,0.99999724949275,-0.11820236098551,-0.000955185701868,0.999999543810033,92.09077063324365,0.010455391037804,0.999945340905315,,0.0,0.0,0.0,0.0,0.0,,1210.3001041016732,,612.5072798326976,,550.1688116638355,,13.58156034973223,16710.893929044676,2.836714799093558,1025.281616,930.0,8.219556331138689,3711.854739,7.389477252960205,1617.8596376233281,-2093.9951013766718,-56.413713591087586,56.413713591087586,True,0.34093016,0.3661856,-0.05633559,0.10329966,0.005028254,0.043844692,0.051184434,0.1331379,0.28227314,0.17367055,-0.07434846
77,CastroMarim_16082021,2021,2193,p,2021-08-16 19:30:00,2021-08-16 23:00:00,228.8125,228.958333,"fops, sat",2,3,567.5,162.142857,458.138805,406.319664,4338.528751,5321.658926,3.5,3.5,5,100.888623046875,0.947931734383105,-0.318473589092469,21.0,6.0,0.0,0.0,55.961209355390764,17.0,236,18.79724199288256,0.124988755438456,0.131296366308931,0.077550404579211,0.104239665538469,0.135652635215045,0.13463372655786,30.342475158997615,10.34432716367592,29.374602161005782,3079.3784168283605,1006.9305805861738,628.4030852305632,7.771949173675014,60433.69578738311,2.883904665173379,73.47205263488897,1118.3922075397227,96.20210096337226,19.730943470184922,-0.502963495413313,0.864307654878529,36.37220981706567,-0.475977395501547,0.879457514023028,0.001969536710991,0.001989186776328,28.964350370913486,24.172657435458696,12.404848105111938,-6.185100127810255,-31.38027354988647,27.208908682974347,13.14784249494884,17.772952249420477,1.490609636901234,6.884080547656755,46.715592219045895,18.71358521410928,25.2070144980813,12.66412014222327,30.39415357185153,-0.185423016861617,0.98265879369084,-0.060911549422323,0.998143167660317,-0.467337128024568,0.884079186933924,-0.321520444281872,0.94690263697425,-0.478546392416981,0.878062270174897,-0.259378369002278,-0.043163475589354,-0.004858490575967,0.010585643649792,-0.039449075298534,5800.925753921292,15404.691741165367,31685.8315117027,58321.12926987358,95421.97000000533,1.008102628376515,-5.228433202762691,-7.57237832839459,-7.259213389451668,-7.022861196101816,54.0869803334405,0.013792117334381,0.999904884226212,1.177098788987948,0.000377293012542,0.999999928824989,-1.659786082455746,0.000712297259046,0.999999746316275,162.247675514131,0.011253623461914,0.999936675974523,,0.0,0.0,0.0,0.0,0.0,,487.42959719308953,81.71899760042272,751.904959849107,,603.5201245842406,,19.779403480156752,23551.138865742272,1.961174988880627,2511.33747,1110.0,6.009598292398873,406.319664,6.908843517303467,1000.0888306675035,593.7691666675036,146.13350503939765,146.13350503939765,True,-0.006857002,0.319223,-0.058829233,0.046791118,-0.021065462,0.13423221,0.10501076,0.05384701,0.19656372,0.10623566,-0.20090653
77,CastroMarim_16082021,2021,2194,p,2021-08-16 23:00:00,2021-08-17 00:00:00,228.958333,229.0,"sat, fops",3,4,87.0,87.0,1562.268441,1562.268441,19324.633775,19324.633775,1.0,1.0,5,168.1638347303207,-0.673557423486029,-0.739134897881884,21.0,7.0,0.0,0.0,97.84615384615385,17.0,236,22.15909090909091,0.128323683942997,0.133421910432505,0.078886812180253,0.109656000081412,0.138574787601781,0.136119384765579,27.453515625000023,10.626855468750023,35.013118148089134,2376.998032717606,1005.3421875,927.583740234375,8.81640626934394,50146.594726244664,2.753738403320312,64.25694303087617,1110.2906788314253,96.0922432773841,21.08439539456614,-0.383535975026909,0.923525936755519,38.77693153220144,-0.347756218312017,0.937584989547788,0.000115745156708,0.000115757655953,29.088424682617188,23.905502319335938,12.398025512695312,-6.360443115234375,-31.229660034179688,27.45474624633789,14.718660354614258,17.559675216674805,1.979130208492279,6.271284341812134,45.19051879122885,20.0304298540002,23.98801786757361,9.475552261200333,31.698357402501188,0.003421913625314,0.999994145236431,-0.052953291608637,0.998596990235706,-0.616015284250282,0.787734199822532,-0.33673920527444,0.941597954347363,-0.402725025648673,0.915321011294003,-0.269634956964653,-0.021440976177878,-0.005386470192819,0.046314457438435,-0.035433992023577,5796.861572265625,15411.244140625,31684.7158203125,58288.376953125,95400.0625,7.403157313071967,-5.655321352295498,-7.404858928194509,-7.325019140630019,-6.93200461658531,49.23107757678648,-0.107330002957298,0.994223450973264,0.252880423393396,-0.001612889195146,0.999998699293376,-2.520118210905254,0.000159809192158,0.999999987230511,172.3398632976341,0.007414923655744,0.999972509075714,,0.0,0.0,0.0,0.0,0.0,,348.83547912596237,24.307078857419867,784.9047759489795,,602.7307489414212,,21.656767536545942,22604.135513305664,1.752478666395522,,1320.0,7.354534062955471,1562.268441,7.350941181182861,1556.6618801988527,-5.606560801147225,-0.3588730754593298,0.3588730754593298,False,0.33931836,0.20787197,-0.0659024,0.10206814,-0.018931806,0.030291593,0.017747322,0.09362276,0.29947472,0.03125318,-0.19341934
77,CastroMarim_16082021,2021,2200,p,2021-08-17 03:30:00,2021-08-17 06:00:00,229.145833,229.25,"fops, rep",5,5,73.0,29.2,696.664734,696.664734,8665.789409,8665.789409,2.5,2.5,5,76.54164009353741,-0.11083316854822,-0.993839025571829,21.0,7.0,0.0,0.0,97.36842105263158,17.0,236,20.90442857142857,0.128312075339835,0.133417893614802,0.078904900799167,0.109641356083217,0.138561177092246,0.136119384765579,23.447981770833355,11.980208333333357,48.576082446042896,1483.0171695057977,1004.7643750000001,927.583740234375,11.034396870686413,26366.610814336032,2.709559122721354,51.564562349737535,1114.834101573634,95.68653799960994,17.732127042881693,-0.324006171939875,0.946054966978594,35.12132726960111,-0.259853439906178,0.965648067242371,4.7455712323e-05,4.8746182071e-05,28.472442626953125,22.687550862630207,11.2684326171875,-6.648101806640625,-32.12695821126302,27.340579350789387,16.405104001363117,15.895476977030436,3.252605676651001,7.369277477264404,37.29181183469256,18.977256088788234,32.89639932446216,10.51490068389291,30.192898488036718,0.209399208417847,0.977830236551304,-0.375629774182245,0.926769805694918,-0.60169576757989,0.798725361608386,-0.961921128511764,0.273327171211817,-0.721129861904122,0.692799915033296,-0.200313983941494,-0.063094138239245,0.138773984437804,-0.044506593344069,-0.028406728398191,5768.957356770833,15343.25,31550.305989583332,58077.595052083336,95218.62239583333,15.65059365748462,-6.312157432121364,-7.348001748139953,-6.99625114349124,-7.101934524026298,37.825754683062044,-0.223727260702445,0.974651790548081,4.284992671752999,-0.002003497984837,0.999997992995898,-1.792349830763662,-0.003122268482325,0.999995125707883,163.0874294522198,0.01002514775027,0.999949746943608,,0.0,0.0,0.0,0.0,0.0,,255.77626017252223,22.479497985838748,847.8636917316909,,632.272005624362,,24.886390364369987,18651.05628967285,1.221441515804434,,1590.0,6.547738663587718,696.664734,6.553684234619141,700.8251048666805,4.160370866680523,0.5971840777404018,0.5971840777404018,False,0.16556948,-0.094065234,-0.078773454,0.1421326,0.0022806174,0.006254835,0.017296683,0.13961679,0.25472948,-0.06444819,-0.0951962
77,CastroMarim_16082021,2021,2201,p,2021-08-17 06:00:00,2021-08-17 12:00:00,229.25,229.5,"airb, rep",5,6,31.0,5.166667,125.502503,121.903942,1297.285396,1283.294456,6.0,6.0,5,54.0809326171875,0.512629859032785,-0.858609706227473,31.0,7.0,0.0,0.0,100.0,17.0,236,19.66142857142857,0.128661677172896,0.133536582208638,0.079904046143776,0.10990822582901,0.138871759053804,0.136115897042365,28.395445033482165,12.372565569196452,38.813395640089645,2527.642022507872,1006.0073214285713,927.583740234375,9.231450512423795,28243.44744213697,2.266100202287947,51.56456234973753,1114.834101573634,95.68653799960995,12.488816682012,-0.391645732302824,0.920116090702138,19.226151800310532,-0.350300382377025,0.936637412292777,0.010031269611415,0.015376579118131,27.577152797154017,21.71012224469866,11.177921840122767,-6.412950788225446,-33.0415278843471,30.478814261300222,17.615585735866002,15.297177723475865,2.255239009857178,9.28419201714652,20.15859893815295,15.807452932066315,37.03141050213246,14.155738075252634,33.845490956379486,-0.008677014472114,0.999962354001315,-0.498967904342793,0.866620465045548,-0.48870846024917,0.872447156497679,-0.797731094670341,-0.603013350263541,-0.897890543153161,0.44021877801398,-0.061514247358172,0.067355522180107,0.045713461956153,-0.007692722660824,-0.020017089721686,5872.248116629465,15420.662806919643,31592.985212053572,58117.71372767857,95268.04799107143,2.405129525240458,-6.401782784348902,-6.77728571691339,-6.869083039709543,-7.422405778398006,18.23796916665066,-0.12165386613951,0.99257258518121,8.347758647339887,0.000572364567384,0.999999836199388,0.43691518409936,-0.004815062355498,0.999988407520064,76.20176866315481,0.023418390715628,0.99972575188213,,0.0,0.0,0.0,0.0,0.0,,414.59723894382665,159.86495898431116,797.4835456090979,,650.5823988063354,,21.088583740003163,10424.190316881452,1.5740542170418,696.664734,1740.0,4.81140309091521,121.903942,5.642635822296143,281.20558278323205,159.30164078323205,130.67800611667838,130.67800611667838,True,-0.3153893,-0.07505566,-0.11711697,-0.06826657,-0.07243481,-0.3270657,0.014154836,0.10980947,-0.072431564,0.03487808,-0.037845194
117,CastroVerde_02082024,2024,2698,p,2024-08-02 17:15:00,2024-08-02 18:00:00,215.71875,215.75,"airb, sat, fops",1,1,86.25,115.0,3350.795814,3350.795814,6278.088268,6278.088268,0.75,0.75,4,197.7139945652174,-0.7127500243433,0.701418136918789,34.0,1.0,0.0,0.0,100.0,40.0,231,3.55,0.205217985868458,0.198360804373007,0.143902581930164,0.169093397855764,0.221715543866162,0.194732666015625,29.780175781250023,11.384423828125023,32.16696888103432,2836.512506647042,994.50625,1691.0048828125,8.202356251933598,50945.92365972408,1.52349853515625,49.264597434977894,989.5072970290049,92.06073421003376,17.96076116017051,-0.602708519044905,0.797961428310102,30.24632426177392,-0.557433614913741,0.830221515599421,,,24.449951171875,20.848358154296875,11.801361083984375,-3.479217529296875,-33.025604248046875,44.208744049072266,16.70472526550293,7.85395336151123,11.626611709594727,11.98731517791748,35.801224951161,30.230740664731144,20.114435494114925,28.182764691271572,21.834995496409544,-0.498390193505759,0.866952833213718,-0.205478987349264,0.978661527678452,-0.55842510051167,0.829554945207689,-0.94856800000436,0.316573450193993,-0.902295238658228,0.431118663820869,0.066117613712352,-0.063180861434913,-0.061258282254143,-0.101148601080042,0.003606702538522,5583.0498046875,15038.48046875,31194.8828125,58075.97265625,95501.5390625,-10.592403441776733,-3.929861276504456,-5.821583493506946,-5.966933284497023,-8.235711233101263,39.60019115803721,0.004876957221251,0.999988107573416,-0.397908194377739,0.000196581884335,0.999999980677781,1.285241391278906,-0.002017915736088,0.999997964005968,100.02862735530044,0.006431526316041,0.999979317520741,,0.0,0.0,0.0,0.0,0.0,,906.7406933593577,,759.6235163551122,,620.1003440862985,,22.02597028747698,17900.611877441406,1.456531160157414,,0.0,8.117251545068795,3350.795814,6.732102394104004,837.9091308484884,-2512.8866831515115,-74.99372753936213,74.99372753936213,True,0.3303293,0.1863998,-0.051972,0.109728664,0.20011199,-0.22370665,0.12902124,-0.105553,0.32444933,0.13595591,-0.0771354
119,CeloricoBeira_06082024,2024,2704,p,2024-08-06 14:55:00,2024-08-06 15:05:00,219.621528,219.628472,airb,1,1,4.5,27.0,1107.024664,1458.15925,11373.652576,22540.711733,0.416667,0.166667,5,527.1682942708334,-0.985157024526809,-0.171655576738667,31.0,7.0,0.0,0.0,100.0,26.0,233,21.91,0.215948799860477,0.281285846790229,0.120560037493701,0.175841322541236,0.236920721530914,0.315855712890628,31.334375000000023,11.548486328125023,29.75873517085913,3209.564383111228,939.61375,6097.75341796875,7.724233012895121,34192.74401766636,2.572906494140625,38.75401788667204,544.1300970142228,93.23146157446683,10.65339090799644,-0.737401727324704,0.67545443409496,14.564693385826931,-0.630227668427167,0.776410385008378,,,29.501251220703125,20.714935302734375,9.569122314453125,-8.928741455078125,-36.39268493652344,30.925384521484375,46.097923278808594,17.388364791870117,9.341493606567383,71.04779815673828,10.523301643604961,13.81655184852474,15.675418227560373,44.926056480736875,62.58420313475848,-0.62140450119982,0.783489914350276,-0.616203546569856,0.787586940721297,-0.980563367902889,-0.196202654230121,-0.928349472626144,-0.371708564166552,-0.963288513111245,-0.26846832309963,0.021251036568557,0.033270928619524,-0.034202547462362,0.042337983480761,0.001312586466354,5329.1826171875,14882.0166015625,30949.3046875,57425.63671875,94186.0859375,,-9.587147276395756,-7.172134622129613,-7.223255205962799,-7.655254430548062,14.522529287812397,-0.00201315335091,0.99999797360474,1.659802652450252,-0.007951628457746,0.99996838530269,6.710696369779103,-0.00448416358278,0.999989946087941,31.71273400319574,-0.000364215853791,0.999999933673404,6675.182070312516,27.379516601561697,0.0,0.0,27.379516601561697,2.799999999999734,,1847.750966796882,,703.7764983399808,,918.0238949331391,,10.008481953805841,5261.650562286377,1.120509915660582,,15.0,7.285615692669157,1458.15925,6.760367393493652,861.9591831453007,-596.2000668546992,-40.887171058627466,40.887171058627466,True,0.2660413,0.12984918,-0.082968086,0.07990035,0.14626896,-0.26705185,0.11206359,0.097303376,-0.121601105,0.105643526,-0.03767971
120,CeloricoBeira_15082024,2024,2707,p,2024-08-15 15:50:00,2024-08-15 16:10:00,228.659722,228.673611,airb,1,1,6.25,18.75,1178.465556,1178.465556,9040.213877,9040.213877,0.333333,0.333333,5,441.087890625,0.479722309186802,-0.877420370215145,31.0,7.0,0.0,0.0,100.0,21.0,233,18.849999999999998,0.21603477600217,0.292472839778271,0.099718120694157,0.167267018556596,0.24156726896763,0.332916259765626,30.553613281250023,2.399072265625023,16.604650148489693,3645.073194769611,952.6,5663.80859375,6.039661791772618,45587.3023784749,1.267303466796875,50.45712615310421,618.8526626951337,94.11039879711488,12.506553350942045,0.478577222240783,0.878045467132708,17.607815589266885,0.384076894301148,0.923301109749135,,,28.11065673828125,19.320953369140625,10.786346435546875,-5.25042724609375,-32.78831481933594,18.12801742553711,26.555038452148438,30.487516403198242,6.054336547851562,18.792699813842773,12.81915097104796,20.34167425038565,36.46797884589333,56.763724925494685,22.685118234538365,0.377242527828332,0.926114504366328,0.446491004671443,0.894788121706746,0.400474014315435,0.916308116224057,0.155515240280136,0.987833493074927,-0.408109060110321,0.912933182141974,0.018089411848525,-0.058366458085553,-0.121898951245949,-0.06372820146293,-0.061224181913442,5770.69677734375,15262.34765625,31338.951171875,58035.58203125,95403.4765625,,-9.590843477804807,-5.491869452596506,-6.262220893504464,-7.675865485064807,23.310032573446218,-0.00054594546234,0.999999850971765,9.36069054116603,0.000189351666574,0.999999982072973,8.624625458733972,-0.000802065887177,0.999999678345105,43.49436250188613,0.001660825246051,0.9999986208288,,0.0,0.0,0.0,0.0,0.0,,1365.6378662109519,,629.7705458623416,,915.5050592154043,,14.522422228094484,6409.575462341309,2.467319163796829,,0.0,7.072816696217013,1178.465556,6.596515655517578,731.5383214661834,-446.92723453381666,-37.924505494313884,37.924505494313884,True,0.3100342,0.18160792,-0.07902926,0.09822622,0.20713878,-0.2586469,-0.04111423,0.07232772,-0.04739492,0.13858151,-0.12417359
120,CeloricoBeira_15082024,2024,2708,p,2024-08-15 16:10:00,2024-08-15 17:15:00,228.673611,228.71875,airb,1,1,37.5,34.615385,796.462203,817.638545,5726.415746,7386.850272,1.416667,1.083333,5,440.6981608072917,-0.913243736150455,-0.407413645306534,32.0,7.0,0.0,4.347826086956522,95.65217391304348,21.0,233,16.553846153846155,0.215892163008452,0.292403534859111,0.099263125658032,0.167143908143044,0.241449338197709,0.332885742187501,30.223535156250023,2.883447265625023,17.513303331326245,3538.0112366630983,952.385,5663.80859375,6.194429130772715,44559.03572863545,1.099990844726562,50.45712615310421,618.8526626951337,94.11039879711488,12.594373716761181,0.438851268754235,0.898559716386617,18.71149316438878,0.382539135443839,0.923939289051981,,,28.14752197265625,19.478271484375,11.278289794921875,-5.338043212890625,-32.78804016113281,18.58662223815918,26.88381576538086,28.59918785095215,7.93486499786377,19.165239334106445,13.070815353138183,22.14376008123768,35.50738492962612,56.91686875751881,23.915803466923723,0.37162574083319,0.928382630573291,0.441581359228822,0.897221211954792,0.477664816576513,0.87854215778466,0.163209612129624,0.986591416194413,-0.613970649144295,0.7893288554141,0.014215691678164,-0.107961342405466,-0.164955406812557,-0.073436063656122,-0.044278196196472,5757.3759765625,15252.044921875,31347.9921875,58059.19140625,95407.890625,,-9.459411883556834,-5.276543993478998,-6.488533778716148,-7.651366996823691,30.102033747443752,0.002255578365126,0.999997456179884,8.757745401368535,0.000806210217052,0.99999967501249,8.553891668418702,-0.00077468195359,0.99999969993389,50.13102938123921,0.001345340566386,0.999999095028971,,0.0,0.0,0.0,0.0,0.0,,1313.0780517578219,,637.1384346836043,,917.6215211789003,,14.668845631266294,6535.407543182373,2.430209709713076,,20.0,6.707642649438896,817.638545,6.674152374267578,790.6761243428252,-26.96242065717479,-3.2975965751681615,3.2975965751681615,False,0.3121129,0.16331027,0.17188627,0.116012685,0.16684854,0.011987192,-0.028016616,-0.112343036,-0.067176245,0.16557597,-0.16106464
118,CeloricoBeira_16082024,2024,2700,p,2024-08-16 11:00:00,2024-08-16 12:00:00,229.458333,229.5,airb,1,1,30.5,30.5,947.951789,947.951789,13568.823923,13568.823923,1.0,1.0,5,495.6829202586207,0.993009363282456,0.11803560663364,22.0,7.0,0.0,0.0,100.0,14.0,233,24.847857142857144,0.213852630765089,0.290030494547559,0.096508106964414,0.166172491525962,0.239167833412678,0.330336242580613,30.088489920393528,4.790803042923871,20.199109603595463,3400.3390597945872,951.7953032647093,5927.624380056723,6.56783169484244,36745.144738576506,1.540507416194047,50.250726941283084,627.3893392573348,95.13122154888396,10.78371684219492,0.729867618864502,0.683588515799572,12.520296444322279,0.647686222262032,0.761907184302615,0.002959279115868,0.002962124171617,27.534898329313595,20.16441607502194,11.083401242633848,-6.883508335354703,-34.71390603866822,22.075264994905936,29.808983598135143,21.020617260619446,14.469083708648771,12.02634965397754,9.709220592096427,15.328419681995824,23.813479202927446,28.077450406128136,28.13244815159964,0.628247365272596,0.778013655425174,0.571014657338063,0.820939864487707,-0.256283213654377,0.966601735152066,-0.394843489164242,0.918748398129002,-0.619564080992054,0.784946080660622,-0.00320655202086,-0.058454968345418,-0.063706826653537,-0.042211903872139,-0.029000975868875,5930.52541010589,15420.093694750682,31528.971050352513,58187.43495632653,95174.84094598281,,-8.042267035430173,-5.84347332508821,-7.015922203840372,-7.757399277570665,7.230151974538081,0.004842801072262,0.999988273570133,5.707529946501891,0.038678543193002,0.999251705175662,3.628784964722042,0.018214591756059,0.999834100562268,27.57005402740185,0.002370213125224,0.999997191040925,,0.0,0.0,0.0,0.0,0.0,,893.4936378337186,292.24959500901423,656.405558206884,,910.3004509668046,,13.261332615269666,4869.985918922627,2.619490839931183,,0.0,6.855357995422734,947.951789,6.394684791564941,597.6545925024759,-350.29719649752406,-36.953060330953605,36.953060330953605,True,0.24931274,0.13020328,-0.081028074,-0.0005886778,0.19719195,-0.25711375,-0.06456841,-0.02172631,-0.19653669,0.12445254,-0.07542666
118,CeloricoBeira_16082024,2024,2701,p,2024-08-16 12:00:00,2024-08-16 13:00:00,229.5,229.541667,airb,1,2,6.75,6.75,184.602604,167.974388,2347.52978,2382.99665,1.0,1.0,5,501.01046316964283,0.885204555814433,-0.465201993079751,21.0,7.0,0.0,0.0,100.0,14.0,233,26.5,0.213591413695675,0.289778596459166,0.096149997426686,0.166027755358379,0.238882062847982,0.330089275170008,31.250903128155304,4.894985886116285,19.03472461060262,3684.3364266600856,951.2933488934214,5951.346040825125,6.295562785005221,37573.72650660894,1.586141006969542,50.25609543121783,627.3920449143525,95.12937920336522,10.142507829688391,0.588637643535558,0.808397009280035,12.51223427485876,0.501703992600356,0.865039365467758,0.006067310480185,0.006071926306664,28.736112763051263,20.298785948249417,11.126503934310334,-6.758904138825399,-34.76887563027689,20.961359114208605,30.46902287802912,20.681347440146816,13.892585922600182,12.616109286462741,9.799099249258518,14.203545450306619,25.64155810637308,25.644116123628326,29.00546522823857,0.498283192316228,0.867014336822148,0.524083289169818,0.851667015924032,-0.201517769925566,0.979484858690642,-0.489432523618947,0.872041171518862,-0.592630484317424,0.805474462076667,0.009096657184217,-0.043396845337154,-0.064677885146991,-0.041642568075075,-0.021473853508418,5894.866745578527,15412.161621865715,31524.317528432275,58186.774970138824,95178.04434062244,,-9.20634945838469,-5.902202151182301,-6.984096573780776,-7.807453379895126,6.132679814851927,-0.000846366257567,0.999999641832015,6.456755664697388,0.040382089410076,0.999184310752964,3.130473983346326,0.01846121364725,0.999829577273382,26.90142178453559,0.001611777711599,0.999998701085461,,0.0,0.0,0.0,0.0,0.0,,1175.5731928573064,271.8641869874059,646.4521535582677,,914.3223389397373,,12.454766888714385,4917.956816198282,2.455718927896875,947.951789,60.0,5.129747153142309,167.974388,6.381715774536133,589.9407594331223,421.9663714331223,251.20875655943587,251.20875655943587,True,0.2468912,0.12013595,-0.08408922,-0.06315389,0.15513879,-0.26339763,-0.07262773,-0.008224234,-0.19726108,0.10689474,-0.064112894
90,Chaves_29082022,2022,2469,p,2022-08-29 14:15:00,2022-08-29 16:30:00,241.59375,241.6875,airb,1,1,59.75,26.555556,412.088759,412.088759,4324.862347,4324.862347,2.25,2.25,3,676.6175440871369,0.834094061157925,0.551622241340104,32.0,3.0,0.0,0.0,0.0,0.0,221,21.675964912280705,0.182023760229349,0.227122450833915,0.160462430119511,0.157223242521286,0.191353484988213,0.250984191894531,28.371484375000023,11.589624023437523,35.37180553668082,2491.5414498784426,942.5965625,5751.2001953125,8.772673504415227,22090.89466081652,2.882965087890625,18.33965366314981,829.8724249697502,82.63766350162693,8.8284064412468,-0.651713874864439,-0.758464913696855,11.314205477456827,-0.854081679397499,-0.520138909251699,0.004459832829193,0.004461490835508,26.811111450195312,18.05755615234375,6.2916259765625,-9.817184448242188,-38.60277557373047,42.01716232299805,62.638986587524414,43.628746032714844,17.817893028259277,74.71923065185547,7.612030283364896,12.910433043964591,11.569887064845469,39.489809566775705,74.90098367409577,-0.861734153235981,-0.50736007839272,-0.70879096693415,-0.705418574459556,0.041638305160733,-0.999132749710138,-0.954005808175025,-0.299788121793239,-0.928690316945454,-0.370856165125716,0.00284675539079,0.103230285566186,0.051270925544059,0.041093914208388,-0.090331885401499,5412.639404296875,14889.4130859375,30848.2939453125,57162.275390625,93700.3046875,,-9.551400679885699,-7.571169125482806,-6.290350616296427,-8.023648320868976,23.589017120109435,0.003062421274707,0.999995310776974,1.248527009389286,-0.008145589842611,0.999966824132739,6.179832028177502,0.000760422032763,0.999999710879124,28.99434418681843,-0.004591819992289,0.999989457539007,2189.5932373047026,31.2667846679683,0.9292602539065,23.4561157226542,46.1410522460924,98.90000000000643,,1423.4559692382816,52.71091308593759,736.7372424158173,,917.7818978782774,,11.366146898715357,10220.924091339111,1.183285601739921,,0.0,6.023662482703508,412.088759,6.364885330200195,580.07819237654,167.98943337653998,40.76535205284257,40.76535205284257,True,0.190381,-0.09066729,-0.07647463,-0.0048294417,0.14318255,-0.06738949,0.062367182,0.08529253,-0.18318269,0.008324843,-0.062172458
90,Chaves_29082022,2022,2470,p,2022-08-29 16:30:00,2022-08-29 18:45:00,241.6875,241.78125,airb,1,1,272.5,121.111111,656.511343,1030.634004,7924.005388,14338.239894,4.5,2.25,3,664.8687033582089,0.62153942040794,-0.783382887787933,21.0,7.0,0.0,0.0,0.0,0.0,233,23.24571955719557,0.181776285454631,0.227020853133969,0.159067896008488,0.156998027861119,0.19121103733778,0.250959777832031,26.987451171875023,12.085839843750023,39.73034328403426,2149.886598027184,942.5403125,5751.2001953125,9.495120882873088,19638.02826412327,2.136421203613281,18.33965366314981,829.8724249697502,82.63766350162693,9.095010497574178,-0.905314066935815,-0.424742793003171,13.311505500079592,-0.936401791853295,-0.350929742561012,0.007788450433059,0.007799332450064,25.673019409179688,17.2669677734375,6.994125366210938,-10.304397583007812,-38.987388610839844,47.52199935913086,70.20368957519531,31.74390411376953,18.368525505065918,79.01707458496094,8.6329926344331,9.538288945337701,14.99812300625168,37.00110105553605,73.77796737238445,-0.946530271776816,-0.322615009895862,-0.714144421534104,-0.699998389420804,-0.21345517579401,-0.976952858600019,-0.901893376728039,-0.431958721423813,-0.90287313194736,-0.429907091832137,-0.019505801078009,0.097113874560666,0.008842027031343,0.070446355462356,-0.045830864359,5453.563232421875,14902.39794921875,30866.78515625,57172.505859375,93704.95703125,,-9.172223693895914,-6.610393407283658,-6.754923028151247,-7.995049738415283,28.065288897561764,-0.008810857171006,0.999961183644601,2.060253753963261,-0.007192424072193,0.999974134183463,5.426158903275474,-0.000313647004422,0.999999950812777,37.612903044879964,-0.001173601128414,0.999999311329959,,28.5211181640612,4.0594482421877,7.9730224609369,35.6268310546861,114.47500000000274,,1077.2565429687324,337.43481445313785,757.0723248579695,,920.9419416067606,,12.146753275630218,13056.919813156128,1.313881409865084,412.088759,135.0,6.938899235852465,1030.634004,5.845361709594727,344.62753596988136,-686.0064680301186,-66.56159852747481,66.56159852747481,True,0.19495608,-0.08751661,-0.089709915,-0.03864847,0.015982397,-0.06114716,0.05644181,-0.0035494864,-0.11943807,0.011461724,-0.05555709
90,Chaves_29082022,2022,2471,p,2022-08-29 18:45:00,2022-08-29 21:30:00,241.78125,241.895833,sat,1,2,305.5,111.090909,341.914533,358.709773,5285.428824,5545.05524,2.75,2.75,3,633.6374588138385,0.768285098278643,-0.640107809484446,22.0,7.0,0.0,0.0,0.0,0.0,233,21.959840255591054,0.182110039343536,0.227386814013553,0.159451956136826,0.157060670504293,0.191618974455635,0.251342779447424,22.318363165551602,14.667420913796931,62.166268738145426,1031.8858287728965,943.9899326570218,5756.91565594951,14.143609102229377,7861.677877170033,1.599440603809653,18.081563267411838,828.102877459724,82.37890358356205,7.484849736459931,-0.998263411190541,-0.058908079906106,13.397994824080591,-0.999683827647646,0.025144477321114,0.000807441619352,0.00084812117507,22.475649940007543,16.409171244270322,7.210290036651014,-9.810087581766295,-39.17793849029919,61.80332112710172,73.6732980485592,22.318564634334777,7.836671407614186,79.27397929424285,7.374825733840256,7.863488428401364,19.70498516657316,43.288127843170265,66.13398062971903,-0.999975911578782,0.006940912201088,0.60149749203653,-0.79887468796662,0.113935472071002,-0.993488152019921,-0.867396270824585,-0.497618035605225,-0.915625867531612,-0.402031429998928,-0.041633808491121,0.039365365448876,0.022196318480846,-0.008452405227939,-0.017436606355805,5572.824574728613,14952.536187745432,30887.893232660415,57208.11904124039,93777.30547671016,,-6.619409687535526,-5.919318264481102,-6.646309691294746,-8.185946455035092,-10.777858865331794,-0.006729755369647,0.999977354939933,5.332910022853849,-0.011942736775379,0.999928682976098,7.309268602444072,-0.001787760797303,0.999998401954389,72.5789545137066,0.007441184557624,0.999972314002933,,1.0301251081171,2.0816663123002,1.3733840960947,4.307305605541599,27.91265593828763,,365.77525902766916,111.82065008321331,842.9750711703546,,949.675279489231,,17.446768941948264,5593.5024266621795,1.159678104874803,1030.634004,270.0,5.88529752019626,358.709773,5.907073020935059,366.62853806241344,7.918765062413456,2.207568808674041,2.207568808674041,False,0.14925219,-0.19359188,-0.105070494,0.04618289,0.02949696,-0.07405563,0.100042254,0.11298685,-0.095118776,-0.11490215,-0.02547448
71,Chaves_30072020,2020,2071,p,2020-07-30 14:00:00,2020-07-30 16:00:00,212.583333,212.666667,"airb,fops",1,1,176.75,88.375,1198.604966,1198.604966,11666.013976,11666.013976,2.0,2.0,3,462.33278818953323,-0.939467600780332,0.342637749064587,22.0,7.0,0.0,61.78707224334601,12.167300380228136,7.0,234,18.82900552486188,0.195330371609326,0.269045556058722,0.139582349359987,0.151711817383761,0.21347239653269,0.308048299153641,32.81215820312502,13.167138671875023,30.578035471068702,3463.9302707393676,937.8983333333334,5871.740234375,7.686240932810705,38687.95909735525,4.224960327148438,45.49206980546473,626.9380920387723,93.96791129949928,10.867615919096338,-0.591715417304385,-0.806146925147207,16.04621240288011,-0.860837958135467,-0.508879170170247,0.036692525018822,0.038336797218465,31.955657958984375,23.141062418619793,8.691141764322916,-8.6644287109375,-34.67134094238281,24.81093978881836,36.33931096394857,51.27205912272135,47.805840810139976,11.984209378560385,11.609310989501338,15.687752691867448,13.758479585944333,11.077283735852026,17.74395148200156,-0.856586303488889,-0.516003783586168,-0.878598492629441,-0.477561188487166,0.053734248591286,-0.998555271644154,0.885078383860757,-0.465441998988522,-0.875132943952972,-0.483882558487288,-0.005869690026104,0.132923762902863,0.093455039040638,-0.01159525390526,0.029401819214385,5311.394856770833,14928.921549479166,31078.4375,57441.7734375,94335.37760416667,,-9.618004453324172,-9.298269791595507,-6.777199591791342,-7.249123936595324,14.302490621291133,-0.007235162649359,0.999973825868176,0.699284288600068,-0.007313183447681,0.999973258316372,-0.276923595466564,-0.007316218086073,0.999973236118306,40.03980527060485,0.005154909395813,0.999986713366293,2351.6819010416543,8.3752034505207,0.0,50.534830729167304,52.6777343750006,0.933333333333462,,2279.8454622395407,338.7746386718866,704.8017151771552,,933.5752442211616,,9.504002944461709,5889.794667561849,0.678478172003086,,0.0,7.089747586579524,1198.604966,6.764933109283447,865.9082177384838,-332.6967482615163,-27.756997317623018,27.756997317623018,False,0.21681693,0.12568359,0.13031863,-0.06259308,0.17209291,0.05169635,0.06719398,0.0791231,-0.04053165,0.110063545,-0.0364513
71,Chaves_30072020,2020,2072,p,2020-07-30 16:00:00,2020-07-30 17:30:00,212.666667,212.729167,"airb,fops",1,1,675.0,450.0,2166.248256,3469.145786,21812.691223,34763.086459,3.5,1.5,3,550.1243508902077,-0.953115259619728,0.302607504665727,32.0,7.0,28.916155419222907,6.70756646216769,49.48875255623722,18.0,233,16.70511144130758,0.195540313627866,0.268887538434729,0.144106529822418,0.15177406565399,0.213305976045776,0.307695593888095,30.76812377235666,13.208666491783102,34.27342843924163,2908.6066512994184,938.0988543053556,5919.69271821012,8.385827033622714,30995.01141669423,4.003131783187948,45.65047337852359,627.1607254308668,93.99088731684424,10.517266887966866,-0.862970139254874,-0.505254924522685,15.708921572434425,-0.98354539062099,-0.180661187276636,0.009723613726434,0.010077948941269,30.950606653983403,22.302133165539786,8.295869599163886,-8.476998922557572,-34.87003886943407,25.9794844345573,37.20820677942104,58.2738301948489,51.1547541499058,16.530377980881518,10.709412869992601,16.443166394694412,10.723831838715295,8.956760342361465,10.071345006750287,-0.98858988647654,-0.150632122591104,-0.998836673466243,-0.048221361852297,-0.483364258197224,-0.875419324608183,0.442683622601269,-0.896677874311961,-0.966321818268906,-0.25733663465872,-0.034552947248215,0.151416176098907,0.15362560783576,0.084397536064544,-0.026459201077798,5364.465156662613,14954.434278113604,31077.591701786485,57440.325439472566,94322.93656609824,,-9.436741157934772,-9.012784258689402,-6.549659537876694,-7.356752540852721,19.102683160630512,-0.016014793264173,0.99987175497496,-0.503748019257202,-0.006260329501819,0.999980403945262,-0.424274760042645,-0.006216466465065,0.999980677585667,43.70956082247433,0.004139131493452,0.99999143375855,2686.970034977037,11.8919765077682,0.0,56.380125950371095,58.898298799304506,0.0,,1656.8365652776406,500.956518402769,725.813748679002,,949.3111738517692,,11.53580716716029,5453.913574050521,1.068211769060918,1198.604966,120.0,8.151951885314856,3469.145786,7.076218605041504,1182.4848229968297,-2286.6609630031703,-65.91423664670316,65.91423664670316,True,0.23895918,0.08101773,0.17692935,-0.049775902,-0.0032114303,0.17204012,0.036731355,-0.122460425,-0.034987144,0.12980975,0.2826587
71,Chaves_30072020,2020,2074,p,2020-07-30 17:30:00,2020-07-30 19:00:00,212.729167,212.791667,"airb,fops",1,1,640.0,426.666667,2207.600661,2500.764394,13730.818593,24363.873642,5.0,1.5,3,817.2281885758998,-0.609758623111298,-0.792587169680038,21.0,1.0,11.790393013100436,0.0,81.36826783114994,15.0,233,15.163229329173168,0.195645537838324,0.267172437830138,0.144310727712324,0.152910312039536,0.213100863014109,0.305017358460728,29.40137909959124,11.091123350738599,32.291526508865125,2769.23919198116,934.4906103301191,6328.678537784872,8.256926642228805,20430.765171806295,3.695407827003687,47.001494430400776,629.0595613836304,94.18684933033856,7.368087183796504,-0.998145310118652,0.060876431302605,14.277127646587381,-0.977690890752632,0.210048856553245,2.0387294934e-05,2.0562292649e-05,29.94478777211935,21.65263210591207,8.261816451904696,-8.761089206298227,-34.49217318429596,26.961267580932173,38.907392647122,58.2689288030321,49.788603267903675,11.712283092361215,9.274012253896679,14.618776050849327,11.825765490741313,15.426200831657265,10.437278524307368,-0.98251203907898,0.186199068378078,-0.854447021472193,0.519538533217024,-0.84504696974056,-0.534692078613754,-0.999998801094917,0.001548485947008,-0.769498473401615,-0.638648651006626,-0.015192831065302,0.016066097429712,-0.0976086945502,-0.00209434384502,-0.034637782877332,5388.8070546731615,14951.692313531094,31059.23139241415,57470.88065213694,94323.64203451516,,-9.047946642590947,-8.616754351758733,-6.647296868882917,-7.172240022939533,3.762481366176833,-0.003327652629338,0.999994463348662,0.955730894960146,-0.005409277387141,0.999985369752052,1.268790876576957,-0.00079485541122,0.999999684102388,52.25912314971843,0.007875824385468,0.999968985214166,4221.279385486487,0.2910746620859,0.0,23.2330800988724,23.349569349051798,0.0,,926.8790475953965,469.24315161782306,714.5438172322212,,949.5281086488371,,12.366523022031917,4641.339907054562,1.922421964080824,3469.145786,210.0,7.8247515195265125,2500.764394,6.087716102600098,439.41440032522047,-2061.3499936747794,-82.42879651599756,82.42879651599756,True,0.2373323,-0.104070365,-0.105586566,0.0932522,0.020806395,-0.022275971,0.051108375,-0.11846842,-0.120617464,0.0778846,-0.09315383
71,Chaves_30072020,2020,2075,p,2020-07-30 19:00:00,2020-07-30 20:00:00,212.791667,212.833333,fops,1,2,16.5,16.5,546.275823,553.204507,8444.513759,8551.619667,1.0,1.0,3,908.4540307971015,0.45850414193331,-0.888692270603272,21.0,7.0,0.0,0.0,94.87179487179486,15.0,233,22.5375,0.195757092633836,0.26628761171572,0.144580380022521,0.153542104363433,0.213045311272137,0.30360534667968,28.108178710937523,9.765649414062523,31.86758306629861,2593.4356434837655,932.6693750000001,6545.7607421875,8.329438259790262,19349.029713692897,3.610664367675781,47.71859173328722,630.067428832075,94.2908623885731,7.341555987816264,-0.998647496904931,-0.05199208521993,12.762902697198102,-0.994551929759895,0.104242309120953,0.00774093939099,0.007829076740989,29.37725830078125,21.403976440429688,8.182647705078125,-8.82257080078125,-34.467002868652344,28.852797508239746,40.623844146728516,59.31562042236328,39.370606422424316,10.871834754943848,7.510012166744624,11.739634682318313,11.604015575532873,22.874226806739685,12.76977385747437,-0.999646561028659,0.026584826942736,-0.807540204623187,0.589812527772292,-0.817318913644964,-0.576185554659448,-0.963542466872669,0.26755544197966,-0.854781627456167,-0.518987831613985,-0.000198172853995,-0.014322120510141,-0.005481552286655,-0.045033507911916,-0.020296390233892,5421.292236328125,14973.4521484375,31075.3798828125,57493.048828125,94337.6875,,-8.70000898955578,-8.507692500589377,-6.640390189450311,-7.148086812044655,0.824424965852886,-0.001022029324481,0.999999477727894,1.691404654561654,-0.004609721737367,0.999989375176309,3.12562544786478,0.000876019767756,0.99999961629461,57.10687432637464,0.017954489378545,0.99983880516369,5100.732558593749,0.0,0.0,8.4044799804687,8.4044799804687,0.0,,471.03897674559465,495.0053570556403,712.2923128134211,,949.7685090531321,,13.993587526063607,3784.81388092041,2.403207407689074,2500.764394,300.0,6.317533764838971,553.204507,6.290948867797852,538.6651571068779,-14.539349893122107,-2.6282052494417054,2.6282052494417054,False,0.24727985,-0.106294855,-0.074391626,-0.017788837,0.019818129,0.0056076404,0.07656526,0.058209993,-0.20428687,0.11015349,-0.08556966
71,Chaves_30072020,2020,2080,p,2020-07-30 21:00:00,2020-07-30 23:30:00,212.875,212.979167,sat,1,2,55.25,22.1,314.405565,555.573505,4580.350068,8588.240435,4.5,2.5,3,487.63878676470586,-0.669589770431378,-0.742731135293018,31.0,7.0,0.0,0.0,78.61271676300578,26.0,233,25.489090909090912,0.194919321586684,0.268838261585192,0.142804188927013,0.151080294052755,0.212772453625992,0.307948811848953,23.828841145833355,12.047184244791689,48.09477711361287,1551.3992497325642,940.1225,5871.740234375,10.931816018640788,8106.574436066559,3.064910888671875,45.49206980546473,626.9380920387723,93.96791129949928,4.998832336580357,-0.999520530087033,0.030963041429042,8.858318864316644,-0.986812662153782,-0.16186651850511,0.024701265943485,0.024996387311518,26.462117513020832,20.869038899739582,8.739217122395834,-9.47998046875,-34.88408915201823,44.365282694498696,41.987701416015625,41.799617767333984,21.929467519124348,10.957170168558756,4.931399506456807,5.837188633279863,14.917666229895854,33.21344781206109,14.799824764454483,-0.990364305173665,-0.138486616818681,-0.841447607031047,-0.540338712866037,-0.42818712795141,-0.903690092596308,-0.993037179678371,0.11780135727752,-0.957206899066214,-0.289404478852769,-0.01698985997869,-0.027543859328934,-0.142809410942519,-0.01071034239931,0.037717751207229,5550.081217447917,15054.389322916666,31160.94921875,57630.688802083336,94436.77864583333,,-6.102861414796831,-7.805326970856009,-7.114438482646686,-7.081099467128644,27.003834557544632,-0.002270839784858,0.999997421640012,3.508261023886993,-0.007150166663963,0.999974437231611,5.51767440187944,0.000964463472602,0.999999534904997,26.19659670752387,-0.003928703097765,0.999992282616206,,0.0,0.0,0.0787760416666,0.0787760416666,2.713333333332231,,56.800044606528836,10.155704269408528,790.1350936569203,,949.9132408359601,,17.21363368339678,2466.27410252889,1.994267740546558,181.938023,420.0,6.32179924644964,555.573505,6.090714931488037,440.7371100503896,-114.83639494961034,-20.66988326767137,20.66988326767137,False,0.14967252,-0.18196845,-0.10003205,-0.0255356,-0.031551898,0.0650743,0.092166625,0.01152291,-0.25653526,-0.048120864,-0.08573461
71,Chaves_30072020,2020,2081,p,2020-07-31 13:30:00,2020-07-31 16:00:00,213.5625,213.666667,sat,2,3,196.25,78.5,1135.274532,1135.274532,5664.707026,5664.707026,2.5,2.5,3,391.1650867609255,-0.878743467056134,0.477294373637658,32.0,1.0,0.50251256281407,4.020100502512562,21.35678391959799,24.0,231,13.775125628140703,0.193267665799454,0.268067042714854,0.138428085645038,0.15009318987528,0.211191847125684,0.307643432617183,31.846907552083355,5.09552408854169,18.657905673501052,3826.3711921388094,941.3962500000001,5871.740234375,6.185468605040806,38248.11152562063,2.565633138020833,37.31986584646701,630.4587231228519,92.4568941052869,9.903685498718856,-0.972468084497647,-0.233036101566854,13.17868509871303,-0.999897014167694,-0.014351343439883,0.009267535908207,0.009304480796004,30.072163899739582,21.163035074869793,10.031768798828125,-9.520924886067709,-35.68885803222656,19.09543228149414,27.683433532714844,16.223033905029297,8.615391731262207,48.634989420572914,9.902677682709568,13.177477370448655,35.386025269257296,60.96543992099229,60.24345774439994,-0.999997898584301,-0.002050079750293,-0.99850787898604,-0.054607834628377,-0.741834295278504,-0.670583237449793,-0.770460670089808,-0.637487533874007,-0.781013527711765,-0.624514106751179,-0.01206552643805,0.063891350404506,0.028185648437023,-0.023407772263967,-0.003248302185624,5651.738444010417,15206.910807291666,31288.552734375,57683.42578125,94512.82552083333,,-9.72115400195574,-7.162774068655284,-7.635157130017006,-7.294006641499101,9.046079082430314,-0.005217103249561,0.999986390824237,10.269872770251764,-0.005120785501712,0.999986888691969,10.1262950585299,-0.002335368804769,0.999997273022555,31.32910650401196,0.001148002825283,0.999999341044539,,10.9609375000001,0.0,0.0,10.9609375000001,0.0,,1798.037416992187,89.73420410156405,636.3045139849086,,919.928257093482,,9.065539863555188,5054.073015848796,1.955396330313392,,1410.0,7.035510235577653,1135.274532,6.771304607391357,871.4493557370214,-263.8251762629785,-23.238887936488876,23.238887936488876,False,0.16543384,0.09188986,0.15895179,-0.065624036,-0.002602533,0.122502066,0.08864384,-0.1416504,-0.07750046,0.12276321,0.014310378
11,Cinfaes_07082016,2016,182,p,2016-08-07 21:30:00,2016-08-08 03:00:00,220.895833,221.125,sat,1,1,86.75,15.772727,192.282631,192.282631,1243.828267,1243.828267,5.5,5.5,1,743.0913461538462,0.578193753919906,0.81589949315342,22.0,7.0,45.55873925501432,25.787965616045845,28.08022922636103,5.0,235,15.225882352941177,0.220513941646459,0.309516626362061,0.107322670593125,0.160186053549756,0.249114282582626,0.356607993936454,23.361498142328045,7.080248528391228,35.515061242522194,1889.0615801349038,959.6107675345517,5701.609141648379,9.292868392265172,15297.776077879047,3.878340569423786,45.75152291646962,479.03103236938387,94.29788517562378,8.469349350126004,0.96854309576508,0.24884587930242,19.942648584301065,0.939761161117988,0.341831771569247,0.001416415806186,0.001723817076079,30.64251865419955,24.174883826024764,10.418202687177189,-7.977402710296947,-35.22629866528754,18.836033605019324,17.79208495005931,19.542100225248358,11.961555362944482,22.881612502682163,20.000932555310442,37.72326982404999,30.596749045684305,8.617758502972748,40.81276485416237,0.957973219328776,0.286857649451536,0.94641867456266,0.322942243193823,0.860938390439832,0.508709237056761,-0.428749977511385,0.903423188092926,-0.99943850483168,0.033506343575753,-0.176676630891972,-0.266985359461008,-0.080806487416612,-0.002360704328431,0.061901310608767,6149.217836937078,15769.04712005186,31982.575457828538,58469.502828346594,95531.65449667496,80.69363037326188,-7.057129314101996,-8.8521823563039,-7.183324199468338,-7.595312436755976,-4.405208171222239,0.00407452852501,0.999991699074197,8.05602273696937,-0.001773496470283,0.999998427353898,-0.502328449534953,0.016045735221476,0.999871258903466,98.95865773300854,-0.018063258725383,0.999836846032501,,0.0,0.0,0.0,0.0,0.0,,118.55759073574109,42.83898194060359,754.0698694256013,,569.5976358012331,,18.527374070289635,10142.531813241743,2.307018281607395,,0.0,5.26415352702963,192.282631,5.921367168426514,371.92121161831017,179.63858061831016,93.42423685595926,93.42423685595926,True,-0.12395958,-0.14271094,0.106817804,-0.03400162,0.23027518,0.090288654,-0.10577436,-0.09718561,-0.037326034,0.027956117,-0.12208258
11,Cinfaes_07082016,2016,183,p,2016-08-08 03:00:00,2016-08-08 11:00:00,221.125,221.458333,sat,1,2,114.75,14.34375,110.574838,108.487775,677.387268,667.53316,8.0,8.0,1,720.1404246794872,0.782144901788378,0.62309658369024,22.0,7.0,45.770065075921906,36.44251626898048,17.35357917570499,5.0,235,14.91504132231405,0.220195151989385,0.309352535737363,0.107379400510124,0.159908290244486,0.248747018058798,0.356525754651638,23.516079071263462,9.169725199456563,40.75934306664834,1805.2905980520768,962.7775338196215,5420.310907118052,9.980144063804532,21088.467357563106,4.183009908181889,42.23500583214542,482.29052913174445,94.33449730049648,11.39182275163869,0.994250958179588,0.107074890422412,22.710716806626273,0.992456927257835,0.122593831565611,0.000791714526051,0.000851070081795,25.809392485110425,24.227146674917563,9.861126858553783,-9.497661194150393,-35.91791128590526,30.14829968801551,15.726802675834257,21.38942374159886,15.930320580018336,22.84203508746554,25.029100198722144,22.65754456107768,23.389294107857886,10.719143657902832,52.86321108973692,0.996569914409192,0.082755094673718,0.954838776535252,0.297124402943723,0.758394745592691,0.65179552764452,-0.570789225706418,0.821096620269179,-0.997554294856384,-0.069895842605861,-0.26183033363724,-0.265679840907128,0.075171935419789,-0.001608038880639,0.031873206705407,6152.8778302561195,15715.350862961091,31920.557772601587,58279.50603646631,95189.18560456684,6.743057244223849,-1.726460071707276,-9.244281078058115,-7.559438664109556,-7.36433705187812,41.625120527541895,6.6485355578e-05,0.999999997789849,4.398840424803827,-0.00432645044856,0.999990640869461,-0.373126492042054,0.014649755506629,0.999892686573712,112.37139810065122,-0.00328020141296,0.999994620124874,,0.0,0.0,0.0,0.0,0.0,,331.5929625899758,64.96232857188053,779.167171160361,,617.4537268966372,,16.319543392171752,12519.931186769063,1.834106191874946,192.282631,330.0,4.695812899188303,108.487775,5.601165294647217,269.74171755011196,161.25394255011196,148.6378926566721,148.6378926566721,True,-0.3457883,-0.13703303,0.088301495,-0.0010445635,-0.022743102,0.038533174,-0.17129007,-0.16629967,0.08006201,-0.013885757,-0.11711676
11,Cinfaes_07082016,2016,184,p,2016-08-08 13:00:00,2016-08-08 22:30:00,221.541667,221.9375,sat,2,3,337.75,35.552632,247.370939,247.370939,1778.07011,1778.07011,9.5,9.5,1,972.2432785660941,0.390313551494625,0.92068199261181,22.0,7.0,79.7134238310709,5.354449472096531,13.273001508295627,3.0,235,11.665502958579882,0.217656763720512,0.307988707161279,0.104697777032851,0.157098263502121,0.246301783323288,0.355783386230468,31.790966796875022,12.058715820312523,31.161221418958938,3307.577146379622,952.429375,6345.865234375,7.866506990452997,21978.359793498534,3.944216918945313,41.612307801303885,481.4367080911924,94.28365744968661,5.091386316810389,-0.299057485084705,0.954235097140538,8.543604788864155,-0.329356394482176,0.944205679613134,0.187237748429967,0.202131347823105,31.776226806640626,23.603659057617186,9.715225219726562,-10.7841064453125,-35.953163146972656,25.89265880584717,27.50840187072754,32.595174598693845,20.85680389404297,24.394327259063722,8.472069783648346,10.128021696352937,16.096067752196593,14.838649561073193,58.366973169109066,-0.272074726345092,0.962276126319386,0.29556608426442,0.955322296312924,-0.120056524000933,0.992767057795943,-0.841004905981987,0.541027492937494,-0.998808225045471,0.048807064872985,0.066658127953801,0.09011473903513,0.075592078456729,-0.003846967266206,-0.014056391576922,6016.74453125,15655.06767578125,31844.8291015625,58124.846484375,94939.45234375,,-8.917458849388087,-8.93696290083297,-8.004811042675536,-7.015581464412466,-26.365396571772738,-0.022287026561773,0.99975161337556,4.232961229625394,-0.007378308494458,0.999972779911414,1.531523054001152,0.004011286454483,0.999991954758127,31.02604016548768,0.013794628256394,0.999904849588834,,0.1253662109375,0.0,4.4648437499999,4.491760253906199,86.53500000000159,,983.4611909103465,302.253703798569,715.7562120076016,,679.7532571601805,,9.311512421000193,9073.039107322693,1.864930467417425,,930.0,5.5149233504615145,247.370939,5.417375087738037,224.28698711536737,-23.083951884632626,-9.331715349405949,9.331715349405949,False,-0.46610332,-0.12368656,0.13091779,-0.15758476,-0.0096747875,0.012996312,0.049285434,-0.1476167,-0.15616798,0.13381492,-0.093118794
12,Cinfaes_08082016,2016,190,p,2016-08-08 02:30:00,2016-08-08 12:30:00,221.104167,221.520833,sat,1,1,75.25,7.525,94.395492,94.395492,869.225152,869.225152,10.0,10.0,2,494.7911073825503,-0.952729176373588,0.303820862493847,22.0,7.0,10.56338028169014,54.5774647887324,30.28169014084507,6.0,234,16.80077922077922,0.218339852358928,0.308677898278388,0.111717896064986,0.158897064485707,0.246043355683861,0.356475806172282,23.871483414466514,9.498473987976043,41.29662855718375,1873.9399632573652,960.0514715770383,5531.72706161699,10.016599885215971,20669.128459273088,4.123271776130439,43.043436500894884,489.61372890703467,94.25060738480856,10.784328416069368,0.995694176527688,0.092699012016574,21.068943092694496,0.991500810202467,0.130100512557989,0.001135741372674,0.001189540739633,25.86963241739175,24.084452343461212,9.837908791200332,-9.630230327441486,-35.95054313597042,30.41601952466496,15.976040395554822,21.53433783969267,16.094870995751926,22.376566279292156,21.52500035642471,22.57503722136312,22.234576156903998,10.568817183392975,54.502573371938915,0.99605457076539,0.088742842288118,0.97005634960372,0.242879967460278,0.75107694271331,0.660214681845554,-0.570857208179972,0.821049357754434,-0.997426996395731,-0.071689517092735,-0.210716180584877,-0.279433139270207,0.045518355663478,-0.005026390982494,0.032482636623389,6165.355858491971,15718.138266681835,31920.703711338538,58271.10036599068,95168.4916555422,2.235236557260937,-1.947890838827914,-9.167400203491491,-7.602139305986522,-7.336480697938666,20.464361374517445,-0.003077226444447,0.999995265327496,4.069855010784626,-0.004359979661146,0.999990495243507,-0.351744403807729,0.014752301957446,0.999891178872459,97.03232137741753,-0.001309840039374,0.999999142159168,,0.0,0.0,0.0,0.0,0.0,,369.6421083209905,79.49148142550399,777.3510890722815,,622.3790170570365,,15.778658791389452,10768.141441167663,1.818419839584663,,0.0,4.558031323668988,94.395492,5.641377925872803,280.85082056384437,186.45532856384438,197.5256705731714,197.5256705731714,True,-0.4460472,-0.11152747,0.11409343,-0.009110456,0.24312674,0.069198854,-0.16315214,-0.12878004,-0.006662652,-0.008499861,-0.11679197
12,Cinfaes_08082016,2016,191,p,2016-08-08 12:30:00,2016-08-09 02:30:00,221.520833,222.104167,sat,2,2,685.5,48.964286,264.673479,264.673479,2242.028619,2242.028619,14.0,14.0,2,654.3480642804967,-0.318088041083056,0.948061178468955,22.0,7.0,30.022744503411676,52.16072782410917,10.614101592115238,6.0,234,12.179204712812961,0.21491636971294,0.307025938506276,0.111268697697909,0.155783754988756,0.242240239342288,0.355761160090051,29.334963042517785,11.778080510835492,36.23922869675575,2787.0978165129077,947.2061736047493,6551.086704353865,8.91305855252062,16715.983944513566,3.961087164512521,42.08601041335375,494.705239158326,94.13376617109927,4.016569550458625,0.077624716573897,0.99698264948635,8.347010309494934,0.128526344833396,0.991706094911071,0.288585184394928,0.287819837464613,30.98478955815882,23.346654826978007,9.424480497952961,-11.33459821527357,-36.238738016693354,28.566604319416733,27.804292623460498,36.53142365869061,30.55221024147075,34.159381291596794,6.772611622718829,10.278193608622562,17.232157201600216,18.993186402159356,64.97651361023749,0.163686675973255,0.986512378081911,0.255254536698162,0.966873891205573,-0.405671113799491,0.914019117649451,-0.929695209557898,0.368329767090709,-0.999750476177626,0.022337980719161,0.021058166033454,0.082511188244131,0.090563104610317,-0.025228735793576,-0.062320064534826,6003.473350507319,15626.990854597989,31801.66139361288,58053.1732204993,94808.58528290114,-35.0528030436807,-8.334314776347483,-8.958674313440309,-8.106240009902768,-6.941738963401558,-18.065680879437497,0.055201525348225,0.998475233342935,4.870098692438715,0.004363522839034,0.999990479788899,2.427739901197211,0.007305424223104,0.999973315032416,36.25948449764484,0.00699569522048,0.999975529824796,,0.2699747473817,0.0,4.9579502888145,5.1031412487341,55.17553080918852,,701.8638589843268,350.53920196235396,735.3460086802535,,678.2440539986666,,10.545759462864025,9018.184855416866,1.943170483655168,,600.0,5.5822680322023785,264.673479,5.05597448348999,155.95740824654223,-108.71607075345776,-41.075543784822415,41.075543784822415,True,-0.4872182,-0.16844822,0.08326901,-0.20710094,-0.055594496,0.018524272,-0.038934413,-0.12963417,-0.16797492,0.03642406,-0.108831085
81,Covilha_06082022,2022,2242,p,2022-08-06 03:30:00,2022-08-06 10:00:00,218.145833,218.416667,airb,1,1,32.0,4.923077,116.404979,116.404979,1033.492212,1033.492212,6.5,6.5,4,991.672119140625,0.996289396090778,-0.08606648149583,32.0,7.0,0.0,0.0,0.0,0.0,235,16.853333333333335,0.205947296197928,0.265217394996447,0.104810212765423,0.160716626473837,0.228972346867836,0.296577235630584,21.93517020089288,13.797160993303594,63.832954568779584,1080.509772218446,928.6508928571429,8023.3828125,14.481124384697694,6669.227458376195,2.083727155412947,51.450121340563484,694.6817906776897,94.57167392741893,3.37156565787699,0.705573907875843,-0.708636338699062,6.890321109897322,0.560246100082051,-0.828326208291669,0.257525779801758,0.280871166172873,24.741498674665177,19.453800746372767,9.286346435546875,-8.960767473493304,-36.48280988420759,61.497349875313894,31.27299063546317,20.821894236973353,24.715842383248464,32.429159436907085,3.223955941905671,22.160444323130893,28.683512079605517,24.948676554953806,36.30062944140231,0.695981814650996,-0.718059408179509,0.165460113874839,-0.986216482683455,-0.166794233141206,-0.985991726025547,-0.862924735591514,-0.505332465515839,-0.985725541809797,-0.168360197860963,-0.017823399863039,0.038921741507435,0.046920535032857,0.034929468692368,-0.018694616651659,5638.762276785715,15076.406947544643,31144.832868303572,57605.357700892855,94360.27678571429,,-5.769646717113679,-6.54257802084659,-7.1253395624186,-7.671448830525504,5.113859192172036,0.007004081083613,0.999975471123254,10.658743921942513,0.008469446630251,0.999964133593689,4.154905357781938,0.007128788727122,0.999974589862805,23.137177477394914,0.062455102582258,0.998047774488496,,0.0,0.0,0.0,0.0,19.578571428556547,,274.1732550484729,174.551019287107,826.2844649610764,,947.1593262615457,,18.63339991653957,2211.685417379652,1.435860161596304,,0.0,4.765629317056874,116.404979,4.944093704223633,139.3436003846071,22.938621384607103,19.705876485409703,19.705876485409703,False,-0.32608348,-0.2581311,-0.112083085,-0.17409387,0.25680786,-0.057048567,-0.09660698,-0.07322711,-0.18630189,-0.20718716,-0.049857557
81,Covilha_06082022,2022,2243,p,2022-08-06 10:00:00,2022-08-06 11:30:00,218.416667,218.479167,airb,1,2,9.25,6.166667,284.619682,189.746455,2542.602494,1695.068329,1.0,1.5,4,1005.7039262820513,0.998612954741738,0.052651368661938,32.0,7.0,0.0,0.0,0.0,0.0,233,18.72222222222222,0.206631885923448,0.26542148933743,0.108188798278572,0.161376464366914,0.229402239620688,0.296527099609378,27.982934570312523,10.595727539062523,33.87956309454462,2494.918239174988,929.9071875,8023.3828125,8.611567997637726,25138.088207816392,1.641082763671875,51.45012134056348,694.6817906776898,94.57167392741891,10.02718380182877,0.200181538480629,-0.979758823206777,10.883477647364426,0.08524402722215,-0.996360103488166,0.00059599965376,0.000600226509831,26.808090209960938,18.4698486328125,9.18768310546875,-8.118377685546875,-36.68585968017578,35.024208068847656,45.51066207885742,14.873406410217285,17.300273895263672,38.390594482421875,8.746498158721852,19.81957194915354,27.424920243836606,24.74513834675643,33.677596591261725,0.095158343055253,-0.995462148826855,0.185499717460574,-0.982644317554448,-0.29935177078553,-0.954142818097777,-0.795736698837184,-0.605642721514673,-0.999984608634705,-0.005548197337591,0.014972686123258,0.054567776542805,0.120577051668193,0.032346846865577,-0.032084997477048,5720.134033203125,15180.10400390625,31241.828125,57681.84765625,94445.3046875,,-9.098233067491304,-5.972910259394727,-6.757866489930368,-7.962852940501177,-0.344996402064005,0.001328766091762,0.999999117189947,8.565156639474885,0.003059383887707,0.999995320074163,3.387171601437245,0.003667206928145,0.999993275774065,24.869153321393213,-0.002230317767639,0.999997512838235,,0.0,0.0,0.0,0.0,6.8e-14,,1074.5011657714645,348.53448486327204,720.1862265061745,,929.7567137323414,,14.09240169746002,4378.3557415008545,1.71221413103093,116.404979,390.0,5.250945085457141,189.746455,6.112207889556885,450.3341117724234,260.58765677242343,137.33466418248682,137.33466418248682,True,0.29114062,-0.07959442,-0.09080321,-0.019475818,-0.04256887,-0.05651652,-0.018589675,0.076575264,-0.19939533,-0.0006890255,-0.01808712
81,Covilha_06082022,2022,2244,p,2022-08-06 11:30:00,2022-08-06 15:30:00,218.479167,218.645833,airb,1,2,311.75,77.9375,560.415263,640.380979,4490.89282,5586.99732,5.0,4.0,4,1329.567704122878,0.967107224579732,-0.254369055047363,22.0,8.0,0.0,0.0,0.0,0.0,235,16.498387096774195,0.206091654844584,0.265174684580741,0.105489075928928,0.16102468520403,0.229016993939879,0.296435546875003,30.811669921875023,9.371362304687523,26.614612672781057,3261.685055281968,929.2926562499999,8023.3828125,7.355191105965159,34488.067752957635,2.626087188720703,51.45012134056348,694.6817906776898,94.57167392741891,10.530248195038665,-0.05010894303348,-0.998743757841854,13.788152959382924,-0.139533902806938,-0.990217294318507,0.009124301281975,0.009254424875547,29.295249938964844,20.118377685546875,8.866203308105469,-7.960792541503906,-36.14963150024414,29.48189067840576,44.80844593048096,17.508833408355713,12.412434816360474,34.75402069091797,10.977069717162589,15.853960571889292,19.177414178963016,23.782618778890072,41.582387858774794,-0.104438757347856,-0.994531319749979,-0.008112604643483,-0.99996709228149,-0.209691997931758,-0.977767490768326,-0.721612558536241,-0.692297129390827,-0.932184303512686,0.361984011089672,0.039122060823044,0.07811109361173,0.047972651895618,0.071762992661791,-0.130852176021071,5658.5323486328125,15188.244384765625,31251.31396484375,57707.525390625,94513.529296875,,-10.013300984347872,-7.24057630533885,-6.570795789490528,-7.857310603507902,-0.168357573599181,0.003305121641528,0.999994538070551,3.82206532300443,0.00020328207762,0.999999979338198,2.683831421523569,0.002367455601003,0.999997197573062,32.26007755456856,-0.003505190659434,0.999993856800351,,0.0,0.0,0.0,0.0,0.0,,1696.6048645019223,123.91188151041509,679.1650921180257,,925.4352655812909,,11.764487643288263,5541.06593132019,1.552058726955543,189.746455,480.0,6.463623631378101,640.380979,5.955655097961426,384.92964961131594,-255.4513293886841,-39.89052419820297,39.89052419820297,True,-0.126173,0.10960985,-0.09511833,-0.039242756,-0.07571842,-0.066051856,0.005807292,-0.12646809,-0.05204012,0.15876077,-0.012406648
81,Covilha_06082022,2022,2245,p,2022-08-06 15:30:00,2022-08-06 19:30:00,218.645833,218.8125,airb,1,2,292.75,73.1875,443.767148,305.817349,2926.377999,1490.859575,9.0,4.0,4,1375.8555153321977,0.79759176211588,0.603197630138652,22.0,8.0,0.0,0.0,0.0,0.0,235,12.699,0.205533262684944,0.264912115728363,0.102902133762838,0.160655429959298,0.228600656986239,0.296329498291019,30.239160156250023,9.739892578125023,28.65758108133263,3095.27269180601,928.3303125,8023.3828125,7.68619984927357,28432.84099314815,3.068115234375,51.45012134056348,694.6817906776898,94.57167392741891,8.554826559004145,-0.760170113241677,-0.649724094469441,13.16287809283767,-0.843661496324038,-0.536875478691555,0.066713569142447,0.066670364074073,29.89013671875,21.337081909179688,9.200851440429688,-7.68035888671875,-35.892478942871094,29.873499870300293,41.96682262420654,10.06175410747528,11.655578136444092,35.657073974609375,9.328779099396051,12.399659652444903,21.933255341682074,19.430931993126485,46.389690342486105,-0.783690293206318,-0.621151772382721,-0.648571317219884,-0.761153891456691,0.61950100212762,-0.784995865188393,-0.797485036221128,-0.603338724932675,-0.969949603098025,0.243305913306652,0.033967050123913,0.16044223970441,-0.092936795470614,0.016646932667656,-0.074746699289279,5551.0306396484375,15108.353759765625,31205.61474609375,57696.3271484375,94568.314453125,,-9.332625515404018,-7.809450851057987,-6.591966072286514,-7.863799938305452,2.711538892605875,0.005931893112966,0.999982406167277,5.292341952290026,-0.013227974920535,0.999912506512196,1.910895672461059,-0.000306285473412,0.999999953094603,36.73802570942982,-0.003869868292926,0.999992512031663,,0.0,0.0,0.0,0.0,9.6e-14,,1461.3047119140376,451.2781005859256,688.3334289124621,,931.1588383358414,,11.896715591925897,4863.268733024597,1.68793876890703,640.380979,720.0,5.7262526161342056,305.817349,5.815662384033203,334.5135637411751,28.69621474117514,9.38344892302861,9.38344892302861,False,-0.11371601,-0.05812148,-0.08205154,-0.06737457,-0.023111437,-0.06999346,0.11063785,-0.15012026,-0.041537333,0.1271433,-0.0072484277
81,Covilha_06082022,2022,2246,p,2022-08-06 19:30:00,2022-08-07 02:30:00,218.8125,219.104167,airb,1,3,455.25,65.035714,180.618118,174.614611,1137.464102,1099.656298,7.0,7.0,4,1312.5046372067648,0.860999559183523,0.508605700996144,22.0,8.0,0.0,0.0,0.0,0.0,235,16.344420131291027,0.205283814713361,0.264804774517628,0.101053258563793,0.160486828855107,0.228483128547671,0.296297345842637,21.332317243303596,15.516434151785736,70.49788849181185,790.0543175705307,928.8579464285714,8023.3828125,15.893734369011794,4722.131748676487,2.986116681780134,51.422440791420286,698.3264177131157,94.59343732027607,4.594535062296856,-0.845981630682521,0.533212040887809,7.957529625094196,-0.858467625725498,0.512867756425792,0.10127992858441,0.118161234161154,23.681012834821427,20.966618129185267,8.994384765625,-7.421600341796875,-35.63546534946987,68.86861801147461,37.69327136448452,18.96469851902553,11.801046235220772,33.6917542048863,5.163742580742851,11.25190664069515,32.48040483671804,17.014435329208442,48.97844444219914,-0.849060746129648,0.528295229376307,0.254203281402262,-0.967150811261782,0.558784306528996,-0.829313028220894,-0.805581781686419,-0.592484593061233,-0.997440943131121,-0.07149520938986,-0.025271099449077,-0.119873449784772,0.051994709717948,0.023237855278134,0.041313632284492,5639.334263392857,15102.117606026786,31187.754464285714,57694.220982142855,94591.20424107143,,-2.961799012482917,-7.703921598297603,-6.410299663007933,-7.864286323222045,0.513521882468507,-0.047594758313318,0.998866727337084,12.26217167330766,-0.010006674540904,0.999949931978913,2.373696661816444,0.001068003687038,0.9999994296839,33.885317892159904,0.153509160368596,0.988147224700312,,0.0,0.0,0.0,0.0,3.078571428568977,,159.60907549176576,52.49179280598967,852.8231249978778,,897.1113570613968,,20.029224493564037,3399.6136699404037,1.275204674598286,305.817349,960.0,5.168291883889919,174.614611,4.779080390930176,117.99487095095631,-56.619740049043685,-32.42554544822351,32.42554544822351,False,-0.30406117,-0.25847054,-0.11551219,-0.13911724,-0.015779223,-0.06993915,0.1152087,-0.10711339,-0.19686723,-0.24754332,-0.01804693
81,Covilha_06082022,2022,2247,p,2022-08-07 02:30:00,2022-08-07 10:30:00,219.104167,219.4375,airb,1,3,32.0,4.0,62.404554,89.446045,650.668147,832.648976,15.0,8.0,4,1372.703125,0.8058308844738,0.592145746947635,32.0,8.0,0.0,0.0,0.0,0.0,235,12.387096774193548,0.205186012210327,0.264749549396958,0.100583956949415,0.160443460941316,0.228405567258599,0.296264648437503,21.447900390625023,13.751763916015648,65.22911183404432,1007.9027526511652,928.282890625,8023.3828125,14.816734392964115,4407.682847052741,3.331315994262695,51.38553339256269,703.1859204270165,94.62245517741891,1.395161796501768,0.621915487986979,-0.783084366975818,3.15492527750096,0.810837206377627,-0.585271752909472,0.560992468041603,0.545046992272128,24.751789093017578,19.79395294189453,7.131320953369141,-7.338001251220703,-35.853397369384766,62.427570819854736,41.16283178329468,35.37222099304199,11.180184125900269,27.878116130828857,1.143587712575397,15.529450242817283,32.87375558663169,16.015780647942826,57.4120726626417,0.735180885898273,-0.677870979619154,0.266910277940975,-0.963721382729195,0.365614186161616,-0.930766494281664,-0.820046009274908,-0.57229759974361,-0.996778828306003,0.080199547635329,-0.016640801997666,0.045504140863562,0.001263041900309,0.037484069176662,0.038941389979159,5596.582458496094,15047.737426757812,31069.896484375,57579.953125,94437.029296875,,-5.409719590875379,-8.148180970529058,-5.650144700125296,-7.94833460897148,3.717858843422297,-0.00894529937808,0.999959990009119,13.192135639931445,0.003800496631206,0.9999927780866,2.538524074090589,0.006652338871066,0.999977872948969,17.86847862098047,0.014204243688437,0.999899114641692,,0.0,0.0,0.0,0.0,1.981249999998423,,199.99259672164433,139.87317962646438,831.1184657269182,,938.9867320462623,,19.81997348272748,1752.3614838719368,1.46134627225465,174.614611,1380.0,4.504753485069935,89.446045,4.439655780792236,83.74576553234905,-5.700279467650944,-6.3728692170245695,6.3728692170245695,False,-0.38234204,-0.26496676,-0.111757435,-0.20788515,-0.023013067,-0.06836774,-0.12763563,-0.13992599,-0.17111775,-0.21799949,-0.042290874
81,Covilha_06082022,2022,2248,p,2022-08-07 10:30:00,2022-08-07 12:30:00,219.4375,219.520833,sat,2,4,8.5,4.25,701.324345,701.324345,10291.934756,10291.934756,2.0,2.0,4,1068.638731060606,0.730184949781049,0.683249543807566,23.0,3.0,0.0,0.0,0.0,0.0,233,22.06,0.204724842473867,0.264532097292403,0.100107066333296,0.160064563155176,0.227921929955485,0.296176147460941,29.219995117187523,9.387719726562523,29.118329952268347,2873.426157290004,928.6771875,8023.3828125,7.849856701885207,27663.540606904302,2.686874389648438,51.38553339256269,703.1859204270165,94.62245517741891,9.574783043905208,-0.166026398797492,-0.986121308411057,11.250071784117468,-0.112671156066717,-0.993632331695476,0.0005543857763,0.000558942376663,27.843704223632812,19.180374145507812,7.806625366210938,-7.699005126953125,-35.73521423339844,31.18126678466797,44.91152381896973,24.471954345703125,12.453631401062012,23.68738555908203,9.243654996755696,15.240144604052619,22.35136514508576,17.709490522665597,69.63531943396826,-0.080005060388474,-0.996794457404452,0.253442958951002,-0.96735033289815,0.532986709275217,-0.846123612562594,-0.707854080514972,-0.706358691245676,-0.994036687395358,0.109046155879354,0.030767710675865,0.092424938594333,0.005822881283673,0.038897115537696,-0.079790151710567,5607.759521484375,15097.63720703125,31103.9697265625,57627.630859375,94483.01171875,,-9.452951855868942,-7.318807294646591,-6.054814089720211,-7.814766809540224,-0.70365266809839,0.004183499096682,0.999991249129365,6.067958884611778,-0.005641912785526,0.999984084283405,1.822233364214901,0.002349202415835,0.999997240620198,24.469595238910756,-0.006666388374303,0.999977779386144,,0.0,0.0,0.0,0.0,0.0,,1402.5215820311955,440.249023437452,694.2114254271928,,919.5440866555887,,12.771072591372516,4621.831893920898,1.673748228722618,,1860.0,6.554395327237385,701.324345,6.1504716873168945,467.938526979383,-233.38581802061697,-33.277872026618006,33.277872026618006,False,0.2528004,-0.07114552,-0.08797613,-0.014805814,0.011139691,-0.05282236,-0.002185239,0.08877502,-0.19244903,0.11340155,-0.020387111
81,Covilha_06082022,2022,2251,p,2022-08-07 12:30:00,2022-08-07 17:30:00,219.520833,219.729167,"airb, fops",3,4,1167.0,233.4,542.490225,620.874054,8209.81586,9351.342148,7.0,5.0,4,1407.7593227603943,0.392247706815257,0.919859628692428,22.0,7.0,0.0,0.0,0.0,0.0,233,23.620541237113404,0.20105073236695,0.259334419883197,0.095363194899308,0.158075765840003,0.223860274857775,0.290172349785973,29.63957965158347,6.252268766192776,22.96561299114681,3200.1544083527415,907.8740184788376,9731.337613886959,6.983434175655324,34282.13613244171,3.717174194081902,50.99599397355253,722.675568428084,94.69645496775098,10.461475218180203,-0.29572673400959,-0.955272578268643,13.298719865678452,-0.370665521297891,-0.928766424522852,0.020530034519505,0.021569335772051,29.92693022185975,21.107502197937624,7.673153809773818,-7.476511957148278,-35.08605104710985,26.508353279312196,38.98417934834722,40.31755805912813,18.09152791743282,30.013880888890082,10.707087900955493,14.364538654612078,26.490341981756526,21.193978848413543,70.37804284030663,-0.344501105824947,-0.938785911742069,-0.070000816553239,-0.997546934074723,0.83967014338153,-0.543096722797735,-0.760882282451397,-0.648889938473045,-0.992472366528153,0.122468778380483,0.036007362136652,0.208952958753178,-0.021577154013373,0.033912606800919,-0.019572044043458,5470.488267686522,15021.746432486407,31067.797776100884,57588.425596486704,94508.5527011324,,-9.623277395022317,-8.644766900521892,-5.915812954562021,-7.695837510975513,-0.137420137745355,0.002823483625712,0.999996013962163,7.97303998355378,-0.012212954737578,0.999925419087133,2.24472290679856,0.001659830732251,0.999998622480021,30.235941449617723,-0.006509677678039,0.999978811823795,,0.0,0.0,2.826541104455,2.826541104455,0.0,,2247.2015482061624,150.92125090323634,643.9372127421486,,917.5250673132507,,11.054122787050805,5503.204901316444,1.414885946716117,578.839173,1980.0,6.43273758670567,620.874054,6.015939235687256,408.91066089037207,-211.96339310962793,-34.139515372569896,34.139515372569896,False,-0.10481401,0.16375954,-0.08731057,-0.07681142,-0.07424418,-0.05483567,0.029658912,0.0053988877,-0.074302554,0.14664812,-0.010348624
81,Covilha_06082022,2022,2253,p,2022-08-07 17:30:00,2022-08-08 04:00:00,219.729167,220.166667,sat,3,5,411.25,39.166667,140.57057,143.835309,2172.986724,2223.454149,10.5,10.5,4,1157.8239500912964,0.75406079901234,0.656804621933243,22.0,7.0,0.0,0.0,0.0,0.0,233,22.70736842105263,0.199343465504159,0.257704512522579,0.092174166742671,0.156956021394743,0.222125707415661,0.288583373378886,20.451839992572857,12.767104178770573,64.32305870026978,966.9742343636461,904.5979195914948,10000.344427021162,14.772627690244933,6808.297361214358,3.249225176090157,49.70762536148564,733.0196760407581,94.7674396290974,3.732467348305013,-0.991514402862002,0.129996880413365,6.751219453792531,-0.901148480701103,0.433510571647444,0.235789630262736,0.526548120842172,25.11216591805754,20.646639172932925,8.148188820752608,-7.895370099247355,-34.96354853564558,62.75444269132692,40.250340364383696,42.96064857191564,34.46165778948899,29.67096614860972,4.412677594595229,10.441166603464664,32.0361023705385,20.032594221889763,54.51161677430407,-0.957756910313215,0.287579033914652,-0.240846767245114,-0.970563153384455,0.792795526728793,-0.609487697003652,-0.81124910029221,-0.58470069033231,-0.979112737557123,-0.20331809352194,-0.003410376480611,0.037484220315139,-0.010410423807009,0.017719715554663,0.031930778826452,5528.897882196303,15007.131070915651,31080.277942896253,57572.25947971419,94527.70300057465,,-4.872538498717129,-8.042532975215796,-6.264870470175231,-7.544939532885982,0.897943566555105,-0.001276145226355,0.999999185726349,13.269520922527203,-0.014467509751793,0.999895340103944,3.083814692551365,0.000637980147302,0.999999796490645,33.601435490844786,0.079163025672962,0.996861683166878,,0.0,0.0,0.0489827580354,0.0489827580354,0.0,,266.2963003462394,120.09542794699298,809.318195013767,,926.3849665857807,,18.742298540181295,2957.0556187144775,1.606279682779879,620.874054,2280.0,4.975597296910928,143.835309,4.7838287353515625,118.56124318367054,-25.274065816329454,-17.57153093495941,17.57153093495941,False,-0.4483993,-0.26295987,-0.08146494,-0.23161995,-0.12140111,-0.06908125,0.116487645,0.05413512,-0.20428407,-0.17617974,-0.044897787
81,Covilha_06082022,2022,2255,p,2022-08-08 04:00:00,2022-08-08 10:00:00,220.166667,220.416667,"sat, airb",3,5,53.0,8.833333,78.729647,72.971305,1217.029132,1128.014761,16.5,6.0,4,994.4519512910798,0.995593871720048,0.093770158331339,32.0,7.0,0.0,0.0,0.0,0.0,233,20.454528301886796,0.200636567734749,0.260006882929848,0.093013672304886,0.157625201461693,0.223644886620072,0.291419748112441,21.472888458888292,12.924540929326907,61.28868921326306,1110.352225211381,915.0524181226046,9144.522615733278,14.10648906563967,3685.075488139515,2.930630927701227,48.48564568628472,728.8975761779311,94.78882420063884,2.064003763095401,0.816735448214176,-0.577012311506773,3.416800500393983,0.94630724314789,-0.323268621375226,0.223960872918262,0.198212432623372,25.822269542450904,19.588810592820913,7.727548737418457,-9.018436664781749,-36.04899771489575,61.09309406175226,43.31795305133438,40.972449811516164,37.705164263094325,20.51728217845622,1.64975366652589,7.073562177967222,25.424981004399203,15.081990491686222,45.58745345101562,0.890214055017586,-0.455542463716771,0.799275450866071,-0.600964852252475,0.336613029709652,-0.941643068380843,-0.762035587785831,-0.64753514417976,-0.887759703165831,-0.460307190292435,-0.013291250427999,0.06334378749921,-0.006193081376195,0.043582917119516,0.042139950926385,5573.746766733974,15041.545238751636,31058.00503208631,57503.13932220811,94330.37231871001,,-6.801609405968835,-7.632513384597496,-6.539161913099379,-7.534454124509998,2.41646643904741,0.011793432720011,0.99993045505409,10.235771571654244,0.00647663625152,0.999979026371486,2.349124618888415,0.007434562870963,0.999972363255564,15.035971237539725,-0.007086560031244,0.999974890018206,,0.0,0.0,0.0,0.0,13.101229015123934,,243.03170370381966,206.94897601833483,808.4689532655246,,947.0742446615981,,17.873619278942112,2748.343887185462,1.63865926275545,143.835309,2910.0,4.303677247731567,72.971305,4.736454010009766,113.02913774722708,40.05783274722708,54.89532186278851,54.89532186278851,True,-0.3431629,-0.27130264,-0.10336432,-0.18562803,-0.13777448,-0.062573895,-0.12686019,0.11517023,-0.19029474,-0.19278018,-0.0327247
81,Covilha_06082022,2022,2256,p,2022-08-08 10:00:00,2022-08-08 12:00:00,220.416667,220.5,sat,3,5,60.5,30.25,76.011408,308.339001,858.29548,4766.407063,18.5,2.0,4,988.4811466942149,0.895007431925548,-0.446051226652316,22.0,7.0,0.0,0.0,0.0,0.0,233,22.955178571428572,0.202586748500156,0.261782262663311,0.097912262146813,0.158975426197968,0.225483403678203,0.293102640527415,28.828384461295485,9.260017769640159,29.628278931463683,2800.155412554739,921.0047820956205,8710.166231039613,7.957350930686586,18930.856830965244,2.559408425856763,48.540818226327424,722.32782487113,94.74404273168574,6.598709127337023,0.216134747473369,-0.976363544451872,8.414906453201317,-0.081227318548785,-0.996695601837078,0.000191895218869,0.000214489494757,28.42444033763751,19.837231053351246,8.718414201637723,-9.768673722996743,-35.76566015863647,30.116228879131643,45.522137882656374,29.237105406178173,45.04860910140686,17.068969404702745,7.138876010283879,13.035969503672487,18.662351208139736,14.359682672730436,52.159784952073,-0.046071120405524,-0.998938162182515,0.460925411070219,-0.887438879827648,0.542201390846237,-0.840248565464057,-0.596887422651942,-0.802324999411038,-0.916646161499719,-0.399699655501266,0.033335761693563,0.162874461128268,0.011552200342101,0.030948062009529,0.017036738238233,5621.789848733878,15130.930056265957,31155.12058565277,57584.920247661845,94343.61998021831,,-9.36989300980177,-7.154763083064253,-7.219047332085083,-7.246357236599427,-0.874840693013103,0.005133483438862,0.999986823587083,5.719729752518337,-0.0058907669506,0.999982649281843,1.586026640512527,0.001809229423311,0.999998363343108,17.51574006701993,-0.011642586679779,0.999932222790827,,0.0,0.0,0.0,0.0,10.246366990393845,,1494.8149506277425,575.5613000296526,691.1108516328633,,926.7846143077583,,10.84433973420695,5542.465333686326,1.617950798563115,72.971305,3270.0,5.734437766148518,308.339001,5.950798511505127,383.05989289457574,74.72089189457574,24.23335732821413,24.23335732821413,False,0.26852733,-0.12307846,-0.09381811,0.071042426,-0.112949185,-0.04174483,-0.013210879,0.009458482,-0.25516483,0.1358936,-0.04087319
81,Covilha_06082022,2022,2259,p,2022-08-08 12:00:00,2022-08-08 16:30:00,220.5,220.6875,airb,4,6,104.25,23.166667,205.963618,205.963618,3183.854262,3183.854262,4.5,4.5,4,958.1135490543735,0.954985536580126,-0.296652363757259,22.0,7.0,0.0,0.0,0.0,0.0,233,23.514444444444443,0.200966941459078,0.259964171473412,0.09579397647543,0.157955603665037,0.223737064355751,0.291179637089462,30.86785262209346,7.274728842972607,23.00426978984963,3434.8192973078753,915.1695881078101,9161.43128505328,6.865786889630502,31487.881488722913,4.019147989930704,48.48349792405996,729.1533241219602,94.79056745819616,8.979320246523626,0.062116467475632,-0.998068907675391,11.361595855699983,0.002806175240637,-0.999996062682508,0.014225114847621,0.014333536812527,30.64892886711143,21.73323925031423,7.694943270452822,-9.442845162445172,-35.50677404474039,22.889499795396716,34.956500652766564,49.668816104635894,38.203275267586136,11.209103989554398,9.576079159035084,13.43063376463774,18.761112622163008,19.356579697402097,53.74396101106463,0.0500997514912,-0.998744218957246,0.305863198043608,-0.952075471841669,0.820370364236033,-0.571832550213118,-0.63773932866291,-0.770252263012957,-0.925457075471731,-0.378852479811485,0.040025321649757,0.282234304831717,0.099232014996568,0.002252128935645,0.045355291759555,5530.755758597268,15099.197181031352,31163.748160970456,57600.78049596257,94355.2120011756,,-9.72831277920039,-9.03339655337184,-6.692157595004086,-7.265016664066475,-1.336600372948381,0.005207094115391,0.999986442993541,4.652594605337027,-0.008626567442094,0.999962790474809,2.176274567349177,0.002397579363045,0.999997125802468,25.532121638187697,-0.011417450920626,0.999934818782942,3787.228684874546,0.0,0.0,1e-13,1e-13,3.912e-12,,2401.8786767457423,203.02042611016455,647.8348749687804,,922.3388453085329,,8.945031807256237,4866.8689203058,1.214299536500696,,3390.0,5.332543019363936,205.963618,6.0316386222839355,415.3967877125464,209.43316971254643,101.68454591458304,101.68454591458304,True,-0.10312711,0.15031041,-0.08225619,-0.07854562,-0.11506351,-0.064536065,-0.046712838,0.009121859,-0.100494064,0.13486214,-0.025409574
81,Covilha_06082022,2022,2261,p,2022-08-08 16:30:00,2022-08-08 19:30:00,220.6875,220.8125,airb,5,6,97.0,32.333333,200.712359,372.142368,2454.929438,3940.057324,7.5,3.0,4,819.3771437994723,-0.824786342572709,0.565444505770048,32.0,6.0,0.0,0.0,0.0,0.0,227,19.1018085106383,0.203534813751779,0.263789022130403,0.097430013616882,0.159335178136827,0.226742118597033,0.295669555664066,29.364892578125023,10.231022135416689,31.470166874423786,2850.243681181195,927.7108333333334,8023.3828125,8.150513103360284,25601.32959232719,3.358413696289062,48.6280543922854,711.9400501763433,94.6732364274189,8.251339065883888,-0.878918953987304,-0.47697114411866,11.82836836523464,-0.942415488309528,-0.334444386100758,0.072492423353852,0.073298117584892,29.274119059244793,21.046213785807293,8.329386393229166,-8.900868733723959,-35.341267903645836,32.00757598876953,42.611489613850914,46.46063105265299,21.033971786499023,13.141056696573893,8.50535597646855,8.958467856101878,26.7504625601191,26.842004471467025,55.98179619698049,-0.895014721498727,-0.446036599732081,-0.55725211871779,-0.830343348371343,0.918222776808264,-0.396064303050048,-0.712136630173387,-0.702040896219937,-0.952222803032328,-0.305404213109865,0.037729320669427,0.36083554272426,-0.119052157470413,0.095706602366615,-0.017622820389958,5513.430501302083,15055.350260416666,31136.175130208332,57620.260416666664,94370.41927083333,,-8.977840128802795,-8.183054759832324,-6.728265036248845,-7.369953372783151,1.54333775044791,0.007016665865948,0.999975382897062,7.793821382231435,-0.019023389921434,0.999819038944497,3.613705777131425,-0.001599474493191,0.999998720839855,32.515189563177096,-0.001392127492859,0.999999030990052,,0.0,0.0,0.0,0.0,37.14999999998386,,1292.654915364585,845.5732666015631,701.9883609015382,,928.4659392962664,,11.159213596053746,8276.18195215861,1.70645316957761,111.651173,3660.0,5.921960030467255,372.142368,5.920825481414795,371.719259743874,-0.42310825612599956,-0.11369526624982393,0.11369526624982393,False,0.117088884,-0.110795565,-0.08252202,-0.042350158,-0.1472353,-0.060975816,0.059332263,0.07924278,-0.13735287,0.12755784,-0.019051332
81,Covilha_06082022,2022,2262,p,2022-08-08 19:30:00,2022-08-09 03:30:00,220.8125,221.145833,"sat, airb",5,6,265.0,33.125,242.762664,354.185147,2864.687301,3374.166941,15.5,8.0,4,839.030780075188,-0.780755986747031,0.624836049823207,22.0,6.0,0.0,0.0,0.0,0.0,227,17.190943396226416,0.198600836707598,0.257334687348158,0.091048695426568,0.156478690595397,0.22134292083709,0.288410798798189,19.792400083485013,14.047130084975997,69.9200350307091,713.0763071367587,907.8805519277466,9816.884923149537,15.960997476916717,3289.2702276192695,2.753285771028466,52.1949461460718,743.3677303879749,94.88353433573664,2.890536411941382,-0.833885579241152,0.551937352181973,4.320265915975403,-0.575945409006949,0.817488156393607,0.243343050564587,0.354930116184247,24.603197046804944,20.96826138583241,9.461689843775476,-9.167603467017766,-36.802959286963514,68.83196107089282,38.956375466992014,23.101877349517046,16.278638600040495,25.14901351431945,3.263315620130315,6.615576697916209,24.65760328839179,31.62837379917875,67.37505914791429,-0.801399700159356,0.598129183859552,0.819926190086643,-0.572469250536657,0.637854099968465,-0.770157222360097,-0.656427687913592,-0.754388951761898,-0.982062559574879,-0.188555374044965,-0.015688278281337,0.021086589241028,0.055580422935513,0.099275435521787,-0.027084795146104,5624.917346006765,15104.236483456543,31189.21187917824,57610.16247498426,94303.1299643451,,-3.966242944975178,-7.404276406356963,-7.274577300771481,-7.703033623825335,1.029180378540661,-0.022663762821831,0.99974314393986,11.009324881449603,-0.010181813834528,0.999948163990034,5.911874837700118,0.000644821909261,0.999999792102331,26.83180063837694,-0.140199938830485,0.990123213116392,,0.0,0.0,0.0,0.0,57.81453076339809,,109.653023815417,39.5744919378494,833.7167281003271,,934.5345930568644,,18.145849308696327,4209.46446360451,1.506692575217785,372.142368,3840.0,5.872639194365329,354.185147,4.72728967666626,111.98891049297522,-242.19623650702476,-68.38125160201164,68.38125160201164,True,-0.34671742,-0.27014717,-0.085703276,-0.20453897,-0.14893152,-0.07725335,0.16015746,-0.0379396,-0.19575343,-0.31699675,-0.06213894
81,Covilha_06082022,2022,2264,p,2022-08-09 03:30:00,2022-08-09 12:00:00,221.145833,221.5,sat,5,7,52.0,6.117647,76.528943,78.444995,708.859,782.488825,8.5,8.5,4,690.6347845873786,-0.928735876493232,0.370742055497279,32.0,6.0,0.0,0.0,0.0,0.0,227,16.968867924528304,0.197669795037974,0.255890440033957,0.090978522267608,0.156001098288432,0.220195927553709,0.286695014105906,22.305186631944466,10.722585720486133,53.337510309550304,1470.4376238049151,903.2865277777778,10231.27734375,12.718448173056547,12410.305998207643,1.83194817437066,56.18892241041592,753.9526822515166,94.95164817598445,5.583765995779653,0.636054736754951,-0.771643941109881,8.838792575386684,0.72374851358033,-0.690063829721761,0.113190117240093,0.147602277297353,26.219228108723957,19.69805908203125,10.03416273328993,-9.47574191623264,-36.89948866102431,52.873679055107964,37.351287841796875,19.322505950927734,14.191452662150065,27.06795819600423,5.497541124122929,18.44187956455485,34.49767067486168,33.66766174422268,71.00426193389298,0.738219979686805,-0.674560050396711,0.640839419733593,-0.767674956029902,-0.005923533286703,-0.9999824557228,-0.666666526651712,-0.745356117733089,-0.951965354911244,-0.30620575280146,-0.013949334584319,0.00915597271363,0.07737972444232,0.095815818628043,0.04743179523983,5621.749186197917,15095.854275173611,31169.259765625,57547.293836805555,94198.87760416667,,-7.11554290294934,-6.218547328970364,-7.618448383192567,-7.64405005829288,1.821690143697448,0.003592939207286,0.999993545373095,14.13299970830379,0.008568756147429,0.99996328753514,5.924768216348822,0.006565922124829,0.999978444100997,24.836665783164605,0.014615199412638,0.999893192269119,,0.0,0.0,0.0,0.0,15.733333333329544,,530.4714392767924,208.3794205801794,765.6084617086565,,939.3667584079802,,15.589364780087656,3702.0120488272773,1.808372233034697,354.185147,4320.0,4.375064895403706,78.444995,4.605687141418457,99.05170890748526,20.606713907485258,26.268997668347428,26.268997668347428,False,-0.41911298,-0.1886355,-0.112527646,-0.16341832,-0.24237272,-0.070141114,-0.12762904,-0.107470974,-0.1717804,-0.20715249,-0.06511502
81,Covilha_06082022,2022,2266,p,2022-08-09 12:00:00,2022-08-09 15:00:00,221.5,221.625,airb,4,7,281.25,93.75,115.203205,430.455785,1239.394475,4630.986824,11.5,3.0,4,819.1436775200714,0.996777365040741,-0.080217732094829,22.0,7.0,0.0,0.0,0.0,0.0,233,21.109169675090254,0.197760085187855,0.255836916823188,0.093019301444294,0.15606158077717,0.220105280727151,0.286565399169925,29.909814453125023,7.390893554687523,24.406118067178518,3186.4129422108426,903.6178124999999,10231.27734375,7.149438375689419,39417.6746440031,2.189762115478516,56.18892241041592,753.9526822515166,94.95164817598445,12.29080046960039,0.133133512979473,-0.991098112056392,16.745616421493136,0.121121039017582,-0.992637745558419,0.006717178868837,0.006807055283625,30.25855255126953,21.267669677734375,10.888145446777344,-9.093879699707031,-36.460777282714844,23.841022968292236,37.217299461364746,17.795888900756836,18.057846069335938,17.41022777557373,12.794252356224064,20.4129420522054,28.291463584273046,34.27260946407921,57.099333030129706,0.111334411973835,-0.99378299880328,0.214973903232014,-0.976619793435087,-0.126239253846775,-0.991999823985977,-0.598891853466386,-0.800829911936109,-0.864587601185999,-0.502482118960904,0.013777979731969,0.073367283322558,0.063390857046686,0.07980452562017,0.027488318468395,5559.9345703125,15116.6669921875,31241.89453125,57638.8115234375,94263.263671875,,-9.810359547523886,-6.679041284502994,-7.802807338367612,-7.628204016448495,0.590658846491473,0.000401936609002,0.999999919223478,7.69092094525308,0.001964105356505,0.999998071143214,4.636835768636931,0.002872540815141,0.999995874246122,41.67851684162296,-0.004652134263524,0.999989178764847,,0.0,0.0,0.0,0.0,0.200000000000093,,1764.0614318847452,190.38447265625237,649.3353105237111,,919.2601435884299,,9.312173412825473,6491.186618804932,1.832626934099442,38.791675,4830.0,6.0671650371388495,430.455785,6.3222246170043945,555.8103053409593,125.35452034095931,29.121346421435433,29.121346421435433,False,0.09423393,0.15048535,-0.075740725,-0.06842902,-0.18795447,-0.088195324,-0.019475423,0.13223705,-0.055744454,0.15365174,-0.033442084
81,Covilha_06082022,2022,2268,p,2022-08-09 15:00:00,2022-08-09 18:00:00,221.625,221.75,airb,4,7,475.0,158.333333,231.939424,688.753757,2648.280276,7395.971763,14.5,3.0,4,815.0322538177988,0.967454698210233,-0.253044278558015,22.0,6.0,0.0,0.0,0.0,0.0,227,18.62105590062112,0.197409558583053,0.255659745325527,0.092290065065028,0.155781950801612,0.219770894944671,0.286479949951175,30.284387207031273,8.362695312500023,25.54813416910967,3206.8121386949997,902.7571875,10231.27734375,7.265011257957569,34144.14743685194,2.962123870849609,56.18892241041592,753.9526822515166,94.95164817598445,10.38253960794439,-0.217295937640626,-0.976105770644186,15.372118170075492,-0.306872793904036,-0.951750538934195,0.020939537479636,0.022267766726309,31.525115966796875,22.726478576660156,10.802230834960938,-8.814628601074219,-36.467185974121094,24.723156452178955,36.8933629989624,18.356257915496826,16.986324548721313,15.994096755981445,11.537065208352264,18.642616228936657,32.33211110973213,30.792136451918193,54.18129078594512,-0.29589354629303,-0.955220921704573,-0.080797401769529,-0.996730545266519,0.138213368516954,-0.990402476149569,-0.532913127502971,-0.846169958421476,-0.736002674395471,-0.676978628379593,0.024243617056866,0.185508302192667,0.014834165966821,0.08799116049358,0.003876561960526,5462.5762939453125,15060.578369140625,31208.94482421875,57639.7587890625,94237.755859375,,-9.600591792782282,-7.673043694615215,-7.660213298758234,-7.707828356441889,0.759081976427836,0.001803924242737,0.99999837292734,10.304826809854408,-0.00447266325274,0.99998999759169,4.13378262788379,0.000708021895667,0.999999749352466,39.350432063104265,-0.007471764838784,0.999972085975501,,0.0,0.0,0.0,0.0,21.800000000002818,,2000.5578063964695,233.3422485351398,654.708711931461,,920.478630010937,,8.702553921591715,9583.464527130127,1.532559037687236,430.455785,5010.0,6.536334659983612,688.753757,6.329243183135986,559.7320617462025,-129.02169525379747,-18.732630340308617,18.732630340308617,False,0.10041432,0.15539072,-0.08087084,-0.065829255,-0.17793256,-0.084775284,0.03324125,0.057515312,-0.03198248,0.13879362,0.10151229
81,Covilha_06082022,2022,2271,p,2022-08-09 18:00:00,2022-08-09 19:00:00,221.75,221.791667,airb,4,7,234.5,234.5,283.646819,1048.154701,3493.205121,12371.137009,15.5,1.0,4,794.8708732694356,-0.172423326796238,0.985022942055929,32.0,6.0,0.0,0.0,0.0,0.0,227,18.569475982532754,0.197274671211841,0.255588623113082,0.092043465375902,0.155681861937047,0.219636718928817,0.286442565917972,28.396997070312523,9.154809570312523,30.143274385970876,2708.4436442927513,902.3653125000001,10231.27734375,8.069499060688846,22342.961463542437,2.889793395996094,56.18892241041592,753.9526822515166,94.95164817598445,7.729263992681798,-0.760445697344546,-0.649401525552694,11.585818328882766,-0.842556289461835,-0.538608298384182,0.053407939782039,0.053975930959197,30.739517211914062,22.408126831054688,10.6285400390625,-8.861419677734375,-36.64258575439453,29.535629272460938,40.89206314086914,25.662436485290527,13.76145887374878,18.065985679626465,8.266581448396828,12.797772699235832,40.5327600444489,29.16127692629847,56.12660504740899,-0.816385163462013,-0.577507805037389,-0.104245344084783,-0.994551611650519,0.222965130662809,-0.974826420707049,-0.41561896925948,-0.909538824015604,-0.686525452202554,-0.727105771864093,0.030039097283718,0.257371522624112,-0.037035977046474,0.136610014578657,0.019372968800156,5456.83544921875,15040.2734375,31200.5634765625,57646.712890625,94219.03515625,,-9.09075741689372,-7.579956917817972,-7.610660060122486,-7.743676534938461,0.547177323500976,0.002030039602512,0.999997939467483,15.986285442485748,-0.011273545794249,0.999936451563411,4.440974870564256,-0.002381635412498,0.999997163902359,36.4262053695514,-0.006693635877007,0.999977597368434,,0.0,0.0,0.0,0.0,103.8500000000046,,1109.0200317382787,1141.3268798828383,680.2072644107725,,929.1477020938687,,10.025280843830544,11786.384439468384,2.127698120997834,688.753757,5190.0,6.955740072260813,1048.154701,6.41701602935791,611.1736777085831,-436.9810232914168,-41.69050836431986,41.69050836431986,True,0.28405795,-0.11827772,-0.08758138,-0.045185983,-0.1910183,-0.07348962,0.07185409,0.045810662,-0.14347978,0.11494914,0.24777156
81,Covilha_06082022,2022,2273,p,2022-08-09 19:00:00,2022-08-10 10:00:00,221.791667,222.416667,"airb, sat",4,8,164.25,10.95,76.505702,79.314935,902.979794,916.39044,15.0,15.0,4,735.932611196319,0.300394278856071,0.953815116901877,32.0,6.0,0.0,0.0,0.0,0.0,227,21.021377245508983,0.197641396383834,0.255696227007771,0.096109683571777,0.155608767396169,0.21977205191752,0.286413068607737,22.031406164960806,12.909188507836557,57.24678913773831,1172.8421493559736,902.6579192206625,10230.253774086454,13.214304775593309,7532.7018608702365,2.687284565239066,49.360314776118216,759.6252948213101,92.95871845303772,2.115780274668322,0.573576991779942,-0.819151655373212,3.892272650752833,0.561040125004542,-0.827788607154561,0.638133646310381,0.81177674707814,25.723029249938605,20.354188404462473,8.97961927398434,-9.960405290617942,-36.91699329626679,57.90742461539092,52.69360584189813,61.11949773056154,21.702413366807427,21.537303590157315,1.648317230026312,28.23686133261126,47.05508155624247,34.19404636746708,51.34695669536243,0.667695408255769,-0.744434578585762,0.253563875333235,-0.967318645083404,0.15534201430532,-0.987860748583304,-0.15386952551889,-0.988091174495852,-0.634876592132775,-0.772613559783851,-0.005769951169599,-0.031357428074342,0.005491430889248,0.09960624230444,0.021261907459025,5561.434085163958,15044.034565538996,31165.40690980181,57518.29596693708,94095.84339567577,,-5.858185429440853,-7.319335176203152,-7.395915157655719,-7.513834999774121,0.214176218312578,0.001866400231691,0.999998258273571,20.887269560876923,-0.0020022965077,0.999997995402338,6.209831086707244,0.000352890610967,0.999999937734106,44.38042736377332,-0.048310544118719,0.998832363976535,3699.5329524718413,4.97911698548,0.0152620432032,12.5774007079864,15.872907697278698,391.41792901366813,-401.8447928271355,271.03472708151094,130.90291154730474,789.2541875435181,,939.8342263743383,,15.536655822276511,8963.805967683125,1.792387877423638,1048.154701,5250.0,4.385955593696074,79.314935,4.796873569488525,120.1311168794464,40.81618187944639,51.460903144466286,51.460903144466286,True,-0.5027167,-0.19201098,-0.10229997,-0.2226164,-0.18868947,-0.0906117,-0.10986846,0.09719691,-0.16903955,-0.17923002,0.30523133
81,Covilha_06082022,2022,2274,p,2022-08-10 10:00:00,2022-08-10 12:30:00,222.416667,222.520833,airb,4,9,12.0,4.8,86.980834,98.089232,1026.61545,1143.934233,2.5,2.5,4,562.810791015625,0.206187613163401,0.978512477272508,41.0,6.0,0.0,0.0,0.0,0.0,227,20.748333333333335,0.197891925582851,0.255306242495188,0.102066454934062,0.155781368716936,0.219490536537374,0.285684187951452,26.027465344859014,13.316128107814526,45.68991348341635,1840.163223659898,905.0689746177723,10071.139269320096,10.389701872291887,21708.601607226734,2.350291863847464,46.266715611240194,763.4574544760693,92.04081838145571,11.655478400776833,0.93548015362873,-0.353379232789318,12.734279821434736,0.718861297700856,-0.695153533162165,7.2509352208e-05,6.8643032208e-05,26.46434215172663,19.102898150700142,8.402314423005217,-10.041750035774717,-37.66118764860056,46.88039830485426,56.338056022112994,73.37616798446642,30.406529948196823,22.19086640244642,9.635217226773792,32.218952138749174,47.32602277799957,35.26251687286451,43.62927612243556,0.732761719074469,-0.68048531435956,0.613885755325016,-0.789394881798099,0.306631824391938,-0.951828201026883,-0.264082255806906,-0.96450016182888,-0.425005178988089,-0.905190917891526,-0.021020188121906,-0.103785923123359,-0.060447986435138,0.19545027353742,0.274594056984572,5586.7272649350225,15056.02631745796,31164.63550176955,57470.719293887065,93983.20812337792,,-8.032404987902686,-6.885637423765193,-7.202247042193004,-7.698596608956609,0.450367297017766,8.0194028915e-05,0.999999996784459,18.865150995043294,0.004263191203,0.999990912559093,5.540335698037249,0.00408812565016,0.999991643579419,31.69124987372118,0.003148206104402,0.999995044386883,3203.795788378666,27.1341339394222,0.6280930766038,13.730433815264801,33.700754278504,911.4264022659407,-466.8846762396554,902.1406670940911,108.87501498279607,750.7319797355443,,918.0604482336994,,11.731620851288342,12826.115456271315,1.557101659943019,79.314935,6150.0,4.596020777510951,98.089232,6.584904670715332,723.0820181559939,624.9927861559938,637.1675803884303,637.1675803884303,True,0.15680756,-0.11742237,-0.10115468,0.1343984,-0.19758247,-0.081859015,-0.0735397,0.10449024,-0.12491295,-0.032525863,0.29852313
81,Covilha_06082022,2022,2279,p,2022-08-10 19:30:00,2022-08-11 03:00:00,222.8125,223.125,sat,6,10,1086.25,144.833333,201.148814,207.317398,2006.459418,2067.99105,7.5,7.5,4,1068.326161988035,-0.411370072136099,-0.911468410725649,22.0,7.0,0.0,0.0,0.0,0.0,233,19.510587155963304,0.192917271166401,0.245733905505239,0.105873695162274,0.154521305332185,0.212578664424005,0.273679214679228,21.905917681386793,16.299991054549313,71.03983445135995,785.4060006640264,918.9374266719321,8584.25941620603,15.922136300669221,2384.398918222462,2.46263454872227,42.723122320215744,828.4283612857952,91.61709441712259,2.259497291228943,-0.98056582057352,-0.196190396102813,0.653678217012436,-0.723362023881583,0.690468958321762,0.242940945289185,0.206270928352353,24.51696701595191,20.03762763652535,9.112358539080812,-9.347179369990155,-35.7524196854392,68.9439561784832,62.13553585434005,43.737004253282194,23.6041893159607,25.39799519713882,1.332768438702739,13.717965053613643,41.30836470968254,52.23440302354164,89.82738032556516,-0.973184558563617,0.230025683290665,0.877946838960988,-0.478758130958013,0.211096504981231,-0.977465224744445,-0.230922899330807,-0.972972052303998,-0.724170644814831,-0.68962082131304,0.012073527876338,0.043253334274134,0.270078565539959,-0.060247776008322,0.088946890032,5448.238211843527,14913.267033348508,31021.91634651062,57337.78949454412,94219.75575002561,,-4.88761008965058,-7.030218507366856,-7.208289290193177,-7.360153251520233,0.12276578138762,0.011198005506414,0.999937300370717,18.042481617386873,-0.007161480243384,0.999974356271561,10.564309230371935,-0.00171528651874,0.999998528894997,32.82826279778055,-0.053434157308307,0.998571374931582,3528.248471679788,0.0,0.0,9.6249603130434,9.6249603130434,418.2926881679508,-401.8675108031586,108.64542914047598,58.90709362363921,846.0211340639412,,946.7560662357885,,16.86538764102626,5520.224889481197,1.388662151608493,1185.56441,6720.0,5.339062868542813,207.317398,5.166353702545166,174.27456767635607,-33.042830323643926,-15.938281418930373,15.938281418930373,False,-0.301512,-0.26919168,-0.10106241,-0.16345,-0.15382735,-0.09691411,0.093673244,0.056117304,-0.20774406,-0.2792671,0.2690138
81,Covilha_06082022,2022,2280,p,2022-08-11 03:00:00,2022-08-11 11:30:00,223.125,223.479167,"airb, sat",7,11,31.25,3.676471,54.557395,59.627468,783.535124,812.755511,8.5,8.5,4,1124.4676159274193,-0.975758680164049,-0.218849258816458,21.0,7.0,0.0,0.0,0.0,0.0,233,22.113333333333337,0.19742755298979,0.255448930009039,0.102058632340697,0.154864230751993,0.219113833705587,0.286148071289066,19.84549696180558,14.606103515625023,73.90889068304439,674.0681380569667,901.6911111111111,10231.27734375,16.49846656266302,5406.868840742416,1.520523071289062,41.9000073215358,770.4419856041669,92.49846771181069,6.380649700286375,0.092642507037974,-0.995699435517425,9.116988474265598,0.167281259887963,-0.985909214933249,0.01652359615624,0.024049493869923,22.163221571180557,18.023176405164932,8.982130262586805,-8.541113959418404,-36.08805847167969,74.96963924831815,55.081242667304146,25.64881197611491,15.150626076592339,24.715648651123047,5.619940531692246,19.111773483561336,46.24478709140727,60.1857298053823,72.94183623813993,0.161118875675561,-0.986935006928543,0.415857060046202,-0.909429989394307,-0.059746782064701,-0.998213565342063,-0.535590111197268,-0.844478083071253,-0.563973852771593,-0.825792645517,0.000165064494598,-0.015496164503195,-0.020871256843924,0.07927235511401,0.068742688656661,5512.015950520833,14900.8115234375,30945.42013888889,57304.07248263889,94121.88975694444,,-4.51739080498463,-5.817754176176539,-6.842674734173596,-7.678390001349222,0.670346309478186,0.000116103816582,0.999999993259952,20.47305918618976,0.002025023073138,0.999997949638675,11.96475520932688,0.002859367994179,0.999995911998981,35.27834762087973,-0.000612100020432,0.999999812666765,,0.0,0.117390950521,0.0,0.117390950521,95.03888888888358,-122.03025580512251,367.8139712863509,110.64278106689363,835.5496021222611,,929.1192086832689,,18.43339127670414,4585.97924179501,1.238841187321698,142.564813,7170.0,4.104748057707398,59.627468,4.934591770172119,138.0163803138433,78.38891231384332,131.46443232143164,131.46443232143164,True,-0.44242728,-0.25907847,-0.11301523,-0.07043739,-0.14912614,-0.09238905,-0.07908176,0.09513231,-0.18995106,-0.34021845,0.08059269
81,Covilha_06082022,2022,2282,p,2022-08-11 12:00:00,2022-08-11 14:30:00,223.5,223.604167,"airb, sat",8,12,59.25,23.7,342.118799,342.118799,4146.702966,4146.702966,2.5,2.5,4,991.7077595338983,0.32732642018932,-0.944911326340226,21.0,7.0,0.0,0.0,0.0,0.0,233,23.55603448275862,0.190625762035451,0.241860423055765,0.101894824703534,0.154042178392411,0.209922592838607,0.2689687093099,29.085677083333355,8.624169921875023,28.07030419781003,2900.5200787227873,921.2804166666666,8487.4619140625,7.722853054173208,34263.75701370588,2.335978190104167,41.56552101782271,855.0932894976255,91.97787036869079,11.719043434916992,-0.065073370577144,-0.997880482042679,15.65062075791353,-0.081545272267488,-0.99666963863199,0.002353651494897,0.002382311747547,28.053680419921875,19.161794026692707,8.489837646484375,-8.966959635416666,-36.647216796875,30.734137217203777,47.1001345316569,29.17015838623047,20.381755193074543,27.267213185628254,12.136622080155293,18.493438391666867,53.76769233492736,55.5646412247934,57.721604830434096,-0.07917939566852,-0.996860383053499,0.044611605733888,-0.999004406713926,-0.152183075597754,-0.988352321544098,-0.494351365595678,-0.869262174107264,-0.42743335979925,-0.904046858813593,-0.008621814739965,0.066330747446725,0.091227621194962,0.072714964924345,-0.046868567783994,5517.35595703125,15013.991861979166,31055.907552083332,57405.966145833336,94156.8046875,,-9.702340003792552,-6.867216229163758,-6.816727780946582,-7.715549349900289,0.883183627688243,0.001195536083831,0.999999285346481,19.27943810699399,0.000434417407836,0.999999905640753,9.167081267899379,0.001545870508534,0.999998805141472,35.89080862054913,-0.004026797733771,0.999991892417139,,0.0,0.0,0.0,0.0,0.0,,1531.7050781249834,231.27882080077734,682.4939960411227,,913.5386271038224,,10.709204029554238,6069.428126017253,1.680346103035484,,7710.0,5.8380767399693445,342.118799,6.576105117797852,716.7383716805124,374.61957268051236,109.49985027876599,109.49985027876599,True,0.15083277,0.11335729,-0.07725631,0.024904214,-0.13084957,-0.11490521,0.0025806068,0.021604927,-0.033481758,0.12811704,0.18891299
81,Covilha_06082022,2022,2283,p,2022-08-11 12:00:00,2022-08-11 14:30:00,223.5,223.604167,"airb, sat",8,12,892.5,357.0,1613.950905,1613.950905,12323.431292,12323.431292,2.5,2.5,4,882.7295333892149,-0.449273458826174,0.893394291001664,22.0,7.0,0.0,0.0,0.0,0.0,234,15.87453125,0.190978789379202,0.247343259716394,0.095022266109786,0.150913109381995,0.211993719140691,0.277165730794274,28.719140625000023,8.971826171875023,29.34925440431407,2789.67217847933,917.9404166666667,8701.4208984375,7.930886027678084,30425.21510568466,2.253031412760417,40.51790915466946,835.2185127625016,92.17599358370506,10.796572773450256,-0.135541058904227,-0.990771730193752,13.746760550092217,-0.132768762080969,-0.991147040461448,0.002337112417822,0.002384930937574,27.884674072265625,18.927154541015625,8.421091715494791,-9.068125406901041,-36.60997517903646,32.332054138183594,49.76211420694987,29.24047088623047,20.943734486897785,27.50835927327474,10.610981949658239,16.51786114199397,54.56981830804344,54.793772509726935,58.92178519997987,-0.149847859763226,-0.988709066876794,0.043079699147109,-0.999071638833469,-0.14149365050938,-0.989939163214351,-0.47872148957823,-0.877966819086007,-0.429960059268603,-0.902847909358902,-0.002604502663058,0.089594300953832,0.080074203760051,0.085658498485129,-0.06389937956236,5517.389322916667,15010.391927083334,31043.740885416668,57394.399739583336,94144.9375,,-9.77395529355591,-6.76046664450687,-6.829387447194974,-7.67696990186688,1.035116559691569,0.000548777431235,0.999999849421654,20.538271027807244,-0.000136368130948,0.999999990701866,9.355379406531505,0.001266183505863,0.999999198389343,30.891144832298334,-0.005727500445946,0.999983597734804,,0.0,0.0,0.0,0.0,9.5e-14,,1546.3717447916467,228.72882080077682,687.0892692640091,,914.1434959588884,,10.784587480000445,5306.833902994792,1.613139711876608,,7710.0,7.387059835813881,1613.950905,6.315776824951172,552.2316578646312,-1061.7192471353687,-65.78386268418548,65.78386268418548,True,0.14649078,0.11622337,-0.0862994,0.0008004578,-0.11549238,-0.11676513,0.02322752,-0.11242614,-0.06692486,0.12855275,0.21104324
81,Covilha_06082022,2022,2285,p,2022-08-11 14:30:00,2022-08-11 19:30:00,223.604167,223.8125,"airb, fops",8,12,643.5,128.7,496.550461,602.680952,5036.521811,6804.325299,7.5,5.0,4,1004.2954192546584,0.81868173246159,-0.574247525840285,21.0,7.0,0.0,0.0,0.0,0.0,233,21.27305426356589,0.190007760965826,0.241586575215254,0.097646312713623,0.153776675462723,0.209554746150972,0.268876953125004,29.257617187500024,7.100976562500023,25.308902878982906,3060.85740844151,920.3905000000001,8487.4619140625,7.335631267033707,37199.554421760724,3.104483032226562,41.56552101782271,855.0932894976256,91.97787036869079,11.246011337393735,-0.474737653121926,-0.880127354823315,15.826393370154598,-0.519885032354437,-0.854236239651436,0.056468993004694,0.067313999193797,29.118206787109376,20.616845703125,8.407879638671876,-9.447113037109375,-36.513427734375,26.292689514160156,37.2472900390625,24.30622100830078,20.83958206176758,25.195551300048827,11.60563366384749,18.146619114354586,50.12505496118116,55.01170027376681,53.21467552146743,-0.477837994658564,-0.878447978460126,-0.242320118676595,-0.970196351304498,-0.162621627540436,-0.98668850518089,-0.485679782109151,-0.874136802365858,-0.438342392213502,-0.898808070273373,0.006257172082647,0.148621970681315,-0.018975907522188,-0.008569783896586,0.006756488237803,5423.76064453125,14948.0099609375,31000.71015625,57387.028125,94140.4625,,-9.276220149937426,-7.856254927597948,-6.97221962517636,-7.544420037305828,1.46539859729097,0.002577766436215,0.999996677554581,17.406832498762718,-0.003539347737913,0.999993736489179,8.979445598062394,-0.000346383911595,0.999999940009091,45.184654102555385,-0.004196426826122,0.999991194962182,,0.0,0.0,0.0,0.0,0.0,,1539.271652832009,440.6737345377498,665.3194862803464,,914.2244536185766,,9.520135556232043,6156.147766113281,1.874553868162352,1613.950905,7860.0,6.403045833209191,602.680952,6.237992286682129,510.82987103277867,-91.85108096722138,-15.240415457368126,15.240415457368126,False,-0.09730517,0.15541957,-0.08069512,-0.058876693,-0.13861813,-0.09519698,0.11725702,0.12775823,-0.026379125,0.11232402,0.19324693
81,Covilha_06082022,2022,2286,p,2022-08-11 14:30:00,2022-08-11 19:30:00,223.604167,223.8125,"airb, fops",8,12,808.75,161.75,751.038617,469.098756,6177.176497,3391.540054,7.5,5.0,4,889.3320445406742,-0.841817432458877,0.539762364757254,22.0,7.0,0.0,0.0,0.0,0.0,234,16.64392900856793,0.189965502641614,0.245089788421269,0.093705712405427,0.151175801729589,0.210637756125028,0.274256077193574,29.015335774736098,7.803942287285738,27.157944817983775,2957.647196376968,921.3651073477656,8310.925314897575,7.607631028136216,35694.315068424774,2.94554604360141,40.54808178887531,846.3253881937742,92.10269619843342,10.95857668008382,-0.587748889716069,-0.809043412084622,14.868620314773704,-0.644790066791121,-0.764359712287024,0.075633047961535,0.083800180526341,28.747673405667438,20.30496612077196,8.413874033569144,-9.515503452910313,-36.509859686065425,28.479719366407455,40.2028120470134,24.142271351580327,21.439059341254406,25.22784359051732,10.94600665467058,16.674295051293317,50.835406975430544,54.50761868452115,53.88814249228578,-0.62086299837037,-0.783919088461657,-0.273389587314326,-0.961903390964032,-0.141987628423949,-0.989868432355807,-0.473647778278569,-0.880714358990346,-0.434909913415177,-0.900473968093028,0.018993457094822,0.184222521684393,-0.04066953209578,-0.004143513639662,-0.002012689973503,5426.988146212307,14943.89553345583,30989.28808242163,57376.81084845157,94130.95176706383,,-9.212220333013544,-7.651708614098162,-7.001266247954791,-7.524362453384219,3.453416664793466,0.002700291211122,0.999996354207042,17.765534766888244,-0.004841117825739,0.99998828172044,8.906439523438877,-0.000927245960794,0.999999570107372,42.16591805569063,-0.00416183081781,0.99999133954462,,0.0,0.0,0.0325312170803,0.0325312170803,0.002315340836854,,1495.3990836453336,458.96313640851366,675.6294193425863,,913.5846099336093,,9.703856469371942,5978.9299016671075,1.801654426766753,1613.950905,7860.0,6.152942791781104,469.098756,6.123438358306885,455.43137415989776,-13.667381840102223,-2.913540414526749,2.913540414526749,False,-0.11146519,0.113370605,-0.085720874,-0.05166432,-0.12770045,-0.096463844,0.109092705,-0.118752725,-0.033049382,0.1212503,0.18729433
81,Covilha_06082022,2022,2288,p,2022-08-11 19:30:00,2022-08-12 02:30:00,223.8125,224.104167,sat,8,13,284.5,40.642857,201.922472,202.904615,2476.836786,2450.495939,7.0,7.0,4,1013.5871378402107,0.997739342521066,-0.067202711147927,22.0,6.0,0.0,0.0,0.0,0.0,233,21.672912280701755,0.189864818949786,0.241514818526502,0.097931835268225,0.153314272846495,0.20946332386562,0.268842860630584,19.606766183035738,13.48228934151788,68.91360608811465,750.8967747886426,921.6217857142856,8487.4619140625,15.600008953813598,5243.867715791578,2.505944388253348,43.517092683420536,858.6946344680251,92.62884213270588,5.850408632335236,-0.989255782920664,0.146195061332534,8.863153876933099,-0.979430235625173,0.201783085374413,0.005967235746704,0.008228616119501,21.177629743303573,19.31498064313616,8.303091866629464,-9.637054443359375,-37.12384251185826,73.28174427577427,44.164259229387554,27.607966559273855,19.666976383754186,34.96354620797293,5.641287493560467,28.248041982815938,52.96862277337935,82.21398638096076,71.7836925435891,-0.974816295229063,0.223009395667278,-0.146269472373043,-0.989244783383623,-0.145665388990334,-0.98933391453558,-0.579051007391517,-0.815291316548183,-0.56740324877591,-0.823440072669859,0.0170062447986,-0.064441164738929,0.105819198573483,0.017478280395644,-0.011623496096808,5607.829659598215,14995.5439453125,31066.252511160714,57446.23716517857,94134.19642857143,,-2.032420802333198,-7.085956747351021,-7.005471380041685,-7.661622093166288,-0.694862078251296,0.001514635212232,0.999998852939429,22.164597359782515,-0.01491014412553,0.999888837622541,16.284325164632804,-0.005084699476345,0.999987072832062,38.07102987468726,-0.010274959769534,0.999947211207539,,0.0,0.0,0.0,0.0,0.0,,204.98969748360471,49.61283594767258,842.1343571830012,,865.2632039641122,,18.704549285753355,2934.4697424343653,1.333467251427477,469.098756,8160.0,5.3176523109682154,202.904615,5.227974891662598,185.41491062256833,-17.48970437743168,-8.619668102389726,8.619668102389726,False,-0.29458058,-0.2628093,-0.1138206,-0.029615246,-0.14309366,-0.07123637,0.13577893,0.117988296,-0.22023237,-0.22586688,-0.04721361
81,Covilha_06082022,2022,2289,p,2022-08-15 15:30:00,2022-08-15 17:30:00,227.645833,227.729167,"fops, airb",11,16,1192.75,596.375,2501.07586,2501.07586,24657.914963,24657.914963,2.0,2.0,4,632.9493597816961,0.211413185268251,-0.977396779764867,32.0,6.0,0.0,0.0,0.0,0.0,227,17.676028309741884,0.190025407037181,0.246757447797368,0.08926858713594,0.151808045269718,0.210967939487533,0.276774400580535,25.455014083056916,6.174095521023061,29.152867681051063,2304.9080822734095,920.367972479977,8297.1123284025,8.230982860955152,38630.203313203914,2.927500393664834,49.95094213022356,817.360622875278,94.08383481337242,16.75806598213029,-0.934084757719739,0.357051348401959,22.590922315938904,-0.942313150124683,0.334732620313732,0.00022758420649,0.000227586208312,24.94998321692055,16.530754679179985,4.675753891850317,-8.251721922566983,-35.825940065477276,28.739338303112955,42.90910780091424,45.31855601706529,39.74074001366503,56.90464784220018,16.37329290842593,25.51863568239138,29.81514670709414,54.66758831629886,61.612141088996026,-0.941376981265224,0.33735645709542,-0.937590925076155,0.347740215124509,-0.987923040707939,0.154945363397487,-0.978757860882006,-0.205019632624975,-0.996235552854029,-0.086687503307151,-0.000729306529248,-0.077947480085098,-0.04855372773947,0.07807031669624,0.031231409384403,5180.520905591612,14579.46516580601,30418.914140946,56751.84127108331,93616.98968413654,,-9.186601608517297,-7.628484497414162,-5.048067070872055,-7.685992208293903,2.556925752457829,-0.000203598447026,0.999999979273836,5.853518423580118,-0.001486325487415,0.999998895417663,7.939977394763599,-0.002018732727161,0.999997962357012,60.40519561269193,0.000180949039381,0.999999983628722,,0.0,0.0,0.0,0.0,0.0,,1560.1874907065167,279.5954657128159,691.9283944613238,,908.6162306983344,,13.582104005185917,8187.588445794359,1.541890840553121,,13680.0,7.824876010311427,2501.07586,6.601196765899658,734.9754527270583,-1766.1004072729415,-70.6136281397295,70.6136281397295,True,0.25260684,0.1388504,-0.0819842,0.036513455,-0.1271872,-0.10727629,0.04378271,-0.0012492258,0.10337231,0.10779987,-0.06524218
81,Covilha_06082022,2022,2290,p,2022-08-15 17:30:00,2022-08-15 19:30:00,227.729167,227.8125,"fops, airb",11,16,2346.5,1173.25,2017.639751,2221.160055,22750.804749,20570.82033,4.0,2.0,4,713.1228303695027,0.332098808206721,-0.943244603264538,31.0,6.0,0.0,0.0,0.0,0.0,227,18.15292163543441,0.189917626290309,0.246625501716265,0.089209490736162,0.151783164098293,0.210831246497411,0.276629668608306,22.58502212564894,7.132060710080156,36.978583801135095,1727.9244089016534,920.6442708025731,8267.714101962092,9.566628016787208,22655.89200842064,2.055583989499416,49.95533167300127,817.5947468661867,94.08553326855544,13.021948585508413,-0.931569270509618,0.36356387917693,20.477481507708802,-0.96265365008761,0.270735941413401,0.000999693825798,0.001005622544739,23.22543994800128,15.105364096014295,4.994196117015465,-8.669853454371525,-35.92235877610257,36.30901043097444,50.01636854368981,46.72035016543616,57.693673017868086,72.26659450313028,14.067730273537562,23.72278026998911,32.724810943636925,62.517469412995844,74.81409249167402,-0.961908383339566,0.273372021357458,-0.955870693576401,0.293787707642389,-0.99999990444784,-0.000437154791488,-0.967598358481474,-0.252494389371242,-0.963542795492888,-0.267554258522921,-0.010329864973937,-0.120256240006567,-0.041257017518208,0.082034303954189,0.062069361264019,5184.764792108939,14539.228780531343,30385.034027647067,56690.354841066524,93522.54030347461,,-8.860182562898466,-6.506358756296397,-5.335692728131489,-7.596318505704163,2.623269521361455,-0.0004561239177,0.99999989597548,8.258788253736874,-0.00215594745639,0.999997675942582,10.079806435166873,-0.001932236064528,0.999998133230153,62.39052256094922,0.001066429450673,0.999999431363952,6365.893066406247,13.3932093230107,0.0,0.1606316187834,13.3932093230107,0.0,,1005.1313210281652,231.9521767661106,731.7021342361538,,922.4432287900618,,15.998533025146706,7034.1145277561955,1.656377820979497,2501.07586,13800.0,7.706234999558594,2221.160055,5.948178768157959,382.05507130726414,-1839.1049836927357,-82.79930028242542,82.79930028242542,True,0.26907033,-0.09224791,-0.07712249,0.006587211,-0.16346128,-0.06696384,0.0805792,0.014591482,0.0056430213,0.004546426,-0.06746555
81,Covilha_06082022,2022,2291,p,2022-08-15 19:30:00,2022-08-16 03:00:00,227.8125,228.125,"fops, sat",13,17,2980.25,397.366667,587.480967,587.480967,7727.181129,7727.181129,7.5,7.5,4,839.4291213389122,0.428190757376324,-0.903688372890506,22.0,7.0,0.0,0.0,0.0,0.0,233,19.00779757901816,0.187884530107105,0.242116915457393,0.089861888342221,0.151151729681243,0.208128242625123,0.270811299240615,16.011679556715976,10.837016506894376,72.79428994360566,531.5148868196823,922.6829251897851,8077.6045384461995,16.722595074996146,5335.123371277,1.801245546896064,49.603062234516855,856.6299217182716,92.979584340824,8.775178722613635,-0.965224920756382,0.26142083381176,15.653683365701239,-0.973658531244994,0.228011106163364,0.004562813748269,0.004639026625413,16.89450167712453,14.327937340854513,4.725446247062385,-10.914780565431247,-37.903368785341605,74.5262195021032,40.074899701755285,54.151194726826034,50.766255886081076,51.117862107000256,9.767546546572778,31.420975068552067,46.893066925621376,74.61379152807602,114.95714790384694,-0.9712191581082,0.238187629661156,-0.996107661361687,0.08814492031053,-0.973556957852004,-0.228444412971627,-0.968140720719845,-0.250406758862572,-0.897091797039615,-0.441844212007166,0.006295276586497,-0.175797299636804,-0.00991073199475,0.218108761999858,0.109446211221162,5265.054335702571,14485.094165079292,30330.746827064395,56434.3771157413,92958.31339045198,,-2.80049460045526,-6.179034127424202,-6.107372783870729,-7.522754686860189,1.978201012157306,-0.002068068396399,0.999997861544267,16.686459119357803,-0.003450328793188,0.999994047597894,13.609317396903158,-0.00167525820209,0.999998596753994,58.75972200462776,0.0025417940056,0.999996769636399,1384.4394282829087,7.860196608489201,16.7098434143277,16.1615326458358,35.3090009872505,0.0,,427.6313550623952,54.48139587037058,854.6523278343541,,889.9031343369661,,19.883118351370307,4927.689195252575,0.991091048908775,,13920.0,6.377544584631028,587.480967,4.955621719360352,140.9708449632153,-446.51012203678465,-76.00418517674031,76.00418517674031,True,-0.27559155,-0.2525888,-0.10572292,-0.016632786,-0.1690331,-0.08207314,0.14757021,0.07655777,0.0019523066,-0.24028224,-0.059835196
81,Covilha_06082022,2022,2293,p,2022-08-16 12:00:00,2022-08-16 15:00:00,228.5,228.625,"airb, sat",14,19,441.5,147.166667,349.498797,349.498797,2771.96233,2771.96233,3.0,3.0,4,673.3710893854749,0.915261590258948,-0.402860051874919,32.0,7.0,0.0,0.0,0.0,0.0,233,19.747309417040363,0.191518466536125,0.248078671553462,0.096713179841239,0.152608582095439,0.212084363482217,0.278004705954169,22.185716363096706,6.65982452641212,36.6884228182879,1693.569704570605,926.9673124345976,7846.037336670157,9.567677021340907,29075.12784186531,0.862431052439308,48.120224842129666,818.8186180143525,91.8478458392584,17.097141703772113,-0.854722241814805,0.51908562814537,24.483141709537552,-0.834314640720805,0.551288563529949,0.000864764035848,0.000833986633271,19.75288492254737,11.075022781860973,3.350160676982358,-14.096060916867915,-41.247838498759904,47.18116986836719,74.33576983511125,44.188100193550156,8.21641152667762,24.163557129035432,17.57617546732892,27.691701908408177,32.89842755147861,59.247833124631775,92.5916199351374,-0.839753836718155,0.542967304464218,-0.813185237159031,0.582004957080788,-0.848981888175294,0.528421946507062,-0.996389538953281,0.084899273639227,-0.991959953610897,-0.126552164865983,-0.013400872344872,-0.053794933020936,-0.070240055625837,0.062757981396476,-0.023944680220555,5372.773124260129,14626.057856622207,30221.057204031542,56210.997049184225,92098.23866394545,,-9.468808447562964,-4.970812897347969,-6.812598066579501,-7.56824182118859,5.513199902120141,-0.000729390924099,0.999999733994405,6.478449544169186,-6.0407053139e-05,0.999999998175494,8.516514152692807,-0.00177107627383,0.999998431643186,64.9275701810404,0.002635450326386,0.999996527194758,1464.113159061234,0.0,39.2209660117393,48.064242940726096,54.6781990896828,5.241729870321663,,1675.1215390781417,73.94317728955355,735.763969997789,,905.0727995599545,,11.370908805655008,10000.095501254817,0.942936113161588,,14910.0,5.859357274229097,349.498797,6.288664817810059,537.4339415256014,187.9351445256014,53.772758630010784,53.772758630010784,True,0.05973816,-0.031323366,-0.057966437,0.0072118165,-0.19443318,-0.12813467,0.08667574,0.1222419,0.15460265,0.017097464,-0.07572741
81,Covilha_06082022,2022,2294,p,2022-08-16 15:00:00,2022-08-16 18:30:00,228.625,228.770833,"airb, fops",14,19,554.5,158.428571,327.431784,475.950467,4065.156556,4622.761947,6.5,3.5,4,807.685589028777,0.943252355613262,-0.3320767887553,22.0,7.0,0.0,0.0,0.0,0.0,233,21.030702702702705,0.192081371529111,0.249456154752929,0.096957765189321,0.152821824581376,0.212780201116346,0.27981318291368,21.409521150999872,8.306093299008221,43.72297271963241,1457.367907060375,932.9973569437857,7329.3156731881845,10.587926229330757,27103.94194222104,1.105650668319697,47.96275131555279,811.7542545121055,91.86726313249231,18.41545176325973,-0.757869225088197,0.652406497257818,26.056596313360853,-0.784180737692892,0.620532489585704,0.002015000412764,0.002048339862424,19.678973726422775,11.23765633233353,3.026354995694136,-14.00785046513917,-41.66030698240882,48.798804235437046,74.48054278097652,56.2142574934324,7.7778711773606,24.85094362578186,18.228157375059496,30.495978449802173,29.465592565095687,53.483280584377965,76.59402966805844,-0.777031641947936,0.629461537674618,-0.740346719656704,0.672225211289756,-0.759946432522123,0.649985707302013,-0.982255570977241,0.187547309455973,-0.995968129047867,-0.089707780715454,-0.030507816245594,-0.082740372077629,-0.119278966188248,0.029898913073044,0.009738850933965,5346.001964831576,14599.75679671824,30215.156386705174,56179.91926357015,92023.05462990454,,-9.210703760199424,-5.283827987350086,-6.651709343706671,-7.707800244068443,8.032158510565154,-0.002541391305762,0.999996770659901,4.584584113469258,0.0003778617369,0.999999928610251,7.17714598195036,-0.001685242647783,0.999998579977601,75.1700926082626,0.000193153437798,0.999999981345875,1440.2613811436504,0.0,32.9941870210128,23.0607624908402,40.5042777132536,0.050185950654819,,1469.9677851145289,160.31018024082746,768.3031336077688,,910.8481661704585,,12.33432662256229,9133.75178134455,0.808678537733783,349.498797,15090.0,6.167412642729012,475.950467,6.06107759475708,427.8373007904903,-48.1131662095097,-10.108859964520152,10.108859964520152,False,0.054914497,-0.09972929,-0.06554588,0.06271674,-0.1854322,-0.11369337,0.10242827,0.16234726,0.14661023,-0.052282088,-0.075776555
81,Covilha_06082022,2022,2296,p,2022-08-16 18:30:00,2022-08-17 01:00:00,228.770833,229.041667,fops,14,19,183.5,28.230769,195.321768,155.481517,2668.687102,2011.518128,13.0,6.5,4,696.5134536784741,0.113541239290492,-0.993533284284115,21.0,7.0,0.0,0.0,0.0,0.0,233,20.86565934065934,0.193603028589255,0.252602172337829,0.098274076305997,0.153427094752074,0.214589101874861,0.283818650511677,16.147303871774398,11.788231152297826,75.87921999664916,457.6658053339892,947.5095977234183,6204.620614445943,17.471824032283074,5608.976105891727,0.478032068195404,45.266141534085364,798.3517326783975,91.45696639686723,11.471107467814507,-0.601357108603679,0.798980367676092,19.139263397704223,-0.585311373942051,0.81080860598175,0.006983128056018,0.007188926670037,15.610889742158891,10.378021103789973,3.421956967399165,-13.929790069513484,-43.59547180024127,79.01078563569021,73.00875478526702,50.62823110126214,13.13955579683336,37.650767080815626,12.516725394008382,37.94899935879705,24.877019008372134,40.0184027483614,46.04277472033337,-0.589562414435218,0.807722823427268,-0.283341258689859,0.959019150551253,-0.511439216459169,0.859319456237104,-0.722197514250502,0.691686887551293,-0.826242635247442,0.563314395075577,-0.053111623535366,-0.277672597655369,-0.081087898691538,-0.040625473046032,-0.014567772323574,5472.843931753477,14632.765820675233,30308.285167681515,56279.22445085896,92070.84288444534,,-5.709819995372237,-4.476104926470325,-6.77570657231113,-8.26896332851146,2.52924346115516,-0.006026400833411,0.999981841081624,5.064295449373703,0.000698559366804,0.999999756007376,5.54118723605306,-0.000610226619878,0.999999813811719,72.07456194383134,0.005566214228509,0.999984508509588,848.1797749574778,0.0614207978569,15.3986560576659,1.4078135386831,15.8728451722178,1.051862862554816,,651.2715968160186,88.57470785672257,887.8519246525306,,925.2899096699263,,17.634415454660306,6344.237114338707,0.451200285170797,171.451692,15300.0,5.052937900769168,155.481517,5.001842498779297,147.68686223847092,-7.794654761529074,-5.0132355999131875,5.0132355999131875,False,-0.29568338,-0.25596696,-0.10579271,-0.033837922,-0.15976718,-0.08547407,0.18615244,0.13875909,-0.02367206,-0.28452376,-0.07836574
103,Covilha_11082023,2023,2618,p,2023-08-11 15:00:00,2023-08-11 16:30:00,223.625,223.6875,airb,1,1,65.0,43.333333,889.047162,889.047162,9379.424879,9379.424879,1.5,1.5,5,627.1844468390805,0.979550536265248,-0.201198277583245,32.0,6.0,0.0,0.0,39.705882352941174,38.0,227,16.542923076923078,0.209963697476062,0.284464800507557,0.094196837415061,0.162327366119752,0.235112738849805,0.323883373540094,34.89842113064628,11.481641167337493,24.319919084155956,4226.779478727991,961.8242370008738,5695.566662951792,6.639027044212271,52367.65078397357,2.675883291591413,48.25429613992242,602.3026228533315,95.34821278287157,12.422235909243387,-0.779685103664607,0.626171812782651,16.180241289537985,-0.749228990214016,0.662311044919897,4.122229258e-06,4.129256042e-06,31.67321510842907,22.413414028340533,11.061647445157707,-7.559960482626051,-35.37908269752778,27.40806268578953,40.66045381489395,18.89289565781658,6.964297980632892,16.479572784003167,13.471042699737785,15.624082543338764,27.04087512348047,54.20160435872111,61.57031743180881,-0.754511026771853,0.656287368825337,-0.66710832020502,0.744960729913488,-0.985196528796203,-0.171428701353979,-0.957944067854553,-0.286954984034556,-0.908904152647194,-0.41700508546142,-0.051464124243769,-0.017501492451412,-0.014237495796181,-0.030869192340682,0.038412042569443,6127.533488997837,15741.585506088377,31928.62220546136,58472.30308002427,95391.16106616403,,-10.103788383409348,-7.304662138076516,-7.27157622542977,-7.754256366477826,-59.40116368943701,-0.020006333270101,0.999799853285189,5.929369897562468,-0.00630234252943,0.999980140042112,8.336350614541253,-0.003482764339757,0.999993935157886,39.42776393233183,0.003688994464105,0.999993195636772,,0.0,0.0,0.0,0.0,1.754591510710447,,1639.995535767085,108.20057724293292,684.7011815167373,,917.6831885957941,,9.199587599203113,7967.862955948354,1.544228147158547,,0.0,6.791274452333448,889.047162,6.858038425445557,950.4987998827057,61.45163788270577,6.912078516112036,6.912078516112036,False,0.23896143,0.24801974,-0.10498661,0.10211337,0.1459457,0.13571163,0.032304287,-0.08645978,-0.08985762,0.12600318,-0.08142353
103,Covilha_11082023,2023,2619,p,2023-08-11 16:30:00,2023-08-11 18:15:00,223.6875,223.760417,airb,1,2,16.0,9.142857,185.747308,121.523794,1973.291986,1212.199845,1.75,1.75,5,652.611328125,0.647300429883078,0.76223497261224,32.0,6.0,0.0,0.0,32.758620689655174,47.0,227,17.106428571428573,0.209755085429975,0.28436674149777,0.093987356223347,0.162199670112747,0.234880610792589,0.323843808200306,32.995149899759795,13.988981740329672,31.94775306136009,3427.569075995215,961.989169317786,5662.032452754227,7.851483920246272,41276.08583831144,2.45124526005406,48.25343417329576,602.7155609645336,95.35456162547186,12.042206987690852,-0.784172300990765,0.62054315108528,16.208927146605696,-0.755310088902004,0.655367583576459,1.458495434e-06,1.458951135e-06,30.7663728964805,21.991342063653043,11.088851543544921,-7.218771874456772,-35.111327707612105,33.83078548856982,47.622043314727875,17.54956870234296,5.907970116362662,14.38406902447591,13.55904122697728,14.403731165509553,26.567915657945065,53.61244238963581,63.965669356159125,-0.755283623865095,0.655398083244992,-0.573819262183698,0.818981962162145,-0.996902936571626,-0.07864181492609,-0.991346518221667,-0.131271020449212,-0.962798277087415,-0.270221164303436,-0.069350020915709,-0.092499323554846,0.011369716720439,-0.047228400080911,0.003780101204831,6082.6768124259925,15682.112815789571,31876.89230716732,58426.72919177229,95354.89545174173,,-9.57483360883744,-7.015560893487172,-7.148968000332411,-7.774725132438797,-104.96064298112285,-0.042950084610104,0.999077219353932,5.877597804555526,-0.005498203497287,0.999984884764916,8.280284925714135,-0.002862943389877,0.999995901769175,43.700471496859194,0.005152293938091,0.999986726845499,,0.0,0.0,0.0,0.0,25.527397332870486,,1192.8984683866147,379.4133253943953,729.7685650843589,,921.6510349732719,,10.891205242573717,12693.854569982552,1.490533595989609,889.047162,90.0,4.808305247857963,121.523794,6.429974555969238,619.1581684884503,497.6343744884503,409.4954231666354,409.4954231666354,True,0.19446972,0.12253676,-0.10215952,0.09954989,-0.013104884,0.10887626,0.047505263,-0.13325536,-0.07183687,0.060538843,-0.09273494
109,Covilha_19072023,2023,2641,p,2023-07-19 15:30:00,2023-07-19 16:55:00,200.645833,200.704861,airb,1,1,23.0,16.235294,592.240097,592.240097,7901.840112,7901.840112,1.416667,1.416667,5,536.5178690159574,0.482835221171937,-0.875711224774381,31.0,6.0,1.282051282051282,0.0,5.128205128205128,32.0,233,22.906666666666666,0.229383806717391,0.292976570298512,0.109408086538316,0.184514503479002,0.25413499295711,0.326623535156248,30.566796875000023,11.294824218750023,30.569274759508723,3036.985906703637,956.281875,5519.16015625,7.909603130274166,38948.00858367625,1.29119873046875,45.10618598378314,438.2153545441436,95.3956121869067,12.824560198881745,-0.983033813468212,0.183424430156247,16.189604161857336,-0.984002763446666,0.178153196797939,,,28.74212646484375,19.36614990234375,10.78375244140625,-8.15289306640625,-36.24482727050781,29.62261199951172,43.990638732910156,13.615367889404297,11.593063354492188,20.992748260498047,12.853972422023118,10.211838759208417,60.80866663451297,65.41207455378253,79.04428592555111,-0.984141032321566,0.177387791296476,-0.999046680560589,0.043654668259753,-0.898065672359783,-0.439861396497773,-0.826064076709507,-0.563576207065264,-0.94213570093766,-0.335231742260043,0.037355600169371,0.050345581516937,0.015834494053496,0.022985680975157,0.001299441465531,5728.87548828125,15252.9619140625,31348.751953125,57840.3359375,94649.390625,,-10.23055271446501,-5.522621816388392,-7.394595665315839,-7.830299531598654,-3.75074877327668,-0.009008723118518,0.999959420630544,19.62611730162122,-0.00443525253646,0.999990164219098,10.510531891060198,-0.002666772934295,0.999996444154736,38.01076259863321,0.002427796439803,0.999997052897881,,0.0,0.0,0.0,0.0,0.0,,1361.7752880859503,,721.3681494017075,,636.7577204833237,,12.188705447194963,6426.986217498779,1.411846064961915,,0.0,6.385599202382615,592.240097,6.872116565704346,963.9888681767786,371.74877117677863,62.76994297749796,62.76994297749796,True,0.23841536,0.1433777,-0.08417831,0.07927763,0.1357323,0.0251816,0.03818996,0.022846816,-0.081255876,0.07375762,-0.05884667
121,FornosAlgodres_16082024,2024,2712,p,2024-08-16 11:35:00,2024-08-16 12:20:00,229.482639,229.513889,airb,1,1,22.25,29.666667,823.166408,912.791509,6722.525668,7454.463986,1.083333,0.75,5,589.1104166666667,-0.876007522425611,-0.482297440024041,22.0,7.0,0.0,44.44444444444444,55.55555555555556,12.0,233,20.31772727272727,0.211808985024691,0.288444047248488,0.105552810430523,0.162996444106103,0.236376437544824,0.328991699218751,30.681298828125023,5.442041015625023,20.417736361648252,3503.830302773039,956.295625,5273.0576171875,6.537846789648364,35315.20220199879,1.641159057617188,47.81900827466376,635.2428581143427,94.73445979850551,10.079027564220008,0.695519106911233,0.718507600461819,11.966848437375821,0.625765012215348,0.780011634199853,,,27.80743408203125,20.27252197265625,10.990203857421875,-6.83441162109375,-34.7642822265625,22.243770599365234,29.132888793945312,21.41375160217285,14.431685447692871,12.294041633605957,9.26149640836765,15.129591111539078,24.52491486461965,27.04489522563698,28.37237498454825,0.61134135960566,0.791367008432562,0.517001638316446,0.855984407555483,-0.250947425457575,0.968000717797365,-0.477904078193811,0.878412028632192,-0.588081417358887,0.808801735011222,0.009395192871893,-0.07020224355648,-0.065721457151709,-0.050088862818328,-0.026253606396694,5922.28515625,15418.2939453125,31529.73828125,58184.234375,95171.2265625,,-8.221683898201583,-5.973008447018584,-6.960357593374996,-7.785126190694331,-179.09290058954906,-0.133771382116962,0.991012218555613,6.002656194161705,0.037777607661971,0.999286171404037,3.449465313220614,0.017713861273587,0.999843097250154,25.39597702869012,6.6699186771e-05,0.999999997775609,,0.0,0.0,0.0,0.0,0.0,,937.3163818359712,,660.3941923293837,,911.5349409619638,,13.125159088009923,4630.748271942139,2.528344052319754,,20.0,6.817602437118393,912.791509,7.003109455108643,1099.0483970190364,186.2568880190364,20.405195072759643,20.405195072759643,False,0.3083748,0.13186353,0.12181735,0.091078535,0.14705592,0.1357524,-0.055432975,0.11558977,-0.20763008,0.15258801,-0.088362776
121,FornosAlgodres_16082024,2024,2713,p,2024-08-16 12:20:00,2024-08-16 13:10:00,229.513889,229.548611,airb,1,1,37.25,44.7,759.247511,888.287723,6372.142914,7276.701834,1.916667,0.833333,5,556.0990646258504,-0.92750956433339,-0.373799422244183,31.0,7.0,0.0,28.08219178082192,71.91780821917808,12.0,233,20.366410256410255,0.211585443064571,0.288344743440515,0.105073530972001,0.162779784202576,0.236175751686097,0.328958129882814,31.740869140625023,5.598535156250023,19.43570994989728,3766.9880250566634,955.924375,5273.0576171875,6.300298219223734,36313.17311258459,1.5068359375,47.81900827466376,635.2428581143427,94.73445979850551,9.63984299154717,0.521671038491651,0.853146721026954,12.134964405951152,0.470442559200068,0.882430619648531,,,28.924896240234375,20.02178955078125,11.00811767578125,-6.680908203125,-34.8267822265625,21.355899810791016,31.861888885498047,21.076963424682617,13.753751754760742,13.346906661987305,9.354810901294899,13.32914528729375,25.959056008282406,24.90450949596507,29.872251644385287,0.467249611701333,0.884125443794574,0.504829820563635,0.863218890125609,-0.172267306137026,0.985050239955451,-0.571128714601678,0.820860518819997,-0.570121318535366,0.821560516426816,0.017151340904982,-0.057951356278698,-0.068417076456253,-0.045443983483495,-0.02669339119011,5885.2734375,15409.5205078125,31523.6640625,58182.02734375,95179.203125,,-9.714582977228538,-5.800139316456666,-6.907411031898744,-7.845334628114687,-208.54380899979182,-0.011704566128212,0.999931499219697,6.516964016012805,0.039671492636004,0.999212776475577,2.992007793816644,0.017985635290594,0.999838245379318,25.460221370999214,0.000395350294274,0.999999921849069,,0.0,0.0,0.0,0.0,0.0,,1201.9187011719148,,651.9393667806756,,918.1214988833884,,12.623664499188834,4677.40535736084,2.363745867544488,669.413569,65.0,6.790420831070224,888.287723,7.0453410148620605,1146.500083684149,258.2123606841491,29.06854997523692,29.06854997523692,False,0.3020189,0.124488115,0.0997686,0.08393206,0.05684246,0.075774126,-0.04376299,0.12276169,-0.21169843,0.14625409,-0.09095467
161,FreixoEspadaCinta_15082025,2025,3317,p,2025-08-15 13:15:00,2025-08-15 14:30:00,227.552083,227.604167,sat,1,1,221.25,177.0,3040.175509,3040.175509,22556.681991,22556.681991,1.25,1.25,5,581.1599786931819,-0.848458445467584,-0.52926200157836,21.0,,0.0,22.452830188679247,53.9622641509434,19.0,236,14.586844444444445,0.231141315817833,0.294642072491167,0.177588898539544,0.185853416323662,0.2495567715168,0.328240356445312,36.99404296875002,9.019189453125023,18.35446488107286,5108.378240744124,955.6575,5246.9404296875,5.630093997188761,76796.14479042926,4.433547973632812,57.30577860145916,786.3072873210967,94.62370799072683,15.033370899967377,-0.223864755078886,-0.974620219076882,22.841882511734653,-0.293501539643349,-0.955958600686758,,,35.246307373046875,25.453582763671875,10.58648681640625,-8.026580810546875,-35.78302001953125,18.512969970703125,28.632104873657227,28.93122673034668,8.297820091247559,32.81587600708008,17.136947220966405,29.384386373407793,39.83269112821991,38.58119221158856,44.661421787572245,-0.322867498193614,-0.946444176172159,-0.186824334782192,-0.982393336669784,-0.218576028798819,-0.975819921724566,-0.426552140119144,-0.904462974233759,-0.791920205459223,-0.610624588585673,0.007943799094809,0.119167614494527,-0.039387306195209,0.021933268643073,-0.096327577588545,5754.26708984375,15480.78515625,31750.2109375,58182.109375,94983.078125,,-10.685285385113685,-9.566714755219433,-7.268241312101186,-7.736784208515766,100.45929521185012,0.040278023204619,0.9991885111663,9.371254738455233,-0.000682762859051,0.999999766917412,4.357723803020421,0.000427914306508,0.999999908444669,68.97678562101723,-0.003743805597887,0.999992991935266,,0.0,0.0,34.0023193359378,34.0023193359378,0.0,,3246.462099609366,,637.3599956878139,,630.2616383512371,,7.54868158225014,8568.473815917969,0.494142233992734,,0.0,8.019999400250699,3040.175509,7.700610160827637,2208.6958504890913,-831.4796585109088,-27.349725568455952,27.349725568455952,False,0.3061052,0.32869723,0.087358795,0.11551794,0.12959091,0.16772696,0.023952518,-0.10770998,0.14351943,0.13709393,0.28616863
161,FreixoEspadaCinta_15082025,2025,3318,p,2025-08-15 14:30:00,2025-08-15 18:30:00,227.604167,227.770833,airb,1,1,4616.5,1154.125,3136.445427,3180.578379,29800.963616,29306.411762,5.25,4.0,5,566.6921535712352,-0.981301583088668,-0.192476499936157,22.0,,0.0,29.18700231184177,55.81813511430773,12.0,236,18.475673097767178,0.229712629501025,0.29179089803398,0.173206156505991,0.185921519456734,0.247978721471794,0.324636542760412,36.58857794368057,8.252989438814561,17.83211637740976,5031.364104493034,955.8851850791182,5079.876137110304,5.600645800204851,65198.048261255404,4.700901919852573,56.23672752474032,781.6956486029513,94.55580514179451,12.902938526533184,-0.264407456311554,-0.964411062279386,21.153287507756737,-0.356506497701576,-0.934292843329411,0.000373732913457,0.000429177547562,35.58335177821384,25.938687186276663,10.536883346571516,-8.372342052647426,-35.30797694451182,17.074237468903824,25.491027180029796,35.45532954998008,17.646940521023424,28.849460704431962,16.080253809838233,29.364114457235967,45.100888419638366,34.182350581836154,37.24039501375921,-0.340601661844096,-0.940207694049054,-0.219352556635083,-0.975645661035631,-0.296738939966684,-0.954958638637009,-0.361978887371783,-0.932186293128732,-0.665265420346565,-0.746606938416131,0.011776972967591,0.082875568562365,-0.095231349894844,0.022889466759258,-0.03998856057957,5716.739380201747,15455.259119940829,31734.729543516474,58180.140320103965,95029.59070737695,,-10.52373039367306,-9.910789879404954,-7.383888350967858,-7.507994563303643,-6.07055332057485,-0.013231478170518,0.9999124601611,12.191173365206042,-0.00062026186889,0.999999807637588,3.863330366287403,-7.6473987524e-05,0.999999997075865,72.78316440025215,-0.002667894023771,0.999996441164406,,4.585829247129,0.0,17.0837591040233,20.051607350047302,2.384964933026147,,2965.976451157182,352.6088228938852,633.9470037570024,,641.5518732333398,,7.638182325718857,8893.673549380675,0.816486565680866,3040.175509,75.0,8.065132698232976,3180.578379,7.241690635681152,1395.452869333581,-1785.125509666419,-56.125814142887975,56.125814142887975,True,-0.13237354,0.3526845,0.12141932,0.035265427,0.04437576,0.15643843,0.05321618,0.06765072,0.0766204,0.09554234,0.29964465
161,FreixoEspadaCinta_15082025,2025,3319,p,2025-08-15 18:30:00,2025-08-16 02:30:00,227.770833,228.104167,"sat,airb",1,2,4147.0,518.375,705.85669,708.257772,4538.726577,4799.065617,8.0,8.0,5,647.1282731989863,0.077949586167698,-0.996957302002591,22.0,,3.603664743807262,28.68680013573125,59.90498812351544,9.0,233,18.479535221496004,0.229678731343818,0.292867034806961,0.171567739290458,0.185840818905365,0.248114468921332,0.326299999602274,28.083621315690813,15.508069212113107,48.93121212649301,2056.33600705416,955.41535622469,5310.551214923428,11.012256226690058,10469.518773936594,3.788403915553974,51.55274010992052,783.1321060029456,94.60744669482742,4.181322433808854,-0.968855227192307,-0.247627843228791,9.011388483205588,-0.991499707173745,-0.130108918504371,0.038023705857239,0.054705448751741,28.431310090233985,24.61746653872273,11.04065870761478,-9.099322806789987,-35.80198828411379,50.0602652023278,28.765284531177706,27.783625528659336,16.377420482507343,22.501503504340512,6.057404779110509,33.58285124266826,45.744347972076525,38.54407380489385,42.137376054323006,-0.975143559258301,-0.221574003071329,-0.405310007686432,-0.914179302800728,-0.453558179073878,-0.891226670491401,-0.262500963493198,-0.964931730313157,-0.482829882328519,-0.875714168396645,0.024668104250924,0.034664220660637,-0.008648488112566,-0.040953320943558,0.037315268682644,5891.69174764283,15519.538626892065,31806.535462069456,58245.049183822855,95058.73026331734,,-4.161457448018053,-8.736437046437967,-7.864487928683953,-7.443057051906235,-7.219439914717036,0.004046408082022,0.999991813257305,16.30113092744228,-0.00410922446933,0.999991557101489,6.602131103574523,-0.002762835575103,0.999996183362509,43.882964943009256,0.062603702543682,0.998038464402962,4556.060206911694,0.1248962578611,0.0,4.2208250130328,4.2710148130579,824.4890197949302,,104.81403411141682,52.82717549900554,797.3883379688896,,682.2773266521242,,15.75531816696412,8995.943214667577,1.891104511571986,3180.578379,315.0,6.564219031683204,708.257772,5.988956451416016,397.99801878085356,-310.2597532191465,-43.80604992770153,43.80604992770153,True,-0.2677971,-0.13901073,0.1557485,-0.023458697,0.036521446,0.16044159,0.07261629,0.062165488,-0.23095727,0.0039331107,0.34584817
161,FreixoEspadaCinta_15082025,2025,3320,p,2025-08-16 02:30:00,2025-08-16 12:15:00,228.104167,228.510417,airb,1,3,217.0,22.25641,86.00203,90.859137,676.310862,703.360471,9.75,9.75,5,597.9627167630058,0.071724248669333,-0.997424499474933,21.0,,0.0,39.66942148760331,55.78512396694215,9.0,234,17.52954128440367,0.228841373535945,0.291802761717663,0.169124355588582,0.185836691019986,0.24719022712576,0.325115665517514,26.851060323073227,17.087271617224467,58.585856617066916,1676.8037131343906,955.9996130865071,5336.305396342127,13.186162353029644,5461.584539860021,3.220712650908379,43.22651872226346,785.1046946001633,94.58859150048627,1.68421792278277,-0.124357118094693,-0.99223752558507,3.189241593425275,0.358430676844975,-0.933556345324937,0.299372218830374,0.372736038129958,26.22406828942847,23.570846052847926,11.129420751031173,-9.344683212688448,-36.72576818369687,59.715639480488655,25.228944103774758,30.33883091036018,13.57903132869375,27.333070981284703,2.705379920380751,25.431475169198052,46.21608254224986,35.09247024550019,43.65159761598492,0.385333474305958,-0.922777391129247,-0.478143851101157,-0.878281536669281,-0.373039744164189,-0.927815363784151,-0.696758147329565,-0.717306129996023,-0.818021830848713,-0.575187173235739,-0.010367410659344,0.006323957493586,-0.02459770094087,0.049449163354786,0.069471056983843,5994.583883335144,15568.299703956582,31845.79164215117,58238.73569568724,94943.75341322742,,-2.895050960674575,-8.005838358280169,-7.994959844333904,-7.632158585642934,-25.28153611059806,-0.154635967124839,0.987971516629587,17.391352083324865,0.007440546774518,0.999972318748722,6.343801530781887,0.005024959763387,0.99998737480999,11.073599287392883,0.042809375447125,0.999083258479406,4430.589377722428,0.0,0.0,0.0486865834986,0.0486865834986,859.5904561699803,,311.15767510423143,147.26294120007813,831.7892631780242,,694.9100808672787,,16.229552973668483,5666.358898254453,1.345500733052968,708.257772,795.0,4.5202562841224045,90.859137,5.016757011413574,149.9210739984532,59.061936998453206,65.00384985876897,65.00384985876897,True,-0.50197023,-0.21870518,0.12101401,-0.26351368,-0.017573357,0.1374214,-0.10135616,0.008856762,-0.19297628,-0.21949376,-0.058245916
161,FreixoEspadaCinta_15082025,2025,3321,p,2025-08-16 12:15:00,2025-08-17 02:30:00,228.510417,229.104167,"sat,airb",1,4,883.75,62.017544,330.605504,272.869399,3595.034288,3051.658968,14.25,14.25,5,488.4810466760962,0.025620648956066,-0.999671737295333,21.0,,0.0,61.41460609545716,37.981598619896495,8.0,234,16.157866061293984,0.227148990339567,0.29201738782555,0.170259325926997,0.183270474287961,0.245477830450286,0.326339291257287,32.59633997731414,11.21692643123188,28.640015678541925,3638.3708087544337,952.9804619948542,5497.466824682338,7.448128103193205,21202.14077085908,3.782384237896934,44.001613928372116,785.2376045544701,94.60040928883426,3.924762177629326,-0.708337486057602,-0.705873930560972,7.444460010497495,-0.973147227220887,-0.230183566208147,0.197236146366149,0.452987848192225,32.850598544778315,25.083987577178412,11.519219101384545,-10.160829109864068,-36.37076703394801,25.58056172242109,28.685278530332475,38.00114061473821,63.5576418310669,28.9208018814582,5.320587518382158,11.898971034855672,32.58917006858588,41.17322488604595,44.97483121802843,-0.953866704851611,-0.300230427131446,-0.546712981187182,-0.837320079898616,-0.393826040191451,-0.919184992298679,-0.717137490354985,-0.696931718267545,-0.790771982993295,-0.612110832213295,0.023659323301502,0.070365486394288,-0.073698135280355,0.024021844444123,0.022151242304837,5832.080150496333,15524.596430522752,31823.799903475905,58269.22458446892,94951.99365872346,,-8.474501017266471,-8.72868993304507,-8.465870603143403,-7.305714984204237,-14.025008254046638,0.019773730197397,0.999804480683139,11.25665010336583,-0.004207766438071,0.999991147311616,7.2065014197009,-0.000721862617725,0.999999739457147,33.59623169714011,0.092636017948947,0.99570003925809,4765.4848515646545,11.6377394325763,0.0,7.8188150404135,16.4447842853955,85.36070915299298,,877.8611154771401,347.5046369449293,700.2249238193306,,740.8493963802524,,9.42336654500988,5478.925220991585,2.150018321251054,90.859137,1380.0,5.612651346770861,272.869399,5.460300922393799,234.16818109056214,-38.701217909437844,-14.18305535588395,14.18305535588395,False,-0.49363655,-0.104860716,0.102462366,-0.22596301,0.010747476,0.11301056,0.093623325,-0.086952865,-0.1931668,0.17247778,-0.0164932
161,FreixoEspadaCinta_15082025,2025,3322,p,2025-08-17 02:30:00,2025-08-17 10:45:00,229.104167,229.447917,airb,1,5,302.0,36.606061,147.84496,153.57096,2084.203249,2113.428922,8.25,8.25,5,415.5457920792079,0.916510918365387,-0.400009670529394,32.0,,0.0,32.96232876712329,65.83904109589042,12.0,236,19.52380471380471,0.226564288047382,0.289950225281866,0.17035485185197,0.183069009012614,0.244715217395965,0.323487758210165,26.124307163373643,14.892830923681013,50.76455719317555,1704.644850860268,955.1297493027575,5142.3289500264955,11.243971219052604,3882.2824454185698,3.413749173031882,44.11153209793387,794.4391339710402,94.29630039384239,1.05399110461727,-0.399967422537862,-0.916529356272029,4.031196578912763,-0.999674372455843,-0.025517622440502,0.508332658227985,0.483794300688397,26.129623366798853,24.012729990752746,11.18523164468898,-10.638302183961134,-35.20121073314373,50.259249579492106,31.234105403071997,43.345501470361654,51.7358712357356,19.034462064392315,2.498791086799468,15.370428351373086,37.04685793680556,56.68066490400959,47.28774985250451,-0.974312274888512,-0.225201223357185,-0.218241677898904,-0.975894753560993,-0.662907220400102,-0.748701554119804,-0.639908599095029,-0.768451029542051,-0.999993112895296,-0.00371135581355,0.006307765631699,0.021810255806489,-0.015838261343355,-0.000399168701468,-0.027860284550264,5763.556506478482,15355.774578942805,31633.226890902188,58037.7738814957,94791.3184264664,,-2.30983824780028,-8.254269571887127,-8.521900491015282,-6.846624725444615,8.56251375374016,0.089373887906222,0.995998146665206,14.035267791659109,-0.00031669205994,0.999999949853068,10.785676822761356,-0.000290906470782,0.999999957686712,20.3896248801316,0.148157769012668,0.988963738203373,4372.661191841349,2.3887962065765,0.0,9.653942894684201,10.206875967499201,207.60921742952277,,138.36546738149812,99.15241567798836,810.351457899957,,737.9140851264315,,15.182598898437789,4133.785222562604,1.711724068188174,272.869399,2235.0,5.040653278923228,153.57096,5.452666282653809,232.37959305001206,78.80863305001205,51.317406005674535,51.317406005674535,True,-0.38264233,-0.2540524,0.10644746,-0.26630005,-0.14303547,0.15017368,0.0949237,0.06291347,-0.21572392,-0.05871886,-0.05664789
122,FreixoEspadaCinta_30082024,2024,2718,p,2024-08-30 13:55:00,2024-08-30 15:20:00,243.579861,243.638889,airb,1,1,66.5,46.941176,701.870749,772.928584,7879.33472,8436.014527,1.833333,1.416667,5,447.1468341884328,0.974317378785096,0.225179140679904,22.0,7.0,0.0,11.69811320754717,88.30188679245283,10.0,236,21.171641791044777,0.221317620873453,0.288305871041176,0.163010085821154,0.18367995619774,0.237964061200621,0.323749389648437,30.994531250000023,10.806787109375023,28.898141749041827,3187.8751749080593,950.8171875,5246.9404296875,7.642897869371602,12008.05885686951,3.112159729003906,31.084431180416832,760.7751667802855,92.50126711436361,3.739988108288895,-0.969854980477337,-0.243682820164458,7.583667817473075,-0.994233377624069,-0.10723801013743,0.002633123406136,0.002694192286598,28.738906860351562,19.076370239257812,6.85205078125,-9.891815185546875,-38.44989776611328,31.005684852600098,49.523420333862305,25.866583824157715,23.3320894241333,65.54790496826172,5.657655698033077,7.068349392176656,16.39434142104357,25.1136924626978,30.815290606765963,-0.999427898604416,-0.033821228409987,-0.900862976058364,-0.434103557192598,-0.068859934922364,-0.997626337544518,-0.934003585327197,-0.357263631784626,-0.948679338168315,0.316239645415512,0.026580896614163,0.0033340081819,0.007809817739668,0.060762512656555,-0.008039374776264,5365.51904296875,14887.23193359375,30827.6572265625,57108.794921875,93684.984375,,-10.543231374203664,-7.866134566310398,-6.53833429197504,-7.960232963286502,-90.07346310982598,0.08930635408096,0.996004204369021,4.148554134397446,-0.010123504592513,0.99994875601441,3.771276300453598,-0.001037805197904,0.999999461480041,16.51618454621443,-0.009766283667783,0.999952308714431,2287.398681640632,15.631286621095,1.9851074218747,17.4533691406245,30.9588623046881,0.0,,2306.328725585944,127.02959960937551,707.8339506864862,,928.2374829844599,,10.352782451532462,2838.6083841323853,0.616890793425133,,25.0,6.651479600598855,772.928584,6.54691219329834,696.0883730308179,-76.84021096918207,-9.941437353956374,9.941437353956374,False,0.26026174,-0.13201864,0.18081336,-0.010305928,0.12230536,-0.0050837575,0.032715663,0.11286886,-0.29680395,0.17618711,-0.044510983
122,FreixoEspadaCinta_30082024,2024,2719,p,2024-08-30 15:20:00,2024-08-30 16:35:00,243.638889,243.690972,airb,1,1,58.75,47.0,551.58011,437.348895,6501.750551,5728.055667,3.083333,1.25,5,395.0196349557522,0.998999382464805,-0.044723973827673,32.0,7.0,0.0,0.0,100.0,13.0,236,21.422241379310346,0.221144919335844,0.288226154861154,0.162479881048205,0.183521196842195,0.237822050452234,0.323718872070312,31.199609375000023,10.202294921875023,27.419995921678076,3291.1628642378723,950.234375,5246.9404296875,7.424318516004861,16766.233821809066,3.518264770507812,31.084431180416832,760.7751667802855,92.50126711436361,5.094319094321571,-0.998746496912745,0.050054319539089,8.686482700904568,-0.994287124897707,0.106738527545831,,,29.149566650390625,19.64892578125,6.612396240234375,-10.1287841796875,-38.310302734375,29.457237243652344,46.50642013549805,31.43545150756836,24.62907600402832,86.09310913085938,6.367773859627231,8.093207720776583,19.052264498273633,28.320631903471448,40.75733130849576,-0.987325724042117,0.158707008807772,-0.987920724575624,-0.154960130207659,-0.071887365654326,-0.997412756414956,-0.897315984374808,-0.441388744969181,-0.987677528382558,0.15650271540175,0.035382919331157,0.009800801406136,-0.047684524046562,0.044868412290215,-0.013001964565553,5301.63232421875,14840.2685546875,30798.892578125,57085.9765625,93672.3046875,,-10.366579586140451,-8.388777469336658,-6.53728560923592,-7.855270126123584,-105.91462168844555,0.077041601088535,0.997027879099534,4.909759192022673,-0.011534911141208,0.999933470699408,4.253551667561872,-0.002059882631359,0.999997878439522,19.871331314939788,-0.005879337902759,0.999982716543554,2520.437382812518,46.6286621093759,0.0,10.44775390625,50.135253906250796,0.0,,2408.2848242187583,,699.0689881921556,,927.6666018289463,,9.763311619089393,3183.886766433716,0.612729006842855,772.928584,110.0,6.083015157214718,437.348895,6.0228166580200195,411.73950605536874,-25.60938894463129,-5.855597038751244,5.855597038751244,False,0.2615869,-0.13874686,-0.09316921,0.057156008,0.016572759,-0.28119615,0.046596006,0.084516875,-0.3136914,0.18003601,-0.048886154
122,FreixoEspadaCinta_30082024,2024,2720,p,2024-08-30 16:35:00,2024-08-30 18:00:00,243.690972,243.75,airb,1,2,78.0,55.058824,395.696815,419.045609,5182.529121,5488.333459,1.416667,1.416667,5,419.3949680511182,0.93388505477559,0.357573355364731,22.0,7.0,0.0,0.0,100.0,21.0,236,20.377820512820513,0.22105439631045,0.28818205898299,0.162159920334818,0.183436726033689,0.237752068638803,0.323699340820312,30.094140625000023,10.178002929687523,29.17521637890391,3017.589350518371,950.1828125,5246.9404296875,7.770064932273122,19840.815004402055,3.828102111816406,31.084431180416832,760.7751667802855,92.50126711436361,6.476283922706779,-0.868579089807852,0.495550567297187,9.974122047409129,-0.867311306411084,0.497766107495778,0.017198644034371,0.017247079637316,28.807830810546875,19.64996337890625,5.993759155273438,-10.038116455078125,-38.30646514892578,30.383987426757812,46.52755355834961,48.321556091308594,27.911227226257324,89.42726516723633,6.583562667642445,8.528678296205179,16.73633133506912,31.628403411354338,42.296670462628605,-0.863068091115827,0.50508758656067,-0.930341144372957,0.366695180070337,-0.029672411096379,-0.999559677067721,-0.878398525193749,-0.477928897365964,-0.976132285663086,0.217176796380642,0.024351578341961,-0.012411604499184,-0.031885560928672,0.007691860859669,-0.08299052387581,5295.205078125,14830.58203125,30791.359375,57081.796875,93689.65625,,-9.992563962478624,-8.787527228580668,-6.260308239190501,-7.879473016286097,-185.1421704162182,0.019699449750349,0.999805947011486,3.711853455473307,-0.014535268427194,0.999894357405696,4.770962192891497,-0.003523704541298,0.999993791733882,28.17322013173483,-0.002046073213872,0.999997906790011,2576.6148193359577,71.0413818359382,0.0,15.3864746093749,76.0454101562505,0.0,,2239.3592187500153,294.0681835937389,709.7903768061587,,940.921777537528,,11.164961777085367,3337.126135826111,0.662150430945955,437.348895,185.0,6.04036329823878,419.045609,6.068793773651123,431.1590853804901,12.113476380490113,2.8907298204120098,2.8907298204120098,False,0.24466006,-0.07427819,-0.09584365,-0.011111589,0.060229816,-0.25134254,0.07863602,0.12102911,-0.19842462,0.12771997,-0.04640218
79,FreixoEspadaaCinta_20082021,2021,2217,p,2021-08-20 18:00:00,2021-08-20 19:30:00,232.75,232.8125,airb,1,1,291.25,194.166667,2383.912291,2383.912291,18691.465539,18691.465539,1.5,1.5,4,693.8869509043927,0.477721428260365,-0.878511375555762,22.0,7.0,0.0,99.04264577893821,0.957354221061793,5.0,234,13.51875,0.211354935324192,0.278949451071168,0.154353772997857,0.175957623124123,0.227220931053162,0.314713745117187,27.271997070312523,7.599755859375023,28.928494950943872,2577.9227224599235,941.384375,6285.59521484375,8.019218616395227,29107.22993023018,1.853141784667969,37.98825696852007,743.929806474846,92.47615365676408,11.261905358107358,-0.957514538389248,0.28838500095051,20.819330281813293,-0.968060678570714,0.250716019841592,0.000120397391108,0.000120494544118,27.226730346679688,18.646957397460938,8.940673828125,-8.291854858398438,-37.549774169921875,28.581148147583008,40.40891647338867,15.245535373687744,16.293612957000732,41.68131065368652,12.199122960481848,17.061816621401743,27.37974333436286,43.64643134571217,71.18660169154772,-0.97051366631723,0.241046102419203,-0.981173285943658,0.193129446099048,-0.697708992885355,-0.716381295991808,-0.942298305489526,-0.334774406834765,-0.819472367654455,-0.573118695080523,0.063486996474075,-0.035325367174255,-0.030612070267983,-0.011718129146075,0.009135556375499,5504.745361328125,14987.97265625,30991.6376953125,57365.6484375,94168.53125,,-9.361778887779012,-6.245822759904128,-6.729152841522304,-8.155304302511277,11.605971026996588,-0.000826340626106,0.999999658580527,5.912040930711894,-0.007645975838832,0.999970769099513,6.141812185557165,-0.002053964692831,0.999997890612295,82.95087351305327,0.002227453892542,0.999997519221501,,0.0,0.0,0.0,0.0,0.0,,990.3572558593722,560.1442480468647,704.5449549528003,,942.0436337354472,,14.28204007141467,6103.6696434021,1.970335417700571,,0.0,7.776917627384161,2383.912291,6.560951232910156,705.9438431089878,-1677.9684478910121,-70.3871721382476,70.3871721382476,True,0.26756757,0.015979355,0.15745851,0.117746845,0.20049232,0.013624727,0.039068975,-0.15118681,-0.0048011206,0.09205592,-0.042552788
13,FreixodeEspadaaCinta_06092016,2016,194,p,2016-09-06 12:30:00,2016-09-06 15:00:00,250.520833,250.625,sat,1,1,711.75,284.7,1545.954509,1545.954509,14330.56968,14330.56968,2.5,2.5,3,723.3472805176635,-0.999990753739415,-0.004300283208876,32.0,7.0,11.06951871657754,4.652406417112299,65.72192513368984,32.0,233,17.45843220338983,0.207538605238995,0.294766072905875,0.142899142106375,0.167964696288109,0.225365387598674,0.340918172200521,37.82371419270836,6.429915364583356,14.792643378229902,5577.564876534977,952.7202083333333,5429.759765625,5.069842793411971,62819.06371361834,4.668935139973958,48.70831670722426,866.1007251097959,95.72677286361017,10.19470773462408,-0.464964721574155,-0.885329208651487,14.796412667013255,-0.249552824415195,-0.968361186658366,0.090054601277077,0.101669637471865,36.862019856770836,26.776051839192707,11.438181559244791,-9.325836181640625,-36.077067057291664,13.937834739685059,21.950166702270508,35.326212565104164,44.70965067545573,30.31707827250163,11.550534510486814,22.05689907041264,36.92358696933894,52.337431420282165,84.14419734229102,-0.261464920331553,-0.9652129793139,-0.234882392820202,-0.972023796798749,-0.491411207193387,-0.870927680949881,-0.38959607370417,-0.920985830159343,-0.121767487162009,-0.992558652710383,0.002564807858949,0.066012904055217,0.112439726072312,0.097490745273333,-0.013640886650614,5700.003580729167,15463.424479166666,31793.100911458332,58228.171875,95004.8515625,,-11.005256550335062,-9.869649758183385,-8.108168657323569,-7.456594091150694,-50.42420094656244,-0.026967041551629,0.999636323204571,10.343925628856981,0.002582092895578,0.999996666392583,8.075626958725413,0.000840787741808,0.999999646537924,46.532368045286724,0.001373691170714,0.999999056485839,4044.66384440104,22.1015218098961,0.0,14.9288736979165,29.613525390625302,0.0,,3393.548505859384,676.7162890624709,604.897771435994,,612.8348688438198,,5.58522151711217,6257.833639780681,0.750436922997191,,0.0,7.344043444193709,1545.954509,7.444279670715332,1709.05304710664,163.09853810664004,10.55002182516614,10.55002182516614,False,0.16929984,0.3433216,0.16035144,-0.17307942,0.12008964,0.15684986,0.03494206,0.018706786,-0.042693406,0.11282845,0.2829549
13,FreixodeEspadaaCinta_06092016,2016,195,p,2016-09-06 15:00:00,2016-09-06 20:30:00,250.625,250.854167,"sat,fops",1,1,1118.75,203.409091,831.079112,514.507026,7103.855736,3147.838399,8.0,5.5,3,701.6521739130435,-0.639550930334663,0.76874872845948,22.0,7.0,57.807593491293176,2.083928061661433,26.405937767627748,3.0,235,13.4496875,0.207353028757983,0.294747794476869,0.142508353235652,0.167764853045288,0.22520392346108,0.340988411259348,35.24471751733426,6.966394419182252,17.96469507054191,4699.189579699055,951.6213605617808,5471.49378009054,5.752797387719191,40523.08399793782,4.912494938096541,48.765412182675455,865.3784996139403,95.73564582752795,7.806146287667482,-0.903473288750063,-0.428644394008769,15.56955524534715,-0.861589368488353,-0.507605910237304,0.020805346330338,0.026149689147309,35.90228275979606,26.6102122076493,10.78522233145622,-9.26746159390567,-36.454816632060435,14.985747189245755,21.21796157148629,45.46604731767658,37.018892228817215,39.409664389767954,10.471137669443841,22.36209672779576,36.373156572772494,54.30764949717143,75.34485277960535,-0.835229482508086,-0.5499015471421,-0.714935498432863,-0.69919041260629,-0.548104840337526,-0.83640963887235,-0.467682496329311,-0.883896533892505,-0.449245468108705,-0.893408366528874,0.039135969220196,-0.07326473140664,-0.203931241839414,0.064657522830823,-0.074716918558067,5627.129303910225,15376.830472396885,31689.453988792982,58107.440041328955,94841.00538135425,,-10.138999066025603,-10.183102650764752,-7.830398978068986,-7.578158622825882,-9.71671416150914,0.001803863357326,0.999998373037171,10.56131962721527,-0.003514256627257,0.999993824981113,8.73443215905114,-0.002111199904804,0.999997771414998,61.77166433361818,0.005196207927814,0.999986499620455,4236.720715941465,33.7427417690615,0.0,10.459564290852901,36.7056404793051,0.0,,1865.6827494878778,779.2013267771841,631.6212808862225,,629.8297762083885,,8.059497659517392,5416.100640003858,1.952236115160045,1545.954509,150.0,6.24515093285007,514.507026,6.881357669830322,972.9477620677769,458.4407360677769,89.10291072833219,89.10291072833219,True,-0.118549995,0.10362386,0.14721988,-0.06392013,0.00061856024,0.10613817,0.09238624,-0.17429249,-0.018627478,0.095246814,0.21412447
13,FreixodeEspadaaCinta_06092016,2016,196,p,2016-09-07 14:00:00,2016-09-07 15:00:00,251.583333,251.625,sat,2,3,176.0,176.0,3024.396484,3024.396484,17736.241802,17736.241802,1.0,1.0,3,646.9836288623595,-0.538369611941354,0.842708823341797,32.0,7.0,95.55921052631578,0.0,4.276315789473684,3.0,235,9.814444444444444,0.207416626432672,0.295630963688034,0.144095366012215,0.167110534844353,0.225328803464587,0.342305216204098,35.032110302975724,5.949295989244779,16.570055708920805,4688.541263889449,943.3487867530206,5978.491655299764,5.587176434697817,66342.63421636312,4.152903613621113,52.13891431520318,864.35467815176,95.95603803172466,14.144761238972482,-0.835615053780955,-0.549315466644307,21.155847570493812,-0.862454608609164,-0.506134417016679,0.000757287607641,0.000758570348226,33.46851535571565,23.7377483717169,9.431941144474674,-6.608650725220967,-35.00901512634901,17.911328163462336,28.156239810250298,25.05000252041258,16.434209056187697,45.707578937356224,13.468852997794869,25.377132694564494,41.41694807414415,51.40865939824258,31.783030059812234,-0.874046532343723,-0.485842216463239,-0.777892905971522,-0.628396870488054,-0.567536744845754,-0.823348069318126,-0.634134426435374,-0.773222819897007,-0.207064652185334,-0.978327261102013,0.06447728597386,0.142965969894617,0.003739725708993,0.083537933787068,-0.074216007597208,5355.462820980536,15013.046597092842,31174.052513435505,57701.14689268333,94790.15434693087,,-10.617680613680061,-9.205535335995084,-6.263711862790938,-7.916270857380654,60.94467398653808,0.002615562720181,0.999996579409978,10.763556547748056,-0.003375898638263,0.999994301637956,7.216840908136369,-0.001335926035393,0.999999107650416,61.97253108210921,-0.005640052304469,0.999984094778513,,27.734784262997298,0.0,0.0,27.734784262997298,0.0,,2640.4508068043433,57.96571894417866,617.8139641747387,,927.7789009792261,,9.692956595606951,6743.2268137393585,1.339932007248672,,1530.0,8.014797430967048,3024.396484,6.759853839874268,861.5161211112083,-2162.8803628887918,-71.51444509114803,71.51444509114803,True,0.305943,0.37512317,-0.082390465,0.016559672,0.015668303,0.018119683,0.078886606,-0.18463469,0.06694597,0.13405164,0.0293442
13,FreixodeEspadaaCinta_06092016,2016,197,p,2016-09-07 15:00:00,2016-09-07 23:30:00,251.625,251.979167,sat,2,3,3032.5,356.764706,1162.008933,951.145739,9195.29144,7984.057199,9.5,8.5,3,685.100256007928,0.545673203109565,-0.83799806408377,22.0,7.0,63.66816591704148,8.00599700149925,17.74112943528236,3.0,235,13.194661604489932,0.206882041491902,0.295802959277303,0.144190062730083,0.166549615865863,0.224740719123563,0.342851063925663,27.610732411076512,10.388629622941657,37.61723201943442,2546.48156095176,941.157343878891,6278.548225422475,9.331265266291124,35118.66941775397,2.397369969105612,52.94205737811093,860.4102747123779,95.9945201926623,12.355163050836955,-0.995491470295059,-0.094851107372453,23.352798044879957,-0.999879284521395,-0.015537579765971,0.029584028983175,0.026562348589811,27.36728943890254,20.434213335532938,9.639473397321716,-7.416430339562747,-34.85579964472601,38.795493161545,35.72367735272573,27.17299958029707,26.16048301553517,47.304712268248885,13.252980304692256,24.659451001266596,37.78483850413422,63.27411214941585,48.930142047610914,-0.997805943620942,-0.0662064866514,-0.999989253269259,0.004636091671943,-0.636358916229069,-0.771393109727955,-0.770316472573728,-0.637661769342941,-0.701017080042461,-0.713144482898621,0.064022165868134,0.06618416496339,0.013560440791072,0.019764825723266,0.054516981874145,5475.616342378057,14984.931013535766,31078.330635821512,57572.88906274452,94627.68080209405,,-7.564993371741949,-6.946225289185372,-6.660182332123046,-7.648404665073294,21.923663008520858,0.001990021102791,0.999998019906045,9.547842472500815,-0.006099901170244,0.999981395429792,9.729482976451916,-0.002301623226699,0.999997351261753,92.63884398595715,0.005936396665535,0.999982379442073,8212.128297015584,46.3118086440868,0.8780416452025,1.0423679758084,48.0209257949332,0.0,,1222.3858680057292,270.26720985664633,735.2254727649732,,939.8839234432154,,15.279544950396497,6751.2940290899605,1.436892450229974,3024.396484,1590.0,6.858718110259592,951.145739,6.164346218109131,474.4901744283302,-476.65556457166986,-50.113830617882826,50.113830617882826,True,-0.38580817,0.15416813,0.12744874,-0.05235115,-0.012496477,0.09316756,0.1282578,-0.19058,0.13068677,0.041712802,0.024534011
66,Fundao_06082020,2020,1975,p,2020-08-06 14:00:00,2020-08-06 17:00:00,219.583333,219.708333,airb,1,1,329.75,109.916667,966.92888,966.92888,10865.436703,10865.436703,3.0,3.0,5,449.18981831945496,-0.882340931022106,-0.470610753641523,21.0,6.0,0.0,0.0,85.35276073619632,29.0,227,18.738610271903326,0.205669698432307,0.288616854692947,0.10077440241191,0.154213688443065,0.230875855125597,0.332504238957836,33.35929604281131,13.37918666124538,30.048957285279922,3590.4420772250714,947.7301675435891,5952.427069088928,7.560630671946377,43344.80638964518,2.476823452194441,56.79207292115463,658.9170090564007,94.69089319329748,11.13579021362488,-0.763869051086844,-0.645371267404806,12.928167126922515,-0.780249612180644,-0.625468258740565,0.072980115446957,0.074722133366211,31.62325454092842,22.51857340491428,11.564926500525402,-7.003498878445303,-33.01525661027097,27.958723430959154,42.800991972075835,21.160236772783374,9.69977912731551,11.065073018701863,10.267962647634041,13.22156102892287,45.098354689276114,48.64076787658701,61.48564184300861,-0.816679653804072,-0.577091277929637,-0.370275384883764,-0.92892203082346,-0.26111857647541,-0.965306733126552,-0.342520210150915,-0.939510460632649,-0.044438889341267,-0.999012104588385,0.084570448277166,0.266812134306378,0.054954031239778,0.022580810212384,0.071064865604216,5381.792845972329,15011.330691862855,31189.375942280058,57746.856483529846,94943.8125095017,,-9.93452998623447,-7.048479127018343,-7.250808901842221,-7.250474563400973,-0.04323009414836,-0.002250329465108,0.999997468005444,14.18880232428024,-0.004867720188219,0.999988152579904,7.583275246099679,-0.002057673388946,0.999997882987871,32.59375156952409,-0.006493686757638,0.999978915793875,,0.0,0.0,0.0,0.0,0.003784119775493,,1889.1566645402154,355.55959981811213,708.8901150425111,,859.7005523544605,,10.84880415091704,5530.630814362824,1.023292016058369,,0.0,6.875158613503065,966.92888,6.895977020263672,987.2908334429302,20.361953442930144,2.105837757470864,2.105837757470864,False,0.12419038,0.16432738,-0.086405225,-0.051528867,0.14956635,0.016801605,0.070928544,0.057122376,-0.104666665,0.10224524,0.24804053
66,Fundao_06082020,2020,1976,p,2020-08-06 17:00:00,2020-08-06 18:00:00,219.708333,219.75,airb,2,2,96.25,96.25,543.675696,543.675696,5889.684117,5889.684117,1.0,1.0,5,462.42685032894735,-0.999830970198873,0.018385620228348,21.0,6.0,0.0,0.0,73.9946380697051,29.0,227,17.98043010752688,0.205657082373111,0.288859792043193,0.100424746774569,0.153994069738253,0.230956382574802,0.332882389752231,31.16348007584893,15.108293842991642,38.093760350574314,2814.848561115198,947.2268884922603,5997.795024429302,8.858215879392066,30983.004773260793,2.149612151641449,56.614580301184844,656.9558147787214,94.66224382193539,10.736489798054468,-0.98537437009679,0.170403493967568,14.734366825210747,-0.986228725698837,0.165387123460226,0.025409002047038,0.025410576141787,30.263408960328128,22.461100024045795,12.161875720762895,-7.279911747950585,-33.454891565736915,35.4605030833363,45.91579208846916,23.513616699896858,8.924113991032275,12.50034682852159,12.394792821953509,9.436601051178375,48.76883794751154,55.32294504693624,54.46825545888273,-0.975252991495369,0.221091841955633,-0.437715367459951,-0.899113595208859,-0.296229584047856,-0.955116764346032,-0.375986761936545,-0.92662503465451,0.009117918451812,-0.999958430917559,0.061532611932069,0.137950441420637,0.02319954474124,0.032785813359035,0.029574740688482,5384.430368693428,14987.872899733036,31195.158478003716,57749.973442069466,94871.9030635257,,-8.513452687843984,-6.627369693383381,-7.591849215471091,-7.295970819157467,-14.834329720577838,-0.013777993378777,0.999905078944224,15.448370735766169,-0.010298825794207,0.999946965687311,8.792218133927845,-0.004683021280134,0.999989034595725,37.96329725860505,0.001497495361755,0.999998878753192,,0.0,0.0,0.0,0.0,0.124999999999997,,1082.1962100656676,591.3825932576218,749.6562266622384,,895.1541314283267,,12.298728529844965,6377.240625622646,1.388152182353035,,180.0,6.300190564337808,543.675696,6.896285057067871,987.5953102855126,443.9196142855126,81.6515466024276,81.6515466024276,True,0.24465582,0.09811857,-0.08989877,-0.03694855,0.021901775,0.08929419,0.036981065,0.015586074,-0.08396345,0.04217268,0.25990072
61,Fundao_07082020,2020,1927,p,2020-08-07 12:30:00,2020-08-07 14:00:00,220.520833,220.583333,"airb,fops",1,1,54.5,36.333333,727.377197,727.377197,6824.212453,6824.212453,1.5,1.5,4,591.8328125,0.999676370114925,-0.025439242006131,22.0,7.0,0.0,68.63636363636364,31.363636363636367,4.0,234,14.223214285714286,0.200230576591192,0.282936247551623,0.099913439601662,0.154485516846179,0.22332594066858,0.326695861816402,35.55056152343752,12.965966796875023,25.81557143989293,4290.150356236396,974.2203125000001,4299.6953125,6.774230420601901,54928.52179883633,1.85223388671875,59.37148296823296,707.2950543220575,95.45106596476319,12.791839801170859,-0.242510427681535,-0.970148799136359,14.564497441137917,-0.282451760588475,-0.95928150349127,0.000747349627271,0.000747395522842,30.44769287109375,21.009063720703125,11.304595947265625,-7.528610229492188,-34.6214599609375,27.675889015197754,43.32175827026367,26.030357360839844,12.93373966217041,9.452013969421387,12.835000338528515,17.537587349385586,35.182516071961956,52.77848867759593,34.39007601446547,-0.240378973475456,-0.970679117479554,-0.1465572268247,-0.989202193318158,-0.333486426485317,-0.942754900994979,-0.592393228024093,-0.80564897032839,-0.67412182196477,-0.738620179219941,0.069151288419237,0.041682918048673,0.059732457771933,0.07042651533718,-0.00128814946598,5782.66552734375,15346.23583984375,31483.126953125,58036.251953125,94846.77734375,-25.732637381242768,-10.29891579097656,-6.244654327180234,-7.354203504585756,-7.551816369085568,13.019749343836937,-0.010363671950468,0.999946295709776,9.204454828872015,0.000249294737941,0.999999968926066,8.044010230547542,0.001125229140323,0.999999366929491,33.92992563368752,-0.003262786878191,0.999994677096727,,0.0,0.0,0.0,0.0,19.38499999999928,,1811.4403857421887,106.84172851562698,702.3441480276366,,919.2605764057051,,10.409424870950744,15403.026580810547,1.172862074122571,,0.0,6.590819041762105,727.377197,7.243244171142578,1397.6239944095364,670.2467974095364,92.14569829435227,92.14569829435227,True,0.2602369,0.2401874,0.1477308,-0.004197269,0.15350497,0.10855621,0.021537099,-0.12177929,-0.07880927,0.14117232,0.015315438
61,Fundao_07082020,2020,1928,p,2020-08-07 14:00:00,2020-08-07 15:00:00,220.583333,220.625,"airb,fops",1,1,65.25,65.25,897.781552,1178.859795,8600.636592,12876.096115,2.5,1.0,4,589.0634615384615,0.971226790384346,-0.238156506607991,22.0,4.0,0.0,20.0,76.53846153846153,20.0,223,16.473787878787878,0.200131268569825,0.282872746435206,0.099869892001154,0.154430809319019,0.223208203017709,0.326651306152339,36.01198730468752,13.371728515625023,25.84540559947297,4397.616215230657,973.858125,4299.6953125,6.732085619860626,55551.3762054788,2.187110900878906,59.37148296823296,707.2950543220575,95.45106596476319,12.605461056374182,-0.34153985441154,-0.939867292679421,14.548490615786205,-0.351836394011086,-0.936061510718861,0.002219781620379,0.002220783592257,31.134490966796875,21.688079833984375,11.313858032226562,-7.513031005859375,-34.39899444580078,27.047170639038086,42.21596336364746,23.472829818725586,12.779689311981201,8.165235757827759,12.697215266146674,17.279224388006377,34.954414771010846,52.89904478974211,38.81812413353631,-0.298705558833228,-0.954345319641758,-0.215003700717508,-0.976613233925169,-0.361036392944623,-0.932551726699134,-0.624622237312294,-0.780927052070156,-0.658193159285432,-0.75284909847184,0.064699955380855,0.067838239118446,0.089464732248393,0.065637097582128,-0.02767734040856,5755.544921875,15340.34619140625,31489.3271484375,58046.20703125,94864.296875,-24.912918862530006,-10.30740706448384,-6.675629264573978,-7.351736716778962,-7.494149224499251,12.011862684806216,-0.011994259820419,0.99992806627845,9.122740547441829,-2.6649813491e-05,0.999999999644894,8.06732991336165,0.001023947699616,0.999999475765417,34.20963640872147,-0.002675039924241,0.999996422074301,,0.0,0.0,0.0,0.0,10.579999999999087,,1921.5293090820342,113.33611816406392,701.7388357633189,,919.5739333884715,,9.89891826614894,15255.2095413208,1.069539849086864,727.377197,90.0,7.0731508926037066,1178.859795,7.09344482421875,1203.0483997861695,24.188604786169435,2.051864427709101,2.051864427709101,False,0.25404373,0.37622553,0.12122372,0.0009015745,0.0023445515,0.06861304,0.020072432,-0.09992125,-0.07723433,0.14771825,0.021350654
61,Fundao_07082020,2020,1930,p,2020-08-07 15:00:00,2020-08-07 16:00:00,220.625,220.666667,"airb,fops",1,2,69.0,69.0,479.132845,479.132845,4664.757528,4664.757528,1.0,1.0,4,552.0075908687943,0.842253940448903,-0.539080977032482,22.0,4.0,0.0,7.063197026022305,69.88847583643123,10.0,223,13.669242424242425,0.200041562739013,0.282815960712701,0.099836273789408,0.154382916390895,0.223100848793981,0.326611938476558,36.07021484375002,13.960839843750023,26.776898821438593,4356.4799066310425,973.5725,4299.6953125,6.85108295769777,52244.266879464136,2.493682861328125,59.37148296823296,707.2950543220575,95.45106596476319,11.910283964755797,-0.50221819202608,-0.864740936696104,14.360567443436103,-0.473532578708176,-0.880776303553851,0.006384824145241,0.006391216681164,31.589263916015625,22.217849731445312,11.230484008789062,-7.5841064453125,-34.22959899902344,27.348523139953613,42.15363121032715,21.952475547790527,12.64234209060669,8.174346208572388,12.382779801195628,16.746412470916866,33.6907674844269,53.367275374887654,42.054657916159684,-0.406651306570321,-0.913583447127109,-0.324621266565631,-0.94584408508661,-0.374831565897514,-0.92709292803193,-0.625945116987842,-0.779867110807397,-0.642854238883557,-0.765988529646132,0.058890378866418,0.092503784428931,0.087850324891004,0.04951821713752,-0.043610189551204,5727.206298828125,15328.21337890625,31483.490234375,58047.890625,94876.25,-21.73845451911979,-10.225574497251918,-7.070176593516926,-7.346934226507765,-7.427120765222188,10.655412296746501,-0.014893053483715,0.99988909232871,8.694357851074734,-0.000830531594663,0.999999655108576,8.190383505620177,0.000577104224337,0.999999833475343,34.18804577491923,-0.002458977383805,0.999996976710543,,0.0,0.0,0.0,0.0,22.70999999999974,,2021.2066723632856,86.01860839843903,707.0337763996652,,921.4731598818476,,9.693961634098585,14892.725944519043,0.910827182205437,1178.859795,150.0,6.174062826027504,479.132845,6.948798656463623,1040.8972994460908,561.7644544460908,117.24607492648325,117.24607492648325,True,0.26604348,0.16384922,0.17412414,-0.11272083,-0.013121724,0.14125426,0.031940892,-0.16228417,-0.074047096,0.12800358,-0.003876004
61,Fundao_07082020,2020,1933,p,2020-08-07 21:00:00,2020-08-07 22:00:00,220.875,220.916667,fops,1,3,22.5,22.5,183.948988,698.908535,2358.407701,9206.813486,6.0,1.0,4,482.74618055555555,0.605265942978908,-0.79602332771713,31.0,7.0,0.0,0.0,95.55555555555556,10.0,233,25.746956521739133,0.198166061267174,0.280926179437759,0.100606051714913,0.154026920904415,0.220524978135005,0.324714601750238,28.70210525538259,17.326758469929203,50.35936142562878,1956.3430806860747,975.061923159383,4281.725289011785,10.747943905495998,13259.846813607228,2.560860080827494,60.09533779317596,714.7412156140604,95.50925181795557,6.696136637487825,-0.782229599587018,0.62299025155289,13.130838471036656,-0.768827092983597,0.63945672339447,0.006033113323125,0.006048068907508,27.247307661143246,21.596417653895095,10.474697492240107,-7.978630139117677,-34.322493770268004,51.52064294596329,51.53699223316056,19.52918980131933,12.261895054975863,9.240345506523845,9.452225999560529,12.753292621491967,38.020244231463195,62.95216479689308,53.2267788204501,-0.705793280929061,0.70841784604525,0.026240056222496,-0.999655670443298,-0.142629630113792,-0.989776130553573,-0.517826759334691,-0.855485503861364,-0.472777514493623,-0.881181832421227,-0.097360064085808,-0.051803582457101,0.203707219156107,0.054060064624833,0.079693024383828,5858.8638585011995,15407.44327467081,31573.85886810098,58134.00844053381,94950.94193956107,14.310679772830545,-6.165942045335159,-7.156631311947318,-7.205864230663,-7.343045215497381,27.274397927706058,0.019457268148409,0.999810689438856,12.245651747276058,-0.01415073137978,0.999899873388039,10.969952808418547,-0.005771603371382,0.999983344158553,72.47156260404401,0.004642090247505,0.999989225441021,,0.0,0.0,0.0,0.0,296.85355447791187,,190.7711270693214,93.05147187341055,825.581365558302,,949.9250083419842,,16.156247695879145,13242.04653431853,1.503472045344336,118.909995,510.0,6.550949662220369,698.908535,6.442104339599609,626.7263603606109,-72.18217463938913,-10.327842775505543,10.327842775505543,False,0.27528876,-0.14145203,-0.101126105,-0.050867453,-0.022592664,-0.008263468,0.074661754,0.016613685,-0.14263994,0.00029013352,0.2412351
137,Fundao_13092024,2024,2805,p,2024-09-13 12:35:00,2024-09-13 14:45:00,257.524306,257.614583,airb,1,1,16.0,7.384615,416.767871,416.767871,5914.371227,5914.371227,2.166667,2.166667,4,495.3655894886364,0.714772787193542,0.699356749225727,22.0,7.0,0.0,0.0,100.0,23.0,233,20.723529411764705,0.208465664234756,0.282555179642351,0.105326724052431,0.163703508675099,0.231548689901827,0.321755981445311,26.396997070312523,8.131250000000023,31.488485502281037,2354.5031151172952,960.9909375,5187.6748046875,8.449757350274407,26901.67918898928,-0.003463745117188,43.302116054026314,851.4711129644188,91.98815107986208,11.440104060934711,0.991999265798141,0.126243640061391,16.477359318125504,0.953605421023824,0.301059298135726,0.000410884302943,0.000411920152161,23.445404052734375,14.008926391601562,8.015853881835938,-7.78753662109375,-38.10279083251953,35.00705337524414,56.875810623168945,15.891125202178955,6.093267202377319,40.71876335144043,13.94488125372688,18.79289919133971,7.92752479226708,35.32873197384028,71.3559724716178,0.952979365810211,0.303035193236641,0.976149231879365,0.217100615156489,-0.117791227235001,0.993038381325955,-0.958148298062808,0.286272316019809,-0.992676819420814,0.12080038155808,-0.00156833457086,-0.02994685173131,-0.024926166980505,-0.017297297537664,-0.026299398876044,5851.510009765625,15201.3896484375,31047.22265625,57446.619140625,94136.67578125,,-10.296568203595136,-3.856436752116321,-6.171086788420142,-8.45002409329875,110.92137990901645,0.005006065732474,0.999987469574435,-1.881542059994332,0.012205952571966,0.999925504586122,4.484324354807117,0.012956183826634,0.999916065127794,41.75936525451298,0.000999356096905,0.999999500643571,,0.0,0.0,0.0,0.0,0.0,,1376.8549584961124,167.8448583984407,733.9149286813097,,623.2825568538933,,16.464923099505043,6972.461700439453,1.260362546622055,,0.0,6.034925945734647,416.767871,6.148438930511475,466.986257191694,50.21838619169398,12.049485981536705,12.049485981536705,False,0.23971076,-0.051364552,-0.09425737,0.019116981,0.20060328,-0.24204467,-0.08883328,0.12204635,-0.07357089,0.07888269,-0.08344445
137,Fundao_13092024,2024,2806,p,2024-09-13 14:45:00,2024-09-13 16:00:00,257.614583,257.666667,airb,1,1,67.25,53.8,708.26961,1278.125814,8447.063679,12758.904092,3.416667,1.25,4,500.9253601301115,-0.835310834907552,0.54977796344165,22.0,6.0,0.0,0.0,40.65040650406504,22.0,227,18.741666666666667,0.21166738559869,0.284506790460255,0.104427736098401,0.165444930752887,0.235575011963465,0.323046158111877,27.067539783975768,8.348173938168959,30.720711816343645,2475.629814935981,957.1505279361436,5454.7976096423,8.279821404992472,23113.679769049857,0.684946108980087,41.59381030752032,823.8054123722447,91.69455779662499,9.331362388785577,0.996416646818139,0.084580529341544,14.474231870771517,0.948916209525661,0.315528171958467,9.2493880275e-05,9.2565807895e-05,24.893744541721095,15.516416639560461,8.146524421600287,-8.294008354958414,-37.91382628436794,31.575287438374705,50.37642946583765,13.854254501393266,5.474243698467522,40.668412334580424,11.441260421311027,17.384480231447935,7.677854288361103,32.30508377131942,66.55092153974131,0.947446622908746,0.319913889568446,0.968727885371251,0.248125541015318,-0.702012685933173,0.712164439430173,-0.932079702732084,0.362253264657297,-0.973694608644254,0.227856992644759,-0.005986745568267,0.007926663093876,-0.011878809568889,-0.072273868498095,-0.05076868341072,5782.523247918711,15181.45837190305,31047.51229151566,57427.783719973704,94125.4100723532,,-10.232027222377983,-4.742396018430483,-6.419885314686205,-8.256179327973424,2.734545517087933,-0.001306311723318,0.999999146774477,-1.384113429504599,0.030359977684935,0.999539029630644,4.225475596404671,0.013380453085752,0.999910477730492,37.25322799389379,0.002187169143942,0.999997608142707,,0.0,0.0,0.0,0.0,0.0,,1615.4358594667524,62.45550703954996,726.3577955356008,,628.3277156149622,,15.31000131481575,5720.939725235797,1.103718503335041,416.767871,130.0,7.153932165779238,1278.125814,6.470641613006592,644.8980106105013,-633.2278033894987,-49.543464066949724,49.543464066949724,True,0.30897054,-0.06273125,-0.09625154,0.10717103,0.01982742,0.12913665,-0.0796048,0.073886305,-0.08818464,0.0833124,-0.0981838
137,Fundao_13092024,2024,2807,p,2024-09-13 16:00:00,2024-09-13 17:35:00,257.666667,257.732639,airb,1,1,87.75,55.421053,726.883462,766.753214,8951.839835,8849.610013,5.0,1.583333,4,480.09589285714287,-0.342370508078986,0.939565024464905,32.0,6.0,0.0,0.0,15.19756838905775,22.0,227,19.483333333333334,0.212202978607453,0.284838147209354,0.104159209355599,0.165710402618794,0.236267568614742,0.323269453347926,26.950500530384218,8.183140604181279,30.582287192706012,2463.4524367025806,956.5456862647324,5503.959712465909,8.272976430784183,22013.590679670808,0.851076240221641,41.279408462353636,818.7137317221042,91.64052398554223,8.933291129066795,0.996941980707046,0.078145294829005,14.531789474060817,0.952313824038157,0.305120272262959,8.645801909e-06,8.646347663e-06,25.147123254526633,15.910881941112862,8.20872946066958,-8.411750502690222,-37.78397201564312,30.441307172144477,47.954198772078456,13.135686617266735,5.778752553176664,38.77098327422405,11.16677254248797,17.94270019820502,8.655616402080291,31.238569925850612,63.64413155930969,0.946514590202218,0.322661014896945,0.980049229316648,0.198754894570785,-0.756155841451644,0.654391582646473,-0.903826365419815,0.427899405435445,-0.969564724105861,0.244835139981019,-0.010602211811168,0.014958469506764,-0.021458608327578,-0.063907083299505,-0.026768854444879,5761.6532138836765,15171.141773209445,31043.36999287727,57426.400886143296,94126.57288156715,,-10.078081254845191,-4.956199653447371,-6.490153128854042,-8.187164710121912,-6.918005649509864,0.004231115313657,0.999991048791539,-0.929751184610649,0.029772970225832,0.999556686858695,4.059541155484039,0.013616091011145,0.999907296735841,39.96921973489469,0.002749713029071,0.999996219531983,,0.0,0.0,0.0,0.0,0.0,,1639.152724826308,11.77678584134128,725.3222217351995,,626.0832130164655,,15.343740077965059,5583.630343125886,1.091253234282446,1278.125814,205.0,6.643468345570717,766.753214,6.502089500427246,665.5328997908272,-101.22031420917278,-13.201159429267523,13.201159429267523,False,0.3121552,-0.10575646,-0.09625154,0.106396884,0.04855726,0.063568264,-0.08167058,0.114294186,-0.0988332,0.08630693,-0.091731645
137,Fundao_13092024,2024,2808,p,2024-09-13 17:35:00,2024-09-13 18:55:00,257.732639,257.788194,airb,1,1,65.25,48.9375,667.381775,505.049248,7819.787488,5966.651813,6.333333,1.333333,4,502.87647637795277,0.015165021032963,0.999885004456547,22.0,6.0,0.0,0.0,49.09090909090909,21.0,227,19.12257575757576,0.212317227578162,0.284913734655478,0.103951786756517,0.165748535394669,0.236435291767119,0.323324584960937,25.951562500000023,8.107324218750023,32.266691256658305,2266.3091677341317,956.571875,5519.16015625,8.59858037839221,15823.11393201829,0.880508422851562,41.182198471352685,817.1394336135245,91.62381725697225,6.981886742239288,0.996590364692144,0.08250845412913,15.200009513249581,0.939528943353932,0.342469509008094,,,24.923858642578125,16.073211669921875,8.31219482421875,-8.49761962890625,-37.709014892578125,31.08503532409668,45.95979309082031,12.173262596130371,6.71377420425415,39.407161712646484,10.505447702843716,20.671674381609634,10.117598938803374,29.276392531987934,62.43392118834825,0.92629275636906,0.376804630409726,0.996506631322171,0.083513673915943,-0.700267082997959,0.713880951188312,-0.835708556879317,0.549173203970013,-0.977443324803134,0.211197885400861,-0.020053038918186,0.022251098673882,-0.017840533064824,-0.077392516795565,-0.022143825667775,5778.0595703125,15187.80078125,31065.546875,57454.01171875,94148.78125,,-9.657341804055935,-4.994077837168351,-6.564086603330021,-8.142336265940589,-80.01012161408724,0.002943133449679,0.99999566897337,0.585244675194076,0.030791770386491,0.999525821015378,4.111165051118262,0.014305619821528,0.999897669384984,72.38832954639192,0.006391931667757,0.999979571396113,,0.0,0.0,0.0,0.0,0.0,,1062.2526318359533,,734.9280612586325,,613.0866395163433,,16.664473598789698,5252.723693847656,1.563944020442162,766.753214,300.0,6.226633992614638,505.049248,6.399162769317627,600.3413656146964,95.29211761469645,18.86788624912406,18.86788624912406,False,0.3397827,-0.15910089,-0.08647309,0.09475669,-0.002155865,0.14403954,-0.09031963,0.10642188,-0.08516533,0.06841119,-0.105231084
137,Fundao_13092024,2024,2809,p,2024-09-13 18:55:00,2024-09-14 02:45:00,257.788194,258.114583,sat,1,1,692.25,88.37234,672.54776,681.547242,7675.215948,7885.003447,14.166667,7.833333,4,492.2462052764727,-0.294681021195953,-0.955595675872861,31.0,6.0,0.0,0.0,70.1953125,27.0,227,21.585494186046514,0.212484693541146,0.284947432624784,0.105936292555142,0.165748595571966,0.236474927766907,0.323287506214011,20.224931799547544,4.166108047407322,34.77996237435431,1559.642353220929,958.0934402990808,5517.420454929228,9.508021778208724,14470.943503806087,0.948183056569054,39.47138536425395,819.746246591081,91.84923464486428,9.320028205700387,0.799401740585993,0.600796851812727,23.051808827127473,0.85020187567526,0.526456807913308,0.006223111702553,0.006702111847594,20.385172323085406,15.841129991392323,7.944763878254215,-8.421292049435847,-37.8865911206976,33.775279220731065,40.48099637932452,11.589044892199068,8.335628435569655,35.572260555389114,14.861958455899009,21.416507519415134,6.063324945080607,22.657968940700094,53.5426078279495,0.838594544156663,0.544756083500385,0.948334861678919,-0.317271161822857,-0.274166565237041,0.961682221165663,-0.705897944494112,0.708313554832171,-0.976831389179615,0.214010366836336,-0.078776465166994,-0.073889161378386,-0.007148726375434,-0.031909506535739,0.013443758489434,5892.207278618893,15241.204883405746,31128.86167615305,57516.27521507447,94173.79851974509,,-4.95821041160443,-5.08117271020013,-6.390802751801283,-8.213108995621546,-200.58987709927902,-0.070863293301735,0.997486036825796,-1.260061605897238,0.014858464826449,0.999889606918184,2.490422531276899,0.016025118190575,0.999871589548867,142.914459527153,0.023005028398873,0.999735349314191,,0.0500392449906,0.0,0.0,0.0500392449906,0.0,,228.41767190205343,11.947964403139695,753.5734165054128,,559.1026210210314,,22.085852056710525,7443.708782846169,2.199040715974444,505.049248,380.0,6.525831743711206,681.547242,5.57035493850708,261.52726374052645,-420.01997825947353,-61.62741955009974,61.62741955009974,True,-0.34950125,-0.16746461,-0.107128136,-0.032600977,0.0032021333,0.15130378,-0.15382716,0.15104176,0.15338486,0.065166965,-0.09100766
92,Fundao_25082023,2023,2488,p,2023-08-25 11:30:00,2023-08-25 12:30:00,237.479167,237.520833,airb,1,1,22.75,22.75,807.492976,807.492976,8687.278595,8687.278595,1.0,1.0,4,659.5827376994681,0.099339869249224,-0.995053561562164,21.0,6.0,0.0,0.0,67.81609195402298,32.0,227,18.184615384615384,0.192779418417809,0.267176422675791,0.106055723130705,0.156722012162208,0.211727632284161,0.306539916992184,33.38662109375002,6.505761718750023,18.86536324263076,4161.259717342892,965.575,4563.87939453125,6.05929656513752,34633.876564705926,2.341079711914062,58.350015987525914,847.4010971680965,96.54873969136032,8.322930775111738,-0.962159811048725,0.272485775780466,12.120042556133388,-0.973437647454464,0.228952280002446,,,30.167999267578125,20.583984375,9.901824951171875,-11.1561279296875,-37.40382385253906,20.455236434936523,32.0252685546875,51.10951232910156,62.45207214355469,69.86935424804688,10.38300694141894,21.320207898190546,62.717844034037675,80.51034555765555,92.44573821859207,-0.978042369720151,0.208406149218761,-0.996664931580991,0.081602782775217,-0.942967919702338,-0.332883616917753,-0.994147725817421,-0.108029159267534,-0.911273123820955,-0.411802493680646,-0.032491464012927,-0.106699267192561,0.037187883481099,-0.071190535763046,-0.02176328147498,5677.25537109375,15224.2431640625,31378.921875,57712.72265625,94306.203125,,-10.457552759559622,-6.873781708278968,-8.222947777576875,-7.31623958667255,11.824599164578053,-0.002331780864712,0.999997281395304,20.909257934046664,-0.003835279704394,0.999992645287749,13.907067590935123,-0.001121724336876,0.999999370867058,29.109503166473832,0.002148010603907,0.999997693022562,,43.7786865234371,0.0,9.0764160156222,48.162231445310596,5.440000000000495,,1433.7215429687674,,652.3150248879167,,613.4183699732458,,7.792667451604046,5191.503524780273,2.127477492352106,,0.0,6.6951719912861645,807.492976,6.743881702423096,847.8493295500585,40.35635355005854,4.997734314664619,4.997734314664619,False,0.24386582,0.115525976,-0.08385938,0.103924885,0.14144683,0.1412555,0.04281709,0.012297707,-0.21786527,0.13689603,-0.070120625
92,Fundao_25082023,2023,2489,p,2023-08-25 12:30:00,2023-08-25 14:00:00,237.520833,237.583333,airb,2,2,9.75,6.5,159.945376,159.945376,1595.455122,1595.455122,1.5,1.5,4,660.2634148848684,0.070279581818001,-0.997527333149066,21.0,6.0,0.0,0.0,33.33333333333333,32.0,227,17.1,0.192648115536568,0.267097060786602,0.105972093939783,0.156642685234546,0.211576534807678,0.306488037109371,34.40651855468752,6.967553710937523,18.399577780164904,4429.6670988231135,965.010625,4563.87939453125,5.894891567073344,51703.500273971076,2.510459899902344,58.350015987525914,847.4010971680965,96.54873969136032,11.659479536258614,-0.980330921280341,0.197360798492604,16.60264110058172,-0.982309407472588,0.187265127535411,0.000147677748455,0.000149131568192,30.8101806640625,21.153396606445312,10.132476806640625,-11.183319091796875,-37.638084411621094,20.648266792297363,33.35186576843262,49.65414619445801,63.420549392700195,58.479942321777344,14.136626482340086,20.454754541641016,65.0268233758758,82.03918626840778,96.0134901554777,-0.986383033516208,0.164464315860196,-0.992093910158588,0.125497702872373,-0.926965241840877,-0.375147224991582,-0.991900037499171,-0.127020925871066,-0.925913875585205,-0.377734688635801,-0.047401565798489,-0.073217795165088,0.1251134139376,-0.062094220980971,0.008608257626565,5633.6689453125,15206.6298828125,31365.263671875,57712.283203125,94293.22265625,,-10.536954491630636,-7.09176805200299,-8.323633237381705,-7.373957769776036,16.779554652372795,-0.003583912524224,0.999993577764887,20.478368982933645,-0.003920246130802,0.999992315805614,13.53801386004761,-0.001075045249799,0.999999422138689,41.40482493674431,0.001611160021184,0.999998702080851,9579.874375000029,66.3002929687503,0.0,8.1176147460929,67.62445068359389,10.554999999999126,,1647.7521826172128,179.8025488281155,647.1738219621899,,623.233161247508,,6.859878647908445,11543.004417419434,1.974743721338438,,60.0,5.081065027913045,159.945376,6.864879608154297,957.0304938010411,797.0851178010411,498.3483347471333,498.3483347471333,True,0.2385113,0.13909073,-0.098862514,0.091434166,0.08641673,0.11895228,0.037465375,-0.1282067,-0.08602454,0.11453237,-0.085479
92,Fundao_25082023,2023,2490,p,2023-08-25 14:00:00,2023-08-25 17:45:00,237.583333,237.739583,airb,2,2,87.75,23.4,426.72594,537.922195,4773.011703,5866.978821,5.25,3.75,4,646.876460694051,0.285622586998207,-0.958342181997877,21.0,6.0,0.0,0.0,62.93103448275862,25.0,227,20.103132530120483,0.192501209864763,0.267006512227816,0.105890688225629,0.156556875407695,0.21140544146299,0.306427307128902,33.79360351562502,7.970727539062523,20.463651758853697,4180.747633193918,964.45578125,4563.87939453125,6.232768984123893,57403.772473643585,2.496601104736328,58.350015987525914,847.4010971680965,96.54873969136032,13.723058911025023,-0.968317618562824,0.249721824398311,19.8071012737479,-0.970191175383779,0.242340840981131,0.001222665078803,0.001258789311597,30.338516235351562,21.132110595703125,10.138908386230469,-10.7679443359375,-37.91353225708008,23.00924253463745,35.85349178314209,48.21833324432373,57.56038475036621,67.68773555755615,16.61009282466912,24.78012998776394,61.8924045273852,80.77315567275284,100.99498423671203,-0.973691700709973,0.227869418677718,-0.98099536481343,0.194031168152349,-0.960786340553816,-0.277289754237705,-0.981437803762954,-0.191780701179628,-0.958886355933913,-0.283790338813325,-0.079905720627362,-0.178304728621399,0.00812665496792,-0.036620335028509,-0.082680165758558,5581.1827392578125,15151.081298828125,31307.888671875,57658.33203125,94234.349609375,,-10.045526199785794,-7.07393227012944,-8.163944477439738,-7.566516525332679,21.832782756556394,-0.002073376131551,0.999997850553399,18.530245577275593,-0.003520177187955,0.999993804157088,12.895193823968777,-0.001468114687648,0.999998922319051,53.67199257178904,0.001123792412326,0.999999368545108,9512.00783203133,66.7461242675781,0.0,14.3504943847655,70.5382080078125,8.902499999996742,,1572.2576318359486,136.31184733073474,662.2129985274036,,624.2327732466916,,7.654516749955178,9555.342721939087,1.87327043614232,159.945376,150.0,6.289571209840089,537.922195,6.923421382904053,1014.7894606592666,476.86726565926665,88.64985867691641,88.64985867691641,True,-0.064308055,0.35686043,-0.0769542,0.018939044,0.012983492,0.12745124,0.06638489,0.14367305,-0.06817269,0.09438661,-0.09289495
92,Fundao_25082023,2023,2491,p,2023-08-25 17:45:00,2023-08-25 18:45:00,237.739583,237.78125,airb,2,2,13.25,13.25,452.893231,710.979197,6007.975503,9235.763881,6.25,1.0,4,550.8706430288462,0.940757653533291,0.339079691692876,22.0,4.0,0.0,0.0,94.23076923076923,25.0,223,18.112000000000002,0.192382554799316,0.266926537279848,0.105846905708315,0.156488443017006,0.211264858841892,0.306367797851559,30.846337890625023,9.902001953125023,27.419682843471787,3225.7343917572357,964.44875,4563.87939453125,7.459603711962718,41219.04168313427,2.24395751953125,58.350015987525914,847.4010971680965,96.54873969136032,12.778188368038567,-0.937680201836473,0.347499408753327,18.744473018269467,-0.945547901072829,0.325482974634262,,,28.59271240234375,20.671234130859375,10.183319091796875,-10.539337158203125,-37.920166015625,28.597618103027344,33.80034637451172,45.00794982910156,52.91810607910156,57.277000427246094,15.530703579293998,29.94665676509167,62.5450278621224,79.79140568696056,102.65843624914287,-0.951179242884037,0.308639025248832,-0.969038665488785,0.246909021276492,-0.993876861103518,-0.110493370674529,-0.956358879798779,-0.292194614991488,-0.964429092719254,-0.264341682518508,-0.089047683939945,-0.224900810894545,-0.189324840942827,-0.026546923417753,-0.075654920035879,5555.541015625,15085.021484375,31247.8515625,57607.7578125,94196.53125,,-8.64348374728673,-6.748788863109525,-8.09201735422788,-7.632087196963103,25.23054688139622,0.000380375792541,0.999999927657126,19.212071516372703,-0.002899596920122,0.999995796160014,12.95412818103352,-0.002080455547129,0.999997835850016,56.638576356666256,0.00376096662127,0.999992927540027,,44.8547363281224,0.0,9.6887207031249,48.4722900390601,9.739999999995797,,1010.3529614257782,,709.9163114251348,,632.1185134179361,,10.336919521755249,7765.35177230835,1.889532080342272,537.922195,375.0,6.568048693288501,710.979197,6.713006019592285,822.041001988551,111.06180498855099,15.620964081252996,15.620964081252996,False,0.27707332,0.14766593,-0.079383396,0.10848303,-0.011570083,0.0077154394,0.025927171,0.02842923,-0.085639015,0.1420454,-0.080287404
92,Fundao_25082023,2023,2492,p,2023-08-25 18:45:00,2023-08-25 19:30:00,237.78125,237.8125,airb,2,3,9.5,12.666667,403.973191,394.914431,5956.492835,5314.684737,0.75,0.75,4,626.8059430803571,-0.218818208501896,-0.97576564380389,21.0,6.0,0.0,0.0,85.71428571428571,25.0,227,20.905454545454546,0.192374558258054,0.266918581266301,0.105858120918276,0.156476020812988,0.211256285309788,0.306359863281246,28.978173828125023,10.757958984375023,32.31474332449183,2702.6356496035014,964.25875,4563.87939453125,8.302358222669403,27654.555769995488,2.202117919921875,58.350015987525914,847.4010971680965,96.54873969136032,10.232439498107203,-0.944470123690953,0.328597299829435,17.81495289478307,-0.933708264526008,0.358034742386588,,,27.18402099609375,20.664703369140625,10.260467529296875,-10.667388916015625,-37.8248291015625,34.35856246948242,32.30792236328125,45.35249710083008,64.91068267822266,45.83277893066406,14.3879119096643,32.15511716974566,66.13175467968011,80.45476959255383,105.62185007495997,-0.935841139806896,0.352422134726141,-0.969797562057469,0.24391123103988,-0.99767313109162,-0.068178614666496,-0.94380731096743,-0.330496232602476,-0.968841083412827,-0.247683174825137,-0.083499798208132,-0.20354380915613,-0.161134431237452,0.011331358925691,-0.034091618606705,5564.494140625,15067.21875,31235.5546875,57591.390625,94190.859375,,-7.113522756833883,-6.69494277018657,-8.172146248976096,-7.569820206016931,35.48283667676305,0.007211261425527,0.999973998516288,21.371044534604433,-0.00272611125611,0.999996284151806,13.457762902208678,-0.002276982527961,0.999997407671924,67.51304823897362,0.007146545678287,0.999974463116368,4824.591269531106,54.2384033203099,0.0,16.0289306640628,57.057250976560304,2.579999999998855,,672.8816308593692,,738.0623043471214,,647.677687314923,,12.259790851321696,7193.95637512207,1.919552957912984,710.979197,435.0,5.98119810457178,394.914431,6.746518611907959,850.09062214252,455.17619114252005,115.25944746813268,115.25944746813268,True,0.30548054,-0.11409201,-0.07817222,0.0694884,-0.051832467,-0.028392961,0.017789956,0.13315217,-0.06563945,0.11921153,-0.045026287
37,Gois_17062017,2017,835,p,2017-06-21 01:00:00,2017-06-21 02:00:00,172.041667,172.083333,rep,13,8,14.0,14.0,,446.323558,,6899.418335,0.0,1.0,3,796.36328125,0.638398102330798,-0.769706348512494,22.0,7.0,0.0,0.0,100.0,27.0,233,23.814285714285713,0.225863676443696,0.289670939722895,0.127457164227965,0.172872328758241,0.250886785984039,0.323431396484376,20.572045898437523,17.615380859375023,83.20503954150945,407.34766520972835,946.93125,6148.98291015625,18.208806776339266,1084.641295177649,3.962387084960938,36.790059768005264,297.25312002295783,92.42150985468425,2.617318551098969,-0.37186104388596,0.928288405636979,5.737823333463707,0.842600531976563,0.538539082623362,0.011873557242949,0.011888818719652,25.052078247070312,22.166015625,8.241241455078125,-9.263885498046875,-38.596824645996094,67.04988861083984,36.828596115112305,42.88701629638672,9.717287063598633,40.78879737854004,4.378877652190202,25.882947656446678,27.800714720084084,23.978822114816662,20.16446268374614,0.88743358252311,0.460935610047866,0.421215728365374,-0.90696047883997,-0.062406073131045,-0.998050841408574,-0.65808267566806,-0.752945676649761,-0.445297584949754,-0.895382633759398,-0.021529221322346,-0.020881654677494,0.03317176760166,0.011154615998516,0.068838143641121,5588.5390625,15142.01806640625,31283.2177734375,57561.6328125,94254.36328125,,-3.149113651843926,-8.960347265330658,-6.83560009796764,-8.176215208316389,-9.092913024661055,-0.116141793483288,0.993232643345196,10.034714204547548,0.020115449120128,0.999797663883396,4.06464953452794,0.012012799533387,0.999927843720421,25.402630485446416,0.09591191702904,0.995389825230203,,0.0997924804688,0.0,0.0,0.0997924804688,53.337499999999466,,29.112758064272008,5.4200588226342,906.2543572919384,,753.9624209762599,,20.740497509227666,3271.9316959381104,0.901857284496359,18.759718,4920.0,6.103282176165733,446.323558,4.98015832901001,144.4974162919166,-301.82614170808336,-67.6249631681067,67.6249631681067,True,0.3067289,-0.23815307,-0.103623606,-0.06546624,-0.18896426,-0.27009922,-0.10735517,0.010280639,-0.25204968,-0.30628508,-0.067899816
37,Gois_17062017,2017,842,p,2017-06-21 03:00:00,2017-06-21 04:00:00,172.125,172.166667,rep,2,8,64.25,64.25,297.657913,629.498076,3109.925741,5446.945216,11.0,1.0,3,473.80589874031006,-0.417959161814566,-0.908465816118177,21.0,4.0,0.0,0.0,87.65957446808511,26.0,227,16.936349206349206,0.224887501642104,0.287522984845204,0.130107519030571,0.174486811459063,0.248802423477168,0.320663452148432,18.875268554687523,17.069116210937523,89.27190257854681,233.59475874139582,955.9853125,5319.2646484375,19.35524945967728,760.4534643224665,3.78662109375,34.593943985345156,290.5350615644077,92.05414164008583,3.260081978677103,0.094569349796816,0.995518276115013,1.480873704910721,0.674600271056564,-0.73818322541928,0.00745737202318,0.00755676846458,24.8189697265625,21.739181518554688,8.165939331054688,-8.949417114257812,-38.5767822265625,63.70094299316406,37.589759826660156,47.424577713012695,6.371078252792358,30.393718719482422,2.1417711157385,27.573039691163448,31.31025358053474,21.29487045372582,21.88561298158652,0.210719426116004,-0.977546583778667,0.459008722918651,-0.88843176006072,0.009308652998113,-0.99995667355109,-0.75053223543124,-0.6608338396137,-0.404520712021478,-0.914528836913105,0.018391368027972,0.095128056834672,0.059745787266825,-0.022785486074738,-0.020402407400458,5562.0458984375,15095.4326171875,31231.6630859375,57503.37109375,94160.734375,,-3.360496413507502,-8.734142617489837,-6.68339809860354,-8.25828301731925,-467.13322294442156,0.648156605412843,0.761507068161354,11.909061335467904,0.00756376293198,0.999971394336012,3.864049148489393,0.006698576760329,0.999977564283012,12.528760386535136,0.104957803101633,0.994476676231313,,0.0,0.4232788085937,0.5844116210939,1.0058593750001,0.100000000002899,,17.246712493900414,0.672502136232445,930.5942298724822,,749.179306113948,,22.65076123174795,1512.687087059021,0.694339565886818,267.05949,5040.0,6.446510103853926,629.498076,5.1444525718688965,170.47758731722942,-459.0204886827705,-72.91848953685611,72.91848953685611,True,0.32176656,-0.23451626,-0.10556983,-0.051633604,-0.18540436,-0.0072677713,-0.08550785,-0.106593534,-0.236011,-0.33666193,-0.030704623
37,Gois_17062017,2017,844,p,2017-06-21 04:00:00,2017-06-21 05:00:00,172.166667,172.208333,rep,2,8,24.25,24.25,253.431429,174.316107,2831.594631,1738.803164,12.0,1.0,3,467.5201416015625,-0.680980647383889,-0.732301411912212,31.0,4.0,0.0,0.0,85.41666666666666,26.0,227,16.425,0.224774961343554,0.2873142459828,0.129976894285397,0.17448101966278,0.248660506408878,0.320403814574993,19.087509163573188,16.8343668592161,86.81635608999946,291.5635699041973,956.2841980723197,5303.3312215657525,18.938682414132593,513.4415999091595,3.516684124521688,34.386687573731685,290.01641825286475,92.02104812209124,1.73824523666235,0.416841138625361,0.908979353533133,4.807188905019842,-0.613437920649421,-0.789742943943987,0.080331476869606,0.114832223964032,23.480957448835674,21.248001807755713,8.214633558712338,-8.83575180181591,-38.50317738168513,67.73943746495868,39.85233326538628,48.374065888351254,6.409339281106872,27.637547531496736,5.123655128768972,25.846665446942318,32.070865140075085,19.632932932410995,23.93254594756004,-0.545481103712019,-0.838123120724585,0.474309305416256,-0.88035826956731,0.036328503657408,-0.999339902046353,-0.831087154643305,-0.556142195294419,-0.379819672250093,-0.925060547516665,0.028341167145025,0.110121874052213,0.082535883101009,-0.014135630784445,0.010310931536956,5585.071420615648,15089.63965034766,31221.094722410613,57492.57661114018,94140.8524368729,,-2.436479042247025,-8.386743233554245,-6.658027454065767,-8.269449406152681,-787.8118457923983,-0.950906899289457,-0.309477089432659,11.70709407653639,-0.002339751897359,0.999997262776783,3.281407611365205,0.002390380720106,0.999997143035925,18.593247453637286,0.065438571409903,0.997856599603285,,0.0,1.9516451289566,1.6649803873423,3.6166255162989,0.814420006795795,,26.76102762745669,18.274414759066914,924.7267222949158,,750.4028671731785,,22.738230526103003,2568.6870281746587,0.737340051781433,629.498076,5100.0,5.166590670193417,174.316107,5.200613975524902,180.38357276873128,6.067465768731296,3.4807258337471345,3.4807258337471345,False,0.28633553,-0.22363761,-0.09661754,-0.15269542,-0.18218431,-0.014322033,0.12830892,-0.10635498,-0.25506145,-0.34477103,-0.048757363
37,Gois_17062017,2017,845,p,2017-06-21 04:00:00,2017-06-21 05:00:00,172.166667,172.208333,rep,8,8,10.0,10.0,78.635123,107.21051,834.659407,1299.444984,12.0,1.0,3,465.73553757440476,0.177262393319208,-0.984163626596079,21.0,4.0,0.0,0.0,73.80952380952381,26.0,223,18.77846153846154,0.224894988507029,0.287525575455905,0.130124315619469,0.17451358437538,0.248803380131717,0.320663452148432,19.121728515625023,16.840234375000023,86.66106190152678,295.478105739376,956.130625,5319.2646484375,18.91025811458331,522.2794896540789,3.517181396484375,34.593943985345156,290.5350615644077,92.05414164008583,1.750196449294103,0.438132666543783,0.898910321726942,4.818425831837277,-0.600279772979495,-0.799790093806923,0.085973526174906,0.119782014725275,23.518753051757812,21.249954223632812,8.215591430664062,-8.837356567382812,-38.50470733642578,67.86974334716797,39.851619720458984,48.35784339904785,6.406485319137573,27.635144233703613,5.111646557927664,25.823299907494153,32.01609922891234,19.615628517654514,23.89337973034319,-0.54358894276011,-0.839351571934518,0.475055194924509,-0.879955999908653,0.035584151208748,-0.999366683546511,-0.831100122785185,-0.556122815488135,-0.380122601988648,-0.92493610993267,0.027887610687511,0.111203445984452,0.082445701813999,-0.014559101112642,0.01049846858682,5585.0498046875,15089.869140625,31221.33984375,57492.69921875,94141.078125,,-2.475589167157675,-8.387383205077892,-6.659028141768307,-8.269428553506028,-831.0545978930013,-0.91728218988717,-0.398237848673123,11.693807512341852,-0.002221494123886,0.999997532478884,3.279556732676909,0.002447897615348,0.999997003894144,18.570113880894198,0.064513830930299,0.997916812975258,,0.0,1.8920898437498,1.6650390625002,3.5571289062499,0.800000000005094,,26.648070907597308,18.130214691161342,924.186682296193,,750.4659627508547,,22.704297811564118,2562.862455844879,0.742271922734772,311.622388,5100.0,4.684078496630394,107.21051,5.46530294418335,235.34744434805626,128.13693434805626,119.51900457152593,119.51900457152593,True,0.27643073,-0.23807693,-0.08754198,-0.17553729,-0.17885032,0.06301043,0.1279053,0.045179322,-0.24926788,-0.32477307,-0.051497273
37,Gois_17062017,2017,849,p,2017-06-21 06:00:00,2017-06-21 07:00:00,172.25,172.291667,rep,2,8,14.0,14.0,220.957216,152.184366,2310.598712,2030.488199,14.0,1.0,3,425.42954545454546,-0.63980822415125,-0.768534603195213,31.0,4.0,0.0,0.0,100.0,26.0,227,18.926923076923078,0.224749795588437,0.287286637123348,0.129929860020738,0.174490076728491,0.248627485102781,0.320374913067745,20.120654279886004,16.68908005150818,81.04455493588773,460.7440647775769,957.254793228383,5302.568770521708,17.906107916689322,1033.5005515965802,2.874308048477457,34.37676987876928,289.9915999800879,92.01946452130345,2.302125076403893,0.230428819580121,-0.973089183531968,5.483164417471632,-0.304465445026615,-0.952523381752251,5.7503970899e-05,5.7746136047e-05,21.689112854844787,20.044019194416684,8.295403097461772,-8.729685909186664,-38.44499850315951,68.6927849298854,47.39302890596713,46.53792005603526,6.217300312744509,27.632004789434177,7.054778046313439,22.415701103936147,32.845822637024284,13.62078748256492,29.26858736218688,-0.331976003620093,-0.943287831481161,0.415665842655092,-0.909517403489253,0.107714624763722,-0.994181854396876,-0.903867894619277,-0.427811674778185,-0.446357385036092,-0.894854784210121,-0.022264462052112,0.022595859002457,0.036071971540333,-0.021795638628256,0.032867344227936,5647.074891091081,15105.40508176452,31225.23266851261,57506.2282203372,94134.64551672818,,-1.795036207807488,-7.560027820283157,-6.648149447495344,-8.282797353694527,-1559.5258612948664,-0.418213972578172,-0.908348541662496,12.021165984319484,-0.000313550247033,0.99999995084312,2.078938699349847,0.004136065663945,0.99999144644383,28.054006125284694,0.058140765178748,0.99830839494839,3326.70214198375,0.0,2.1751885662745,5.366076504419,7.5393417916578,11.412775093033785,,95.95168940804486,82.91271888270498,909.8862433235545,,760.5274394602948,,21.46006418950771,5003.961461614514,0.803486768094507,557.716515,5220.0,5.03164220249072,152.184366,5.3557329177856445,210.8191655092429,58.634799509242896,38.52879310167964,38.52879310167964,True,0.29139942,-0.23561057,-0.10127063,0.15447745,-0.18968934,-0.30148202,-0.022125179,0.05886475,-0.2750069,-0.28184047,-0.06276208
37,Gois_17062017,2017,856,p,2017-06-21 08:00:00,2017-06-21 09:00:00,172.333333,172.375,rep,2,8,5.75,5.75,187.80197,140.9207,1966.572006,1405.683984,16.0,1.0,3,390.66440054086536,-0.717253796261079,-0.696812020382162,31.0,6.0,0.0,0.0,100.0,26.0,227,18.666666666666668,0.224677564755078,0.287414418171223,0.129416458308697,0.174335068464278,0.24862228929996,0.320608520507807,24.955102539062523,16.213647460937523,58.53291214481674,1319.3391438410185,957.936875,5319.2646484375,13.065098497507691,5412.847905772374,2.47296142578125,34.593943985345156,290.5350615644077,92.05414164008583,3.884763979264166,-0.015476533705775,-0.999880231279954,5.23334309182458,-0.010248755521085,-0.999947480125966,0.00748905945306,0.008165980668851,22.934799194335938,19.447494506835938,8.501571655273438,-8.5352783203125,-38.28455352783203,61.26719093322754,52.00865173339844,42.66974449157715,5.666148900985718,26.5633602142334,5.945234632379923,23.220368664205445,34.28661215363278,8.408150855018562,34.4042778804359,-0.032985401200585,-0.99945583359528,0.248643815205456,-0.968594989229283,0.205852659952246,-0.978582997190624,-0.754070890941186,-0.656793035464876,-0.615922799379876,-0.787806515080992,-0.007181954100059,0.030763002714806,0.068010498788344,-0.023855930204453,-0.018929357196658,5678.36572265625,15132.072265625,31240.4208984375,57553.123046875,94172.07421875,,-3.80515610283872,-7.043508834877475,-6.652742003758242,-8.292264036729389,-822.6015269716906,-0.279591163834357,0.960119149431856,12.273077938626127,-0.001384927038192,0.99999904098809,0.887315017229917,0.003004783887495,0.999995485626705,14.032541971401109,-0.001773658118379,0.999998427067203,,0.0,0.001220703125,1.6766357421873,1.6784667968748,40.650000000002876,,401.5015640258854,336.8747528076112,842.2461662357389,,761.0411923049987,,17.658721405602975,5135.273575782776,1.130671836744828,154.688539,5340.0,4.955268450905362,140.9207,5.233087539672852,186.37042496733952,45.449724967339506,32.25198637768582,32.25198637768582,False,0.3147266,-0.22992232,-0.09260905,-0.058767166,-0.20311962,-0.2877979,-0.049645025,0.046910778,-0.24838264,-0.20325342,-0.047651336
37,Gois_17062017,2017,855,p,2017-06-21 08:00:00,2017-06-21 09:00:00,172.333333,172.375,rep,13,8,21.25,21.25,,116.797961,,1805.501808,0.0,1.0,3,817.5849931318681,0.106677087175941,-0.994293718712764,21.0,7.0,0.0,0.0,100.0,27.0,233,22.957916666666666,0.225666547805071,0.28955682603752,0.126856032013895,0.17277256846428,0.250700536370278,0.323361206054688,24.887719726562523,15.600366210937523,56.49867036487366,1377.0892712112664,948.451875,6148.98291015625,12.767722282700557,6041.765469193137,2.549324035644531,36.790059768005264,297.25312002295783,92.42150985468425,4.251669133376613,-0.347787497516232,-0.93757338729904,5.66765299248414,-0.333010023092229,-0.942923286657039,2.2135778e-08,2.3122396e-08,23.346511840820312,19.547088623046875,8.448440551757812,-8.641326904296875,-38.273223876953125,60.28906440734863,51.23130798339844,43.44865036010742,6.015367746353149,26.26023578643799,5.546294876022896,21.432256421780696,33.12009008209403,7.638672150854424,34.68820271916268,-0.334797770987475,-0.942290004479416,0.259480721624535,-0.965748287653263,0.159010074571677,-0.987276960221756,-0.656797435570658,-0.754067058442289,-0.617529983390864,-0.78654734098672,0.005430249555509,0.031449285184462,0.063031840606739,-0.02553348918267,-0.070201810485092,5679.290771484375,15137.447265625,31248.62109375,57552.623046875,94169.7734375,,-4.145722768704225,-7.141784827595539,-6.673405820458629,-8.259546220619182,-13.41847904912196,0.013385794919126,0.99991040623367,12.065485343452297,-0.004130845920332,0.999991468019594,0.680202541912674,0.001118752572319,0.999999374196145,14.295342267177464,-0.013210432869338,0.999912738424411,,0.0,0.0,1.5301513671874,1.5301513671874,68.34999999999022,,405.1015609741223,316.8747589111465,827.1669634199645,,759.978412616369,,17.074756317407903,6326.614451408386,1.273767130401534,117.549306,5340.0,4.768970962069382,116.797961,5.418680667877197,224.58130942022729,107.78334842022728,92.28187504080425,92.28187504080425,True,0.30062783,-0.22858977,-0.10811737,0.1772412,-0.17541559,-0.29925695,-0.022330299,0.033072412,-0.3044748,-0.13530491,-0.03532354
37,Gois_17062017,2017,860,p,2017-06-21 10:00:00,2017-06-21 11:00:00,172.416667,172.458333,rep,2,8,2.25,2.25,169.244897,130.84801,1718.274484,637.884046,18.0,1.0,3,363.5053982204861,0.97398528405099,0.226611267266463,41.0,4.0,0.0,0.0,100.0,26.0,234,11.5,0.226506048873063,0.287992227515749,0.131336505711079,0.176495292782782,0.250345113873477,0.320524597167963,28.516748046875023,15.519067382812523,45.346582825649435,2129.9389247885233,958.0109375,5319.2646484375,10.094767293949523,16691.190420813597,1.944862365722656,34.593943985345156,290.5350615644077,92.05414164008583,7.778257926529094,-0.133860536904461,-0.991000179949353,11.056817940733634,-0.290486696780556,-0.956879030491065,9.9968603354e-05,0.000100805706029,24.923660278320312,18.8970947265625,9.007369995117188,-8.19219970703125,-37.93347930908203,49.104854583740234,50.37271308898926,39.698740005493164,4.863053798675537,24.3514986038208,10.59632707154298,29.443358297771084,36.669412867808795,10.9921966513744,33.63823847404697,-0.269972165202072,-0.962868127012264,0.226240493675872,-0.974071475314465,0.33784578424993,-0.941201480058627,-0.855540481735192,-0.517735921211108,-0.819546367808718,-0.573012871593246,0.042117045142472,0.046108157334595,0.039629196059377,-0.037219479159965,-0.075625436744448,5705.807373046875,15156.84814453125,31265.87890625,57632.212890625,94245.6015625,,-6.575858648264107,-6.363863921304524,-6.716282644269468,-8.29003535481301,-764.210495155055,0.508415062699974,0.861112143695455,11.30185524745259,-0.004856815319024,0.999988205602925,0.437533986468948,0.002375608423677,0.999997178238327,25.22970578523295,-0.009994083675054,0.999950057898641,,0.0,0.0,0.4202270507812,0.4202270507812,5.949999999999125,,900.4520019531258,267.01157226562157,791.915572016509,,739.56351056383,,15.268918887632452,8106.515407562256,1.129701260035685,152.786904,5460.0,4.881649819776788,130.84801,5.598911762237549,269.13227926733924,138.28426926733925,105.6831275212663,105.6831275212663,True,0.27801138,-0.15739956,-0.11221294,0.109375,-0.21592765,-0.2983855,-0.0028017398,-0.13383406,-0.22135976,-0.02907791,-0.07464333
37,Gois_17062017,2017,862,p,2017-06-21 11:00:00,2017-06-21 12:00:00,172.458333,172.5,rep,13,8,16.75,16.75,,78.726421,,1216.979252,0.0,1.0,3,838.9355158730159,-0.021504909278446,-0.999768742698493,21.0,6.0,0.0,0.0,100.0,27.0,233,23.44684210526316,0.227138481661678,0.289976335329787,0.128436067700388,0.17456119209528,0.252069592475891,0.323223876953126,29.904443359375023,14.768334960937523,39.87344381940417,2536.037608225578,948.499375,6148.98291015625,9.222597135862657,22021.615530971412,1.568954467773438,36.790059768005264,297.25312002295783,92.42150985468425,8.636591198230363,-0.173783519718336,-0.984783878967516,11.438553734485412,-0.435620727009143,-0.900130314010158,0.000234911966554,0.00023658374492,26.5743408203125,18.197463989257812,9.059555053710938,-8.114715576171875,-37.7677001953125,44.18284225463867,58.38601875305176,40.24399185180664,4.943263053894043,22.803227424621582,10.628266773438673,23.228430461469316,36.77457320493203,11.742627837613089,35.53692156450943,-0.420502311352705,-0.907291467030872,0.204396869511988,-0.978888103785974,0.38548266656349,-0.922715077247089,-0.758781440194014,-0.651345320100712,-0.8937719522261,-0.448521679982079,0.056779082825688,0.085327111857646,0.010977485367634,-0.044558004735502,-0.06604263613553,5697.30859375,15178.75830078125,31280.3095703125,57652.794921875,94278.3515625,,-9.140389743021565,-5.880083679800704,-6.706403576192985,-8.265424156513145,-17.296788980422974,0.016810344375292,0.999858696177607,11.601918716379432,-0.006669800506511,0.999977756633218,0.526201217640334,0.001221222381716,0.999999254307669,25.711959138635613,-0.013043034918472,0.999914936002116,,0.0,0.0,0.0,0.0,66.64999999998307,,1164.6508056640655,254.2860351562474,760.206247062948,,750.7627963781322,,14.274135183567182,10645.738124847412,1.192797433855861,79.41756,5520.0,4.3786010365064865,78.726421,5.931079387664795,375.56074957050373,296.8343285705037,377.0453740943002,377.0453740943002,True,0.2758145,-0.13111363,-0.103646785,0.029711498,-0.20157294,-0.308855,-0.011739229,0.011924701,-0.25793502,0.0074656005,-0.034978397
37,Gois_17062017,2017,863,p,2017-06-21 12:00:00,2017-06-21 13:00:00,172.5,172.541667,rep,13,8,12.75,12.75,,88.543792,,1368.739454,0.0,1.0,3,809.0770399305555,-0.184238833188076,-0.982881504732639,21.0,6.0,0.0,0.0,100.0,27.0,233,24.11583333333333,0.226802313536406,0.289818102667902,0.127385555207731,0.174212469160558,0.251806536316872,0.323159790039063,31.003930664062523,14.645166015625023,37.140874790833166,2821.136396385048,948.2209375,6148.98291015625,8.746484155565392,28244.399775935293,1.368110656738281,36.790059768005264,297.25312002295783,92.42150985468425,9.977903497445828,-0.18934202467271,-0.98191119643929,12.168164833195464,-0.529611399257991,-0.848240393860133,0.000564226377598,0.000566402868213,27.382568359375,17.913223266601562,9.177001953125,-7.846725463867188,-37.66602325439453,42.64023208618164,66.35565185546875,39.378379821777344,5.381739377975464,23.412675857543945,11.225664453417806,16.600661662433403,38.92063814183614,12.517167675176912,38.24790773077177,-0.515718603106595,-0.856758030256958,0.138365297888739,-0.99038126211079,0.437819995395806,-0.899062651672071,-0.758037727266412,-0.65221070524852,-0.959049949467661,-0.283236993392595,0.070299096684887,0.137469291509444,-0.034357025927017,-0.054332161325342,-0.036378056840512,5674.485107421875,15177.54443359375,31273.1044921875,57664.9921875,94313.984375,,-10.33243134699647,-5.621604759998222,-6.647617758555723,-8.311782016336766,-16.84527159462742,0.01734087795419,0.999849635671173,12.232543791218971,-0.007904433432304,0.999968759478072,0.55461110797603,0.000822735571192,0.999999661553033,26.784082766354665,-0.01363084972867,0.999907095652228,,0.0,0.0,0.0,0.0,126.92499999997698,,1386.1882934570367,188.78894042969455,746.8419113639027,,754.199348167673,,13.714245002760109,11240.397930145264,1.112500260422618,78.726421,5580.0,4.494727801703897,88.543792,5.852384090423584,347.06320624518,258.51941424518003,291.9678595255781,291.9678595255781,True,0.26124987,-0.09164501,-0.09441426,-0.0025123502,-0.20468123,-0.30635634,0.1033302,0.023377117,-0.25532663,0.005401192,-0.023698566
37,Gois_17062017,2017,868,p,2017-06-21 14:00:00,2017-06-21 15:00:00,172.583333,172.625,rep,13,8,21.75,21.75,,193.94115,,1893.332523,0.0,1.0,3,748.9946180555555,0.107858101318319,-0.994166298956069,21.0,7.0,0.0,0.0,100.0,27.0,233,23.28857142857143,0.226144691437483,0.289508724532326,0.125430227816107,0.173523108661176,0.251284337043762,0.323034667968751,31.889916992187523,13.944116210937523,33.73685747669317,3124.5184942580363,947.4368750000001,6148.98291015625,8.201747202658133,35712.700647935766,1.663368225097656,36.790059768005264,297.25312002295783,92.42150985468425,11.323824050672977,-0.46807103149852,-0.883690844963278,12.834070246033631,-0.775989281749942,-0.630746093613911,0.009251887659365,0.009252390213756,28.283798217773438,18.72113037109375,9.394393920898438,-7.26275634765625,-37.53663635253906,42.430233001708984,67.78863143920898,38.322410583496094,10.200837135314941,34.01236152648926,11.786026215211255,12.983355414263762,44.849837125853924,14.31391496661789,40.863367277117845,-0.777399329999065,-0.62900737811015,-0.138581504541316,-0.990351032007876,0.473393635850137,-0.880850989405466,-0.858338234149704,-0.513084277479605,-0.971393336861148,-0.237476283240588,0.103873107796581,0.227475053295419,-0.174641384181863,-0.089266577944384,0.043114715646185,5599.03662109375,15131.63330078125,31226.2041015625,57675.96484375,94361.0703125,,-10.43426003086024,-6.001590864323237,-6.504472564665841,-8.438491515023438,-16.26467933745511,0.013855031944999,0.999904014438287,14.424739566880682,-0.010639996329606,0.999943393636913,0.779766886671523,0.000246066069834,0.999999969725744,27.19042926522014,-0.013828273874552,0.999904384849697,2605.7469970703078,9.6578979492191,0.0,0.0,9.6578979492191,285.0249999999654,,1605.0832031250184,7.115234375006366,729.3544357411888,,732.1101791423266,,12.967472121783544,14259.457969665527,1.08144259144847,184.61465,5700.0,5.272697718142715,193.94115,5.971197605133057,390.9748208229934,197.03367082299343,101.59456661105364,101.59456661105364,True,0.2269442,0.1558763,-0.08793429,-0.044087846,-0.15634696,-0.3008059,0.0876139,0.0073930467,-0.18579464,0.11755398,-0.061642073
37,Gois_17062017,2017,872,p,2017-06-21 15:00:00,2017-06-21 16:00:00,172.625,172.666667,rep,13,8,29.0,29.0,,278.044075,,3843.495924,0.0,1.0,3,716.9336260330579,-0.48536868283948,-0.874309580022241,32.0,3.0,0.0,0.0,91.73553719008265,27.0,233,21.567857142857143,0.225864985346794,0.289377014158507,0.124614293873312,0.173231388628484,0.25106026828289,0.322981262207032,31.407617187500023,14.146630859375023,35.16092279414006,2977.3295260354944,947.418125,6148.98291015625,8.440801935664766,33272.23234527312,1.698783874511719,36.790059768005264,297.25312002295783,92.42150985468425,10.880608552131704,-0.749646218461378,-0.661838762197074,13.191265717607278,-0.920238649474311,-0.391357672741567,0.025640589595546,0.025647235976791,28.043792724609375,18.896560668945312,9.498992919921875,-7.100265502929688,-37.57707214355469,45.310794830322266,68.63344192504883,36.52840232849121,13.097160339355469,39.82754135131836,12.25471804942282,12.257460003704763,46.33025718431534,16.088035029579633,43.44142526953469,-0.932500232284949,-0.361169374101011,-0.037464781582905,-0.999297948632411,0.460823740142949,-0.887491679127564,-0.857570555506778,-0.514366350306663,-0.940874484798472,-0.3387553746514,0.133181186049235,0.249180338569517,-0.245005222912111,-0.024361144450086,0.064312289787102,5584.156494140625,15114.81494140625,31211.7119140625,57695.7734375,94383.51171875,,-9.980959222018674,-6.047169559317468,-6.48186630152822,-8.495054951675975,-17.659497067516728,0.005430725408919,0.999985253502037,14.86269273093903,-0.01244060558788,0.999922612671904,1.049756215401368,-0.000662698179367,0.999999780415537,27.3214626099956,-0.011096706560381,0.999938429656303,2876.7492187499784,31.196289062499797,0.0997924804688,0.2001953124999,31.446838378906,389.59999999995443,,1537.903796386751,141.47404785154094,736.5577164313636,,737.9753807201574,,13.110779712934402,13628.709888458252,1.071065857443489,193.94115,5760.0,5.6313697442550374,278.044075,6.395905017852783,598.3855324389527,320.3414574389527,115.2124739356351,115.2124739356351,True,0.2537546,0.16105509,-0.08221359,-0.04068925,-0.1557846,-0.0048190253,0.0552404,0.11029877,-0.14344077,0.08856155,-0.053390317
37,Gois_17062017,2017,874,p,2017-06-21 16:00:00,2017-06-21 17:00:00,172.666667,172.708333,rep,12,8,23.0,23.0,36.563436,303.002641,615.608798,4373.491796,24.0,1.0,3,437.297127016129,0.932353771511094,0.361547292548346,22.0,4.0,0.0,0.0,98.9247311827957,12.0,223,25.027,0.227070822566744,0.291501654009088,0.12882811576128,0.175118468701839,0.251774966716762,0.325592041015619,30.429711914062523,15.276391601562523,40.1511487692841,2609.8095550343237,952.2546875,5675.8623046875,9.207282743677819,30493.724775132956,1.64111328125,39.125344546854365,304.9499311392563,92.77150888321988,11.038494360640767,-0.965075046996609,-0.261973574362937,15.889664782696943,-0.997543685307045,-0.070047097756009,0.065337900179905,0.065878130546751,27.209381103515625,19.004669189453125,9.722442626953125,-6.922882080078125,-37.4776611328125,49.73040008544922,68.35858154296875,31.135103225708008,14.180099487304688,52.62224578857422,14.480919723801296,11.149350451964843,45.822623920504725,17.13669725090558,47.35286329520248,-0.998713617185421,-0.050706122395749,0.045719089148277,-0.99895433573685,0.434170065528406,-0.900830924313248,-0.789002746864832,-0.614389669053566,-0.925063615717748,-0.379812199481805,0.126075382432372,0.210463730435422,-0.216702842291658,0.034353469584957,0.037416736243612,5598.837890625,15115.294921875,31205.5078125,57725.037109375,94419.9375,,-8.95253280383992,-5.97294953444427,-6.49985478555892,-8.51678885357044,-51.138682290570635,0.0015567340947,0.999998788288745,13.495855477700866,-0.013733812519376,0.999905686749347,0.833128111880751,-0.001935865117246,0.999998126211368,38.25310237903256,-0.003871039258026,0.999992507499463,3341.0837402343445,45.7275390624999,0.8926391601563,1e-13,45.9564208984375,391.49999999999136,,1201.218139648471,823.1972656249741,763.4215827254282,,749.9646983726852,,13.854800723169092,16212.151145935059,1.124140460856697,245.634336,5820.0,5.717036388868485,303.002641,6.430972099304199,619.7771117961078,316.7744707961078,104.54511873251553,104.54511873251553,True,0.28275484,0.17910007,-0.09001099,-0.061830953,-0.17308857,-0.071077965,0.08698143,0.016082846,-0.0988526,0.03921069,-0.017784055
37,Gois_17062017,2017,875,p,2017-06-21 17:00:00,2017-06-21 18:00:00,172.708333,172.75,rep,13,8,35.75,35.75,,308.163514,,3881.961463,0.0,1.0,3,757.3610455974842,-0.920341131510935,-0.391116608761597,21.0,7.0,0.0,25.0,73.02631578947368,27.0,233,22.774324324324326,0.225490894883871,0.289202665901102,0.12355846911669,0.172849510610104,0.250754728913307,0.322912597656251,27.444482421875023,16.999536132812523,53.58100063715632,1728.6716018330408,947.8253125000001,6148.98291015625,12.135572577867727,23773.814248743503,1.63812255859375,36.790059768005264,297.25312002295783,92.42150985468425,13.711621972889594,-0.955747559922143,0.294188038000988,21.914398213178817,-0.954569433929759,0.297988583350134,0.014407496626605,0.014436002003004,24.283843994140625,19.22979736328125,9.95355224609375,-6.954544067382812,-37.33964538574219,65.23393440246582,68.93659210205078,23.211570739746094,14.971413135528564,75.23090934753418,20.428261400681095,15.537260604403734,41.156646372601244,19.414069029816925,50.00993907882519,-0.950930908525195,0.309403308339532,0.344303208043943,-0.938858509537326,0.302539168086063,-0.953136953314576,-0.679784411818067,-0.733411994345037,-0.923560042734276,-0.383453840070305,0.137115564173434,-0.128258680929887,-0.096293160532838,0.014053195086392,-0.016332185895815,5632.614013671875,15098.75830078125,31206.93359375,57736.916015625,94429.9609375,,-5.514699203192587,-5.969100579589091,-6.602464816527021,-8.469493160993839,-43.89218503699814,-0.005540736509777,0.999984650001653,10.309515362141788,-0.015774041218552,0.999875582071907,0.55725347446174,-0.003876222297886,0.999992487422129,59.4091908643405,0.002340559754714,0.999997260886266,3207.421679687475,56.6711425781251,1.0949707031253,0.0,57.0635986328127,609.0374999999497,,662.0165893554649,234.8058349609454,813.717684055965,,786.3060668898202,,16.65453538523093,17324.21932220459,1.15292788293561,212.820795,5880.0,5.733870308456906,308.163514,6.669431686401367,786.9476758135412,478.7841618135412,155.36692050232176,155.36692050232176,True,0.31917256,-0.12202895,0.1125166,-0.05928428,-0.21813387,0.08041298,0.059806302,0.08147527,0.15045705,-0.019722767,-0.0065284166
37,Gois_17062017,2017,878,p,2017-06-21 18:00:00,2017-06-21 19:00:00,172.75,172.791667,rep,13,8,32.0,32.0,,158.773406,,1296.64948,0.0,1.0,3,760.4595588235294,-0.846497235141049,-0.532393116877519,21.0,7.0,0.0,26.31578947368421,70.17543859649122,27.0,233,19.910555555555554,0.225407435938716,0.289158818976484,0.123323033750059,0.172769215703011,0.250685122609139,0.322889709472657,24.082666015625023,17.631616210937523,67.59041862345305,994.4939905194141,948.3075000000001,6148.98291015625,15.343790796813437,13321.869536154205,1.96929931640625,36.790059768005264,297.25312002295783,92.42150985468425,12.898993610898028,-0.86350546224158,0.504339485544168,20.740596344131333,-0.875420703207538,0.483361761412318,0.002916734810454,0.002961610634504,21.742828369140625,19.91156005859375,9.97296142578125,-6.925079345703125,-37.23912048339844,76.77960968017578,62.88778495788574,15.993884563446045,14.599550724029541,93.87857055664062,18.58778381550656,19.756208464057842,38.21782421901685,23.528187248820583,51.62665747970378,-0.885414708371504,0.464801887043721,0.29274506948022,-0.956190527193729,0.134859096990612,-0.990864785911214,-0.580224143535068,-0.814456839408324,-0.930055402516761,-0.367419308487435,0.091348759476979,-0.216231271335996,0.094479518346886,0.036444272211061,-0.059176146184935,5671.68310546875,15110.11083984375,31224.1748046875,57760.78515625,94458.9375,,-1.998179801377792,-6.395313417225791,-6.598538214679976,-8.449685963122505,-36.805055911797496,0.000206030959101,0.999999978775622,9.610345248461535,-0.016113197249724,0.999870174009802,1.640351306457754,-0.005094937593089,0.99998702072123,60.052954692463246,0.004290768032116,0.999990794612478,2882.6503417968215,54.625244140624794,4.3417358398431,0.0,57.063903808593196,539.5499999999549,,481.4837951660071,126.25975341797039,862.4442772530269,,788.1899152187215,,19.019532632675478,13044.131994247437,0.858047916632797,308.163514,5940.0,5.073756598957085,158.773406,6.559372425079346,704.8285952462323,546.0551892462323,343.9210652483152,343.9210652483152,True,0.2808667,-0.16610797,0.10202879,-0.05376348,-0.20656775,0.15070884,0.08840469,0.090002775,0.026048888,-0.2737795,0.021582002
37,Gois_17062017,2017,882,p,2017-06-21 21:00:00,2017-06-21 22:00:00,172.875,172.916667,rep,12,8,5.75,5.75,34.09796,87.409056,528.836178,871.905336,29.0,1.0,3,520.8484584263393,0.991502828779626,0.13008512798164,22.0,4.0,0.0,0.0,100.0,12.0,4,21.538333333333338,0.226930235922333,0.291403113455091,0.128467448055744,0.175077982246876,0.251626580953593,0.325515747070307,19.653955078125023,16.712915039062523,83.1589077020019,385.56469150861403,954.15125,5675.8623046875,18.2931886322098,2943.3199614373916,1.772933959960938,39.125344546854365,304.9499311392563,92.77150888321988,7.578745629317694,-0.602264223115737,0.798296815448238,11.683568121642471,-0.615509593621596,0.788129393031232,0.000343999262572,0.000345865689591,18.072784423828125,19.482269287109375,9.9364013671875,-7.209197998046875,-37.29059600830078,92.90939331054688,60.75797462463379,6.47895336151123,10.519813060760498,40.533302307128906,11.051553049400898,20.157630365090334,37.09137545032057,34.303582189281634,63.354091566500266,-0.610130202942009,0.792301164619832,0.008244800009581,-0.999966011058777,0.173203742531597,-0.984886015523141,-0.630052955686715,-0.776552170192341,-0.932848504823883,-0.360268881597961,-0.033010769491026,-0.042137991626031,-0.014732527554921,0.0449351450473,-0.097435887462811,5771.578125,15189.064453125,31269.17578125,57833.068359375,94569.0625,,1.537952777283229,-6.142598110943691,-6.695207696267948,-8.384839400454416,-70.32515443460534,-0.030217942567923,0.999543333701427,11.851508283617132,-0.018596862971837,0.999827063390268,5.209266854151413,-0.006066212340877,0.999981600364644,37.32048802678925,0.011342133535954,0.999935675934634,,0.0,45.6787109374935,0.0,45.6787109374935,123.87500000000539,,241.62794494629583,49.988250732420255,913.287721605886,,768.3125214255739,,22.572642756439166,7736.710786819458,0.625418656394447,151.860675,6120.0,4.4819744078355415,87.409056,5.595845699310303,268.3053051256514,180.89624912565137,206.9536697955545,206.9536697955545,True,0.26497185,-0.25699618,-0.106762365,0.047723595,-0.16959943,-0.28623533,0.13447855,0.119114794,-0.2292368,-0.26115564,-0.040537298
37,Gois_17062017,2017,883,p,2017-06-21 22:00:00,2017-06-21 23:00:00,172.916667,172.958333,rep,13,8,31.75,31.75,,215.128854,,1756.88564,0.0,1.0,3,819.66943359375,-0.474331578752068,-0.880346269032005,21.0,7.0,0.0,36.71875,63.28125,27.0,233,19.693125000000002,0.225684807732702,0.289236833299527,0.124494859576227,0.173129509389401,0.250851348042488,0.322862243652345,18.762719726562523,16.308129882812523,85.66225688532387,310.2295219723683,949.388125,6148.98291015625,18.785351385880894,1697.7241217580759,1.382400512695312,36.790059768005264,297.25312002295783,92.42150985468425,5.438940159538489,-0.576995616214417,0.816747242951787,8.974939558114711,-0.664648561189359,0.747156135027288,0.001310961743714,0.001317833563293,17.546157836914062,18.880416870117188,10.115615844726562,-7.388504028320312,-37.14238739013672,96.35831832885742,64.31716728210449,5.89238715171814,9.593997955322266,57.77866554260254,8.188832162591224,23.107825317335546,38.97321183222426,33.34100704643258,69.78656413272864,-0.652140280149048,0.758098314868937,-0.119134428164811,-0.992878133521855,0.213481544222048,-0.976947096969211,-0.659207059171498,-0.75196147051459,-0.936188540942824,-0.351498244387289,0.002910801755215,-0.062128075081865,-0.075339172526853,0.017180250525183,-0.077941427493128,5798.85400390625,15196.15478515625,31268.736328125,57817.0,94561.37109375,,1.455870466712858,-5.639995301946563,-6.835206841940469,-8.293548506078142,-20.67098959987014,-0.017660101650033,0.99984404824438,13.639826443497924,-0.01882884237576,0.999822721633585,5.434450030600814,-0.005777053184773,0.999983312689017,28.71557570098262,0.014403246101469,0.999896267870693,289.4443786621202,5.6140136718753,91.0256958007788,0.0,91.8771362304666,152.93749999997502,,214.16135559081823,13.744927978517211,915.2674165193201,,762.6992706157052,,23.31377341506591,9406.368613243103,0.634954428199252,122.482413,6180.0,5.375874776117452,215.128854,5.994577407836914,400.24708428440994,185.11823028440995,86.04993093321175,86.04993093321175,True,0.2930879,-0.22844332,0.112492,0.026020851,-0.1794981,0.15273727,0.10584543,0.08458029,-0.27928331,-0.3146007,-0.025494538
37,Gois_17062017,2017,885,p,2017-06-21 23:00:00,2017-06-22 02:00:00,172.958333,173.083333,rep,12,8,1.75,0.583333,26.723699,38.040289,371.878615,406.634838,33.0,3.0,3,495.258056640625,0.728771622789282,0.684756834078402,22.0,4.0,0.0,0.0,87.5,12.0,223,16.69,0.227081658951935,0.291440540570181,0.129023138433695,0.175310775637626,0.251714967191215,0.325492858886713,18.306848144531273,16.333398437500023,88.30154143238084,246.77400580431993,953.85609375,5675.8623046875,19.25586335616019,1339.200963912523,1.321990966796875,32.81627263669293,310.9617199709914,91.3663313129965,5.350085567364487,-0.513086686868619,0.858336793897468,8.225938453996537,-0.426457964327445,0.904507382314645,0.00018450859539,0.000183998549895,17.807464599609375,18.808746337890625,10.164764404296875,-7.45855712890625,-36.89781951904297,93.63651657104492,52.54618167877197,5.381858587265015,7.942226648330688,87.71923828125,8.46189011135556,27.709765470666074,38.13504575808702,35.95857672914442,74.18431962836357,-0.423362772410184,0.905960243574277,-0.196126052221735,-0.980578692222056,0.098056495498646,-0.995180849740651,-0.621585789177482,-0.783346096366483,-0.91925109985379,-0.393671710207372,-0.023293737595444,-0.049022509994725,-0.01016896225488,0.019699340789648,-0.073818076190393,5763.39453125,15165.6416015625,31240.6865234375,57785.1123046875,94555.546875,,1.092543857936663,-5.562250341376912,-6.881754055338228,-8.205851573952518,-67.18751581029575,-0.049255619808466,0.998786205309867,13.31077072127731,-0.019325560489897,0.999813243916958,6.032643377143913,-0.006717022904577,0.999977440547185,26.324278841727782,0.020733927850095,0.999785029011691,1610.066894532501,65.4678344726555,60.3492736816321,0.0,88.27590942382359,20.31250000000632,,180.26331710815913,9.65927124023498,926.1856741963709,,756.7293774367281,,23.587436675711395,5147.24508523941,0.570755982192071,101.283459,6240.0,3.664594164181427,38.040289,5.436833381652832,228.7136151721969,190.6733261721969,501.2404773586155,501.2404773586155,True,0.13895233,-0.25014517,-0.12511162,0.0600436,-0.19285259,-0.034354683,-0.013400428,-0.13937697,-0.2609598,-0.3103051,-0.06519703
1,Gouveia_10082015,2015,4,p,2015-08-10 14:30:00,2015-08-11 03:00:00,222.604167,223.125,sat,1,1,1319.25,105.54,450.197782,450.197782,5979.968466,5979.968466,12.5,12.5,2,1227.811113218282,-0.806650249179082,0.591029081771215,22.0,7.0,5.942901534278501,12.546125461254611,77.93746358516216,20.0,233,23.8375888133031,0.194167056998883,0.27250515959845,0.082339060819526,0.149978496194493,0.217927553528712,0.313953891132612,23.177867818184943,10.8981051254758,47.34399354885319,1605.442606440525,909.9905221393947,9187.924922206761,11.222460852406016,14363.577293621534,3.086953874081472,48.48225998461243,710.397553255596,93.9276476565521,7.3048053158308,-0.99837338030013,0.057013976427644,12.074758995129121,-0.984643487070362,0.17457721320355,0.016747349543007,0.01729921990905,25.68548582343243,20.03079567723639,7.856887929073445,-7.301544161590948,-35.58275935559208,47.76166258311778,52.90665267111811,65.40436397737649,17.982562230100942,24.065478201704934,8.887448536406408,13.523173812046002,35.85646085397517,34.642174892722416,44.51743234210274,-0.991675590083675,0.12876150058226,-0.96228609742774,-0.272039457978601,-0.19348966578381,-0.981102313336825,-0.925961618473903,-0.37761763877392,-0.977015203213196,-0.213169633602625,0.047470601113461,0.015213893545397,0.012868194975078,-0.001555275112041,-0.026379898761247,5450.748857291147,14934.192793835557,31013.498466690464,57490.613458997075,94471.99440597225,,-6.170088549069409,-7.83369551768117,-5.91923612787531,-7.883059403374758,-1.970126570510991,0.001244075778204,0.99999922613743,13.709389749020715,-0.012592656070812,0.999920709363039,5.690395512242683,-0.001893963670371,0.999998206449199,42.83752879670498,0.010661063564221,0.999943169246973,2570.74198287592,1.4849636328212,0.2366364042375,4.2016972959491,5.4367064917778,0.0,,642.7249608270333,207.8969061735723,759.8659186845495,,943.6916234263883,,17.445404214707743,4513.997786632257,1.727951489122154,,0.0,6.111905784391625,450.197782,5.831125259399414,339.7418864379567,-110.45589556204334,-24.534971067903513,24.534971067903513,False,-0.38913593,-0.16081367,0.173159,-0.030185297,0.16988489,0.082596876,0.106734924,0.01192005,-0.11270103,-0.030592848,-0.07420763
1,Gouveia_10082015,2015,5,p,2015-08-11 03:00:00,2015-08-11 12:30:00,223.125,223.520833,sat,1,2,302.0,31.789474,246.039155,249.863248,2976.345846,2953.457246,9.5,9.5,2,1211.2158526490066,0.221924035838187,0.975063958064952,22.0,7.0,0.0,26.691729323308273,64.91228070175438,25.0,233,23.40098039215686,0.197161206944479,0.275168064497924,0.085014097116238,0.15273339337983,0.22102251046747,0.316441534102921,18.994694412599667,10.174990629455255,58.89281707225827,985.5407429056256,897.108158596222,10470.050944965076,14.001267255138718,6846.596951753303,2.070145301218651,41.54481727462008,681.767588117187,93.58310604395551,5.935214539602002,-0.999123060868876,-0.041870147360708,9.21343004503477,-0.999510915193233,-0.031271878894407,0.0021000969909,0.002113356752763,21.003679182300267,18.031296415426674,7.891005812989372,-8.21982549247102,-35.60654811556293,60.9972786273461,40.78842749757593,45.73506571727644,15.991264419058009,16.06877385267186,6.450996084533131,9.940038147417436,21.060679734028383,35.77217190256349,35.0308111187947,-0.99954871316069,-0.030039474343067,-0.87832483588703,-0.478064308084196,-0.859211448023259,-0.511620648122977,-0.857126696474922,-0.515105645659205,-0.877785718000948,-0.479053476423624,0.01562285164576,0.00662752483788,0.0110296233948,0.021200751231262,-0.012939589206879,5396.081180497973,14760.6164223388,30758.64434469114,57218.009266888155,94085.03818951407,,-3.24330147173058,-6.525098652261806,-6.291139752647458,-7.633730015511309,-0.536569886695365,-0.00104855571972,0.9999994502653,8.523553080558782,-0.004037079934717,0.999991850959597,6.597691309597018,-0.001802586253071,0.99999837534008,34.0198024483294,0.004745578465112,0.999988739679118,156.97383722785264,0.0,2.8314007228684,0.0699092964791,2.9013100193475,0.0,,364.51141130036257,101.72493689791402,788.2195897189363,,886.0923305311444,,19.883011545564717,3238.2232332586627,1.716434780195218,450.197782,750.0,5.5249079619734465,249.863248,5.882209777832031,357.60079489551515,107.73754689551515,43.118604980079006,43.118604980079006,True,-0.41466528,-0.23542362,0.108776964,0.056583434,-0.0033145645,0.14067459,0.13524719,0.043649435,-0.27859926,-0.12993784,-0.04705695
1,Gouveia_10082015,2015,7,p,2015-08-11 12:30:00,2015-08-12 02:30:00,223.520833,224.104167,sat,2,3,284.75,20.339286,133.816612,133.816612,2068.581801,2068.581801,14.0,14.0,2,1109.3098591549297,0.572598080646215,0.819836226352721,22.0,7.0,0.0,3.061224489795918,96.93877551020408,25.0,233,26.049651567944252,0.19777403850274,0.275289160251502,0.088011618118324,0.153658615839734,0.221312383205713,0.316302452182064,20.83696112847652,10.730418027151142,57.30344922246437,1242.4148238132543,902.2071133176853,10241.737470526727,13.512361922606926,12803.099080665748,1.590180791983571,42.369360178019825,685.3806192772274,93.33869792114417,8.133502443285083,-0.978538641665068,0.206063404728458,12.957669699556769,-0.983791256840744,0.179317492074001,0.020948692259975,0.021241031635336,22.207164724524326,17.309818189962037,8.129456605994898,-9.337675036642041,-35.41799526232875,60.363560975646195,44.144764504017374,21.595876319898178,32.179808278526714,24.28622182232476,9.151021815270065,13.482521684912427,25.181165877063854,56.75657767790163,74.68463556312287,-0.9873215234216,0.158733138910726,-0.999887904552423,-0.014972585941108,-0.732217891047627,-0.681070451590557,-0.712301797199051,-0.701873314571086,-0.829069645733058,-0.559145350087133,0.014883425490098,-0.010456200782285,0.002744968735298,-0.007951330991541,-0.020138369207969,5553.6142025885065,14930.899447946687,30901.477826699374,57238.58330769242,94050.39486687949,,-5.343716630354157,-5.907401212389508,-6.82076325909238,-7.269585560161281,0.162828780669597,-0.000848748489161,0.999999639812936,8.074227434633164,-0.008321420635618,0.999965376379905,10.496094910735646,-0.003713460395099,0.999993105082177,42.4562408307206,0.006173202958047,0.999980945601084,,0.2128465959241,3.7181763726504,0.0,3.9307666809336,0.000120454142584,,705.0266893531814,124.87542161147115,780.5704569351623,,894.2951854120556,,17.27921127566268,4709.183766331153,1.472875075736965,,1320.0,4.903915425306834,133.816612,5.539754390716553,253.61545585855663,119.79884385855664,89.52464276898345,89.52464276898345,True,-0.43771902,-0.15240857,0.17831196,-0.074669495,0.012409404,-0.024230855,0.17092167,0.03334995,-0.07464313,-0.16449879,-0.036010563
87,Guarda_02072022,2022,2427,p,2022-07-02 12:20:00,2022-07-02 15:00:00,183.513889,183.625,airb,1,1,132.0,49.5,699.708326,699.708326,9341.210569,9341.210569,2.666667,2.666667,4,823.2509505703422,0.998930526719406,0.04623637948727,32.0,7.0,0.0,0.0,0.0,0.0,233,21.847846153846152,0.184694786657893,0.233885753266817,0.111047401030855,0.162887246012689,0.198215481837595,0.259912719726565,31.983626302083355,6.780908203125023,20.804982151570943,3755.3388936059823,929.555,7461.8662109375,6.459504978102171,22768.80581859958,3.793833414713542,36.66761942277265,604.2031142118436,94.72661145154457,6.015247064540282,-0.788575313848625,-0.614938187453456,7.988199897154622,-0.816568523777117,-0.577248513186877,0.006113559793647,0.006004511092657,30.751942952473957,21.760498046875,8.172831217447916,-11.486368815104166,-39.479512532552086,21.067811965942383,33.43432871500651,53.16424814860026,25.539501190185547,84.94782002766927,6.551847089808073,8.439712759952862,21.171901961206284,41.212216592050574,48.736051794903986,-0.840390157414482,-0.541981903130411,-0.467814637680947,-0.883826603339956,-0.189041809110088,-0.98196903943474,0.051732735780828,-0.998660965517643,0.090382122592965,-0.995907160289347,-0.000144874893869,0.163425721010155,0.077434733305127,0.022038770479593,0.029974618024414,5612.14453125,15188.235026041666,31252.098958333332,57545.520833333336,93860.5546875,,-9.81097280616608,-8.74342462086508,-7.67674693410256,-7.802762833849395,0.613276896427049,0.004770883742639,0.999988619269397,6.762395623680327,-0.007164664317486,0.999974333463223,7.164151706639037,-0.003966409343634,0.999992133767521,14.775142460246633,-0.020485171418815,0.999790156858899,6814.744527994717,39.4486490885395,0.0,0.0,39.4486490885395,86.58666666666828,,2381.238434244787,216.51333007812377,642.9897357195397,,923.4107344155545,,6.891541743011619,7426.212692260742,1.291497107271929,,0.0,6.552091717709204,699.708326,6.583293914794922,721.9166375821843,22.20831158218425,3.1739384479161177,3.1739384479161177,False,0.17083953,-0.06924425,-0.08571375,-0.03328616,0.14559954,-0.07381371,0.05421688,0.083590046,-0.2161118,0.12987672,0.21415891
87,Guarda_02072022,2022,2428,p,2022-07-02 15:00:00,2022-07-02 17:00:00,183.625,183.708333,airb,1,1,230.0,115.0,795.387285,925.373181,7891.111933,6601.653908,4.666667,2.0,4,834.9262978142076,-0.936051074478282,-0.351864158402152,21.0,7.0,0.0,0.0,0.0,0.0,233,19.62934497816594,0.184478780949119,0.233777215493182,0.110297730565068,0.162700683474542,0.198042772610987,0.259861043294273,32.32436523437502,7.06525065104169,20.81297226497099,3827.003505475961,929.134375,7461.8662109375,6.426501760068611,28209.566730616574,4.689661661783854,36.66761942277265,604.2031142118436,94.72661145154457,7.234820818238693,-0.969333994560375,-0.245747038618223,9.651376896192028,-0.991777510881796,-0.12797409467978,0.020397848742696,0.020259979586651,31.408345540364582,22.497161865234375,7.117838541666667,-11.957061767578125,-39.90916951497396,21.450966517130535,32.77661005655924,74.00982157389323,32.882615407307945,60.768568674723305,7.87939476636744,7.166133370389022,15.044870078124072,44.217411818843644,53.78151389877032,-0.989853612972166,-0.142090903600299,-0.886623311762702,-0.462492273491069,0.523039346003729,-0.852308537169487,-0.047418929460908,-0.998875089852971,0.049362646004501,-0.998780921513539,0.007529924653779,0.294801892991155,0.137042458765509,0.03162172247532,-0.047783607843153,5567.0244140625,15164.814453125,31258.729817708332,57531.290364583336,93811.828125,,-9.723396142149822,-9.896324062664425,-7.448582964965007,-7.791324535057188,1.107590821981887,0.004609760584404,0.999989374997232,3.160755808977758,-0.015593194869428,0.999878418745881,7.500766919586243,-0.005150331652427,0.999986736953981,18.29609278453628,-0.009102425439591,0.999958572067422,4121.239638671752,3.5905354817702,0.0,0.0081787109375,3.5987141927077,232.36833333332888,,2602.245777994784,194.223486328131,642.3474201915013,,922.5672528767876,,5.819645179348612,12107.29193687439,1.078228615519842,699.708326,160.0,6.831277156701925,925.373181,6.604211807250977,737.1977976980639,-188.1753833019361,-20.335080718309264,20.335080718309264,False,0.20500876,-0.038444042,-0.088662505,-0.03413253,0.05789219,-0.07945649,0.051515255,0.07965728,-0.15567794,0.11780039,0.21466899
87,Guarda_02072022,2022,2429,p,2022-07-02 17:00:00,2022-07-02 19:30:00,183.708333,183.8125,airb,1,2,239.0,95.6,1026.486324,1043.93612,9501.785981,11893.743356,2.5,2.5,4,849.6321353065539,0.564197546473349,-0.825639829800776,22.0,7.0,0.0,0.0,0.0,0.0,233,20.996333333333332,0.184343450611833,0.233706039794591,0.10987720429897,0.162582101424537,0.197930284738545,0.259823811848961,30.46222330729169,8.460351562500023,26.07990624066476,3247.6022373019864,929.1816666666667,7461.8662109375,7.318485105519909,34788.69373645029,4.10467529296875,36.66761942277265,604.2031142118436,94.72661145154457,10.487187464010285,-0.934545784517683,0.355842910060364,15.916170700458427,-0.902450358531552,0.430793860664555,0.049007588129043,0.047994156501625,30.088419596354168,21.532338460286457,7.322987874348958,-11.622528076171875,-40.51202392578125,29.069895426432293,41.542808532714844,69.3514175415039,28.8570130666097,57.125047047932945,11.73949345230092,12.216503568547063,24.33002809150452,43.95599583076613,52.84227388744517,-0.9249148841626,0.380174245648604,-0.827859739161506,0.560935158708601,0.832452634735256,-0.554096210889707,-0.204099778275539,-0.978950090917753,-0.018032560392604,-0.99983740016349,0.015916047353665,0.330175697624857,0.027134743257718,-0.001758189190113,-0.155648807110411,5562.5498046875,15131.7412109375,31222.6953125,57500.885416666664,93763.70833333333,,-9.335927677323516,-9.143467183823201,-7.398059496181418,-8.052610552757498,1.751560299440136,0.001958295361192,0.999998082537801,5.385466414246108,-0.022579856257167,0.999745042544051,6.572948434437276,-0.006348295853111,0.999979849366857,42.64635723246703,0.003447644839608,0.99999405685487,5848.517174479239,5.9016520182286,0.0,0.6615804036458,6.3964029947911,313.3083333333282,,1648.7103580729056,792.4870751953047,674.0854944458804,,921.9207231336131,,7.2483197098497,15277.43844985962,1.665662575864313,925.373181,280.0,6.951711033343844,1043.93612,6.52407693862915,680.350554914369,-363.58556508563106,-34.828334619328146,34.828334619328146,False,0.14694451,0.09330254,-0.08429965,-0.04679242,0.041926377,-0.09896312,0.030053994,0.12027224,-0.0384845,0.10113191,0.22138125
162,Guarda_15082025,2025,3335,p,2025-08-15 10:45:00,2025-08-15 14:30:00,227.447917,227.604167,sat,1,1,1275.75,340.2,2152.215344,2152.215344,19684.007821,19684.007821,3.75,3.75,5,702.1360070602079,-0.64945357667,0.760401243917016,22.0,,0.0,9.338188048832727,80.20989505247377,16.0,233,19.261899529042385,0.21765919329439,0.285121633551038,0.14019490856006,0.170770409047083,0.238866338604581,0.320816046385243,33.37271590219689,9.666576429542495,23.533641159927477,3933.7254149172036,938.979106040013,6751.929037075852,6.686236325210594,72591.85280774918,3.225775487529008,62.09481692897481,776.8323649913534,94.37507126863056,18.415792999162182,0.022364668486998,-0.999749879521606,24.95734641781848,0.011578745175155,-0.999932964083177,0.002235650071784,0.002249270926961,32.442171932279706,23.148680235577928,10.697129260519914,-7.76924908298029,-35.94791539213942,25.15791119626116,37.03916449174547,33.29530891708037,4.038530842028605,32.4624106498888,17.480082822900812,35.1587973132842,46.214755950939235,42.46888889737593,48.35253086959669,0.016804642194372,-0.999858792030514,0.117797858376162,-0.993037594737475,-0.163776696572805,-0.986497437229159,-0.425149182617404,-0.905123291336464,-0.752160022518005,-0.658980500869119,-0.050025158752801,-0.053480287611442,-0.032868122347213,0.049105557493709,0.047396046150461,5831.822450162102,15468.114936784177,31709.664815026612,58151.83864883779,94963.62137740961,,-10.140549741220667,-8.012354050917605,-7.210960420450035,-7.85447509589667,10.873119585761685,0.001737492656552,0.999998490558495,11.807087707281973,0.001300093965608,0.999999154877483,4.842111475741128,0.0015967540451,0.999998725187447,69.1831311229854,-0.001428318375884,0.999998979952788,,0.0,0.0,2.3475274831865,2.3475274831865,0.607020462483873,,1729.8448375825574,398.8293995934319,665.0001619886541,,933.8955817666872,,9.988562243143381,8770.994149235226,1.683702382309746,,0.0,7.674717512799253,2152.215344,7.237891674041748,1390.1578625836833,-762.0574814163169,-35.408049828322234,35.408049828322234,True,-0.06834996,0.3561312,0.14345759,0.034165382,0.13891645,0.0645575,-0.012336316,0.097980194,0.14967874,0.09107594,0.26561064
162,Guarda_15082025,2025,3336,p,2025-08-15 14:30:00,2025-08-15 16:30:00,227.604167,227.6875,airb,1,1,2372.5,1186.25,2481.284899,3214.935231,24173.163627,31250.903329,5.75,2.0,5,621.1645529486367,-0.186302716013637,0.982492390813253,22.0,,1.072594434944816,7.414891963314162,65.2261775221514,16.0,233,16.82361181434599,0.217929960252552,0.284371599155725,0.139346253378612,0.171327228608394,0.239162506261508,0.3195259054537,35.27652795116134,8.799197063521735,19.866916480162764,4564.239233710181,942.0885139296338,6291.368619204639,6.004514013225677,79138.33040523446,4.088874349969703,61.91061122717321,779.5427398583477,94.39377905173515,17.337031552033235,-0.160673684513113,-0.987007582090928,24.963474300051708,-0.209583650431097,-0.977790720692304,0.000155840030509,0.000155894416636,34.20598584439652,25.065157141807916,10.887408441868512,-7.91348693113292,-35.473036816773714,20.89673602595761,30.892984897855065,30.512249448434183,6.920430287119852,29.327210753529684,17.04154093387172,31.751690786306618,52.81405261172082,34.75815346623415,42.19150017218312,-0.203573283483597,-0.979059711280015,-0.127724307349718,-0.991809710232782,-0.269344562131356,-0.963043875869769,-0.348045273154591,-0.937477726580608,-0.70103091932115,-0.713130878700217,-0.048923978496397,-0.008754175458858,-0.018927577273477,0.073380773438132,-0.138102608965054,5750.790286475085,15446.638780841467,31705.28723631412,58168.4203386386,95005.8862145916,,-9.97397223343662,-9.123131926006671,-7.341586416237071,-7.681903602390433,15.15825374413193,0.003640110520498,0.999993374775752,14.507877914381108,0.00034383220541,0.999999940889706,3.304938432802412,0.000456152838638,0.999999895962288,72.25919213061536,-0.002770878066176,0.999996161110003,,0.0,0.0,9.1637494837721,9.1637494837721,0.083222139229926,,2537.122192410606,49.51968624021447,641.313393754429,,927.0824730244785,,7.857964329289311,8524.463340787977,1.155785846234496,2152.215344,225.0,8.075873490481625,3214.935231,7.700181007385254,2207.74775536193,-1007.1874756380698,-31.328390877871154,31.328390877871154,False,0.23914826,0.34837762,0.17025019,0.1594917,0.020821363,0.17271629,0.040790103,-0.09747389,0.1713101,0.12258816,0.31321862
162,Guarda_15082025,2025,3337,p,2025-08-15 16:30:00,2025-08-16 03:00:00,227.6875,228.125,sat,1,2,3194.25,304.214286,671.214071,673.121618,5354.175207,5252.235644,10.5,10.5,5,624.3684950773559,-0.839211680083457,0.543804887815015,22.0,,0.542244640605296,0.73139974779319,64.22446406052963,22.0,233,17.577424195060956,0.218287492672218,0.284286922591165,0.138444204592441,0.171828217672525,0.239600656443773,0.319207255881613,26.975374412842132,15.501535921553083,54.59490131645685,1867.7933287724102,943.8347582596597,6222.747775084173,12.529934938866118,17250.732282004323,3.570055284891551,56.17071905282005,783.5926432992842,94.56111439382403,4.863718020691666,-0.764886593423311,-0.644164962724055,7.464780543647447,-0.902062737309588,-0.431604932730772,0.216891269306073,0.248394404185801,27.897330947822535,24.2363183786474,11.0962078088643,-8.756086994739592,-35.7345214227446,57.11871830906636,31.943819828149003,28.06854710054049,10.121436393625808,23.39131955827437,4.465828387452237,33.99285613543868,49.11741437962927,36.91919120519308,45.28206320589023,-0.879312047210716,-0.476246074661093,-0.261850819962244,-0.965108360799501,-0.437087516519717,-0.89941898073291,-0.315598765223992,-0.948892733341915,-0.570384216877178,-0.821378015981319,-0.009389453297894,-0.015143187567513,0.01552650337661,0.046715005322849,-0.005261985267113,5890.723261743686,15493.640013642469,31773.81731177821,58226.621069497356,95033.99960029888,,-3.99469664067488,-8.455430039535,-7.752148765774689,-7.519924435606472,5.131531196634089,-0.000523526422273,0.999999862960033,18.020667622822575,-0.002778980904628,0.999996138625111,6.316353003741622,-0.001816113408241,0.999998350864684,42.407910249979494,-0.017809346355437,0.999841401014377,4723.989372023071,0.2111232064946,0.0,1.9692408511696,2.0860074394556,668.5417157727519,,438.5145782884961,233.75481538757262,802.9633480122316,,886.6204158457101,,15.77211463331672,8132.522535639705,1.520371435767287,3214.935231,345.0,6.513410536771081,673.121618,5.46317720413208,234.84556474137074,-438.2760532586293,-65.11097571949165,65.11097571949165,True,-0.4147851,-0.13577065,0.12338888,-0.20460418,0.026011348,0.16374317,0.05985826,0.025585841,-0.22339505,-0.06179769,0.36595768
162,Guarda_15082025,2025,3338,p,2025-08-16 03:00:00,2025-08-16 12:00:00,228.125,228.5,sat,1,2,48.75,5.416667,219.038432,49.443687,2084.164067,691.23412,19.5,9.0,5,652.3482202540107,0.889752446764902,0.456443406651768,32.0,,4.444444444444445,0.0,85.55555555555556,20.0,233,20.882399999999997,0.218159392743705,0.284106577324001,0.137566891133781,0.171786173343657,0.239520297169684,0.318999267578126,25.771679687500022,16.099438476562522,60.72392685069197,1593.6789259275488,945.0724375,6195.18994140625,13.692872013746358,8346.00242022521,3.213668823242188,46.23517877519653,790.2607776207846,94.85726100652269,3.499969119398811,0.033907246709261,-0.999424983988592,5.010618281606147,0.464699812111204,-0.88546828549859,0.095088644640188,0.124493819908268,26.816104125976562,23.583926391601562,11.156588745117187,-9.132977294921876,-36.36837921142578,62.09313125610352,23.754018020629882,31.475163459777832,17.95530185699463,24.988320922851564,3.254353890729989,27.805572849559034,45.83916441941644,38.563591199234196,49.38882126854366,0.327791095101108,-0.944750230469629,-0.52202577944173,-0.852929707301988,-0.34536850392994,-0.938467152591499,-0.770002574925626,-0.638040778170099,-0.843769978131986,-0.536704969236497,-0.008613566652022,-0.012466215957377,0.03676684020732,0.026619119794981,0.030890676389002,5994.8421875,15557.35654296875,31838.4599609375,58240.826171875,94945.84921875,,-3.526775528247116,-7.996773199851594,-7.922899387270816,-7.591551130664558,4.70291324089944,0.005005750799115,0.999987471150983,17.668604874428727,0.005754511585709,0.999983442661132,7.049309673408695,0.004638013906192,0.999989244355661,16.154751144636197,-0.024773403364222,0.999693092146662,4387.983749999996,0.0,2.4228515624997,1.4441650390627,3.8670166015624,598.3979999999732,,293.06600326156666,149.88304997035416,825.0875134966789,,886.4320529614386,,16.352151340946413,4225.871968269348,1.443131360508195,673.121618,975.0,3.920857605173894,49.443687,5.047926902770996,154.69934978742114,105.25566278742114,212.87988249626522,212.87988249626522,True,-0.45583865,-0.21357217,-0.12775467,-0.17204282,-0.026134064,-0.014671296,-0.13583723,0.09504177,-0.22246173,-0.22333287,-0.053688403
162,Guarda_15082025,2025,3339,p,2025-08-16 12:00:00,2025-08-16 19:20:00,228.5,228.805556,airb,1,3,447.5,61.022727,242.973191,241.651695,2369.280176,1363.125637,7.333333,7.333333,5,654.9540389972145,-0.863410773564384,0.504501571942994,32.0,,15.132048536759457,0.0,65.0963597430407,20.0,233,16.29924276169265,0.217023254197132,0.283579748819624,0.131606162924701,0.171066018421734,0.238731887394221,0.318794825339461,34.79372586636545,8.779117918386667,20.552835550366495,4419.236274868124,944.4027559611999,6195.322495069215,6.144707377112565,43368.39998967546,3.870218405115248,46.23529376158581,790.2543523747561,94.85728582189677,8.927563531791757,-0.559994973142454,-0.828496004851672,9.919784793764196,-0.722397897830595,-0.691477604272139,0.064032934641076,0.143557182950793,34.19784768700154,24.95162425753987,11.211187447309378,-9.80259997498543,-36.031797570344196,20.381218431308255,28.211893321949752,38.72581236476099,64.91847779459029,21.563931477382635,7.455198352155626,12.990058414836795,34.19840470308498,48.13776500416157,37.63399081300129,-0.74402268673263,-0.668154354642069,-0.454051910200218,-0.890975231329992,-0.35418892676359,-0.935173889797003,-0.761184288051379,-0.648535642523767,-0.737661151994569,-0.67517110782234,-0.002479601774623,0.139488979033639,0.101451394443422,-0.094636655062535,0.090841886542222,5874.829504414327,15565.968861870375,31846.695121136752,58289.092444275324,95018.66953516312,,-10.088973193807416,-8.841729416548826,-8.205701549446157,-7.311083393295126,2.206237549626743,-0.008036351441724,0.999967708006366,10.869538618626922,-0.004462728370355,0.999990041978165,8.081310210654689,-0.000369881472476,0.999999931593846,26.155922539502715,-0.009646470302084,0.999953471722915,4886.493101943031,1.6983237327349,0.0,6.4076661764152,7.724969135227,3.199269427180171,,1569.4733961876154,732.6466511924658,647.3253117081977,,937.6924895912637,,6.831024988702686,4187.364148615725,2.054085192892459,49.443687,1515.0,5.491627061196702,241.651695,6.071624755859375,432.3842534585974,190.73255845859742,78.92870706269925,78.92870706269925,True,-0.25524616,0.1593911,-0.09330784,-0.13248976,-0.010105318,0.14475001,0.11834865,-0.11482053,-0.09677828,0.116349965,-0.023707379
162,Guarda_15082025,2025,3340,p,2025-08-16 19:20:00,2025-08-17 03:00:00,228.805556,229.125,sat,1,3,48.75,6.358696,83.197412,54.868291,768.090396,472.707149,15.0,7.666667,5,695.0231907894737,-0.457443156757372,0.889238864611669,22.0,,0.0,0.0,98.25581395348837,20.0,233,18.83063829787234,0.216319633618741,0.283270842918939,0.126855951175089,0.170662865042685,0.238334049135445,0.318694763183595,26.204827880859398,14.432641601562523,49.27524014690151,1782.0363251674667,943.44359375,6195.18994140625,10.852399391598864,7504.646992783323,3.492090225219727,47.18858582815401,794.8857776207847,94.88265163152269,3.850759668783665,-0.997907439496269,-0.064658659110757,6.934232199867051,-0.897042272117462,0.441944749979385,0.05626545525795,0.054473477567315,29.512889862060547,24.724441528320312,11.74026107788086,-10.526569366455078,-35.839996337890625,45.84568190574646,30.46846914291382,41.26185941696167,76.43521308898926,22.558585047721863,4.706812242786712,8.04105934412889,35.65514008488632,45.07547759190254,55.91315106158036,-0.998915788295253,-0.046553709782062,-0.171282122601752,-0.985222022935459,-0.371204015639858,-0.928551333407499,-0.657273938223126,-0.7536517565379,-0.900726430681561,-0.434386805821328,-0.006893497891619,0.056870551764689,-0.051542414148899,0.067405006497129,-0.069309325905231,5840.4658203125,15478.667358398438,31782.958251953125,58241.58935546875,94904.7802734375,,-5.224892870866922,-8.355091750282057,-8.695003970797234,-7.055822995934847,-1.173082466759531,0.004111752954704,0.999991546708091,13.186750558140274,-0.008783535407751,0.999961424008817,8.268979066539272,-0.002995901955218,0.999995512275668,25.252164751639363,0.097086005481451,0.995275995661332,5235.651713867184,10.4655456542967,0.0,10.4674224853516,17.113479614257702,204.43624999999489,,28.9725872612001,6.97883186340415,794.311237846516,,949.9212507014854,,13.803538793406883,6833.320635557175,1.983447160748919,241.651695,1955.0,4.022996974136196,54.868291,5.312605857849121,201.87821194534018,147.00992094534018,267.9323854744085,267.9323854744085,True,-0.31873828,-0.21416584,-0.11914623,-0.047462597,-0.13241078,-0.0761264,0.089144915,0.04154879,-0.24842484,-0.048922256,-0.06693814
162,Guarda_15082025,2025,3341,p,2025-08-17 03:00:00,2025-08-17 12:00:00,229.125,229.5,sat,1,4,100.0,11.111111,141.798353,144.457992,1901.13811,2082.602713,9.0,9.0,5,758.3972880299252,0.386183812850961,0.922421846386941,22.0,,0.0,0.0,100.0,38.0,233,23.0685,0.21665834893635,0.283421343292072,0.126940455027629,0.17115326031151,0.238653239470832,0.31874567893002,26.3314138252357,14.581571356165497,51.66921133779796,1873.2515946986528,942.3944041224222,6235.402878616488,11.891308462748578,9140.555818939112,3.349170723447831,48.19294029580369,799.2089733357745,94.91352333760662,3.849725770434672,-0.893025376865909,-0.45000630692636,5.082740953863746,-0.996198671946354,0.087110309449111,0.064819230519551,0.085666820773945,28.14684488276479,23.748807370323746,11.050465923428082,-10.427413914049549,-35.24712686435639,51.18042423725249,32.30300957280942,42.8380031371501,50.75225882974207,20.131014120209237,4.405309299328087,15.406607232994746,37.56340372578806,57.06732452416575,47.87492789851767,-0.969290503545151,-0.245918522558157,-0.362090631035976,-0.932142894043595,-0.698415513606317,-0.715692511036706,-0.642535372492575,-0.766256024508668,-0.998998831688389,-0.044736274825179,-0.001419721944186,0.045177767225808,-0.094832372568334,0.042045571185995,-0.072876860243569,5779.034964544043,15364.320213583454,31643.174131842516,58064.89984799949,94842.0265962076,,-4.798897939995004,-8.171159378921894,-8.386925608385269,-6.918205961796152,2.714434971083455,0.002604417941655,0.999996608497841,13.851679041548277,-0.004759218317587,0.999988674856373,10.610313237429043,-0.002560659657297,0.999996721505686,12.859544224530632,0.073054736570237,0.997327932760661,4652.568769542519,5.121329886411799,0.0,18.2319107445287,19.4712606128985,98.92349017581586,,322.1172212106422,172.66031679927056,796.2029982918955,,941.9023897838837,,13.689496334167492,5664.682886060904,1.688262177422571,54.868291,2415.0,4.97988733014878,144.457992,4.832499980926514,124.52437727274075,-19.93361472725924,-13.798900601677506,13.798900601677506,False,-0.37196526,-0.18917589,-0.109424494,-0.1236597,-0.12461999,-0.25324002,0.115424186,0.03387611,-0.24252462,-0.036046106,-0.054652914
34,Guarda_17072017,2017,443,p,2017-07-17 13:00:00,2017-07-17 15:30:00,198.541667,198.645833,sat,1,1,1088.75,435.5,2353.257267,2353.257267,18557.345313,18557.345313,2.5,2.5,2,770.562198760615,-0.065433770644517,0.997856914421723,22.0,7.0,0.0,20.050586341687744,79.81145090825477,14.0,233,17.496867579908674,0.202099086306692,0.266726637059744,0.094074721241336,0.171666469716726,0.221477634971231,0.300921108357655,33.46787468341663,-0.79844260024963,11.194490383384538,4576.4690930397155,925.4864040456717,7967.8313475258665,5.023274243031866,78410.03417864176,3.020843784420578,66.4024622608017,592.622197244927,97.08033598459481,17.117894028251737,-0.573198893800068,-0.819416272810333,23.490811192751476,-0.596356768380542,-0.802719505684717,0.000137117607866,0.000137694491735,31.88139684550789,23.150267987152855,11.108580418311702,-11.713036271727395,-39.54331998065417,13.168157887158879,18.495618966733275,14.210085129060138,29.17147137034799,28.35806421787989,17.304455419767205,27.506480061554782,46.37930772727942,34.11186445626588,28.624906807948435,-0.571228868996744,-0.820790825499835,-0.576937872903783,-0.81678803297383,-0.727670110763417,-0.685927262835905,-0.707213684729215,-0.706999861479284,-0.905004700520473,-0.425401565624585,-0.000186759182399,0.041124611950071,0.078081672482926,-0.021980257137156,-0.061164432270206,5466.811056578227,15055.621253070616,31221.70957110991,57594.82355870415,93822.79936466667,,-9.526930175940045,-7.74861415781491,-8.911643183162534,-7.757367502962812,3.057321264138363,0.002057423749161,0.999997883501518,12.850241274294854,0.001391390026434,0.999999032016429,3.356107169877498,0.000535477712709,0.999999856631799,59.519296996311056,-0.000265989195338,0.999999964624873,,0.0,0.0,0.0,0.0,0.0,,1889.3290781714484,100.06668629254716,560.1551909890245,,917.218235449399,,5.277766610414298,8655.715793359137,2.836015382400883,,0.0,7.763980571143399,2353.257267,7.41266393661499,1655.8341743933431,-697.4230926066568,-29.63650011355333,29.63650011355333,False,0.1546048,0.34467873,0.11053042,0.13609312,0.14977308,0.06085006,0.122851424,0.021866318,0.17309062,0.11740781,0.067066275
34,Guarda_17072017,2017,444,p,2017-07-17 15:30:00,2017-07-17 23:00:00,198.645833,198.958333,sat,1,1,2273.5,303.133333,1428.407201,1122.241144,13961.589787,10190.394116,10.0,7.5,2,744.2117439682714,0.654054575325936,0.75644736267318,22.0,7.0,5.430448041285479,40.94534365470326,47.75979357260145,12.0,233,16.416923076923077,0.201926002768426,0.265106897688933,0.10596267212921,0.173442142951102,0.219563563471736,0.298535942620418,28.7246982108676,4.039068169312279,23.215100380712116,3187.9029855758545,925.6954965725565,7598.2983869425225,7.108353629928665,40044.541197110855,2.925258059890204,65.02589598787472,625.2960539774758,97.08408302549516,10.897688862433817,-0.802436576411107,-0.596737413639887,19.114803608277082,-0.833961228238542,-0.551823042102142,0.019350911266763,0.020295402761873,29.88447232366672,22.709233170013704,10.858717050233293,-11.471463100272626,-38.09741890829547,24.154101906325806,20.817821272711413,12.754933063766867,25.083079330716423,24.315379240969477,11.190640647836453,30.455463179897762,51.35857901907625,38.6735271803751,30.911383354288837,-0.781621548799477,-0.623752959473787,-0.561889492608708,-0.827212305333962,-0.67541674653613,-0.737436247073975,-0.776776907777192,-0.629775861353945,-0.996651548894867,0.081766069279763,0.008260283323335,0.006193460549171,0.08224907298058,0.026187406175366,-0.010804839220788,5396.004866636093,14954.51297879206,31118.10647054833,57498.3786148199,93851.03552468313,,-7.829228444739991,-7.625598692723862,-8.71974148106273,-7.421675124865104,2.677348403698084,0.003907656372376,0.999992365081692,17.66126379427026,-0.001941169929607,0.999998115927877,5.577192013387643,-0.000406634959154,0.999999917324002,83.7305863860402,0.003865180459301,0.999992530162109,,0.0191807632903,0.0,0.0,0.0191807632903,7.597197812674115,,1013.8379527485567,279.04147636455593,647.6696200200236,,938.5762092009362,,9.129517716986392,6764.831507877464,2.640486498562233,2353.257267,150.0,7.023973663654777,1122.241144,6.047452926635742,422.03415760939714,-700.2069863906029,-62.39362993722166,62.39362993722166,True,-0.25983116,0.12961192,0.13570271,-0.045851916,0.009384661,0.12893748,0.105025575,-0.13890819,-0.044011567,0.113844134,-0.006026907
34,Guarda_17072017,2017,445,p,2017-07-17 23:00:00,2017-07-18 03:30:00,198.958333,199.145833,sat,1,2,350.0,77.777778,613.726085,544.974745,5390.091294,5778.847392,4.5,4.5,2,768.6593772498201,0.263510248957542,0.964656596252954,32.0,7.0,0.0,21.598272138228943,78.3297336213103,14.0,233,16.969940476190477,0.20154916343093,0.266448480280628,0.093806417584418,0.170862200260163,0.220974516868593,0.300786743164066,19.344287109375024,10.155908203125023,55.64278117717322,1011.966705436496,924.424875,7971.1484375,13.053312395172593,6534.793473661241,2.590615844726563,69.49904127290081,599.4499773376422,96.52019181344019,6.26714553924963,-0.289783751148823,-0.957092146854271,14.009636914388707,-0.614648055932562,-0.788801475238429,0.044978026669278,0.045875957471587,24.5921142578125,21.7770751953125,10.595843505859374,-11.31268310546875,-37.85868530273437,55.72731018066406,10.040957260131837,19.05076789855957,15.541454315185547,34.6209156036377,6.366396571693693,43.35453710516629,68.906115970107,44.09253245553612,43.145440927968686,-0.461595477480503,-0.887090533806751,-0.518285869153816,-0.855207435559042,-0.585111704465677,-0.810952707189063,-0.626374084434089,-0.779522614392525,-0.8384221565454,-0.545021364181039,0.007542242378217,-0.016962137728216,0.069904019918338,0.050190478699395,-0.01679804411294,5410.23173828125,14856.5498046875,31026.814453125,57349.75703125,93770.184375,,-3.071616628967486,-7.194925933379205,-8.5550894347548,-7.399388986918416,2.169781392522781,0.003762623484942,0.999992921307201,28.0936903866885,0.000651715666003,0.999999787633323,7.765762047649787,0.000500696388373,0.999999874651555,78.62542144565558,0.023063489963883,0.999734002337965,,0.124755859375,0.0,0.0,0.124755859375,10.429999999999655,,84.43843170165796,18.65025520324658,806.1898951503182,,949.854771593364,,15.893860803305973,4579.179096221924,1.803327751082017,1122.241144,600.0,6.302572720096374,544.974745,5.834942817687988,341.0451745571572,-203.92957044284276,-37.420003828405434,37.420003828405434,True,-0.08927601,-0.20771278,0.14341311,-0.06324084,-0.053070065,0.08666988,0.19060159,-0.113135405,-0.03570872,-0.1566035,-0.009015193
34,Guarda_17072017,2017,447,p,2017-07-18 03:30:00,2017-07-18 13:30:00,199.145833,199.5625,sat,1,2,196.0,19.6,183.984298,111.048307,1107.609098,985.943161,14.5,10.0,2,771.4953465982028,-0.89083612073144,-0.45432478030607,31.0,7.0,39.46015424164525,0.0,60.02570694087404,19.0,233,16.299300000000002,0.201646375020472,0.265881974424482,0.099073273715524,0.17099867693948,0.220557671809854,0.299869064056234,22.51418867869911,6.742457942020357,40.738528915188816,1840.4410022627176,924.0193931041373,7880.744990604535,10.59794455858923,27153.85518514811,1.992422253393492,70.74867870043536,618.0521371507523,96.44136290850882,12.127507777605034,-0.318248550140724,-0.948007310274202,17.47535802376124,-0.360814040825599,-0.932637779603155,0.015453179485892,0.016260003515638,24.076163601696745,19.626458218449706,9.64161371166272,-12.053669398950762,-38.20657362526794,41.314908543499925,18.99548082655389,17.95049577006296,50.04362443671619,49.49747609552448,11.367890590418758,41.442064546438445,70.86580535363342,58.51689654655628,32.717594576994,-0.316572967100925,-0.948568161230872,-0.532222021163352,-0.846604819374894,-0.600170773495,-0.799871891394124,-0.675765891150995,-0.737116313994543,-0.990053356141954,-0.140692402040952,-0.007742394536332,-0.007467764844305,0.047464006094944,0.055089068041947,0.002660255167225,5373.200517346173,14781.025608628208,30864.30869437957,57145.36231151754,93571.03838242713,,-4.855275094140104,-6.425071823742369,-8.471819699077974,-7.289817505103521,1.857397335836737,0.00198684564712,0.999998026220239,26.69240696507318,0.002742407061969,0.999996239594683,9.772757684074472,0.001649121825784,0.999998640197677,62.26137145209118,0.010295141588144,0.999947003625532,5255.982774534836,5.0038493805766,0.1369440414777,23.6326335853962,24.3905574036034,0.0,,608.6409466332107,154.41513411042672,736.0635931564864,,901.1579183930711,,13.051237760969471,5769.0684115749755,2.045945607903755,371.940954,870.0,4.718930090806595,111.048307,5.571608543395996,261.85657557215956,150.80826857215956,135.80420327539036,135.80420327539036,True,-0.4479175,-0.099544644,-0.115603425,-0.075369924,-0.016448999,0.15290996,0.01555475,-0.12116585,-0.029724043,-0.055714615,-0.051740073
34,Guarda_17072017,2017,449,p,2017-07-18 13:30:00,2017-07-18 15:00:00,199.5625,199.625,sat,2,3,265.5,177.0,2191.448573,2191.448573,16564.659958,16564.659958,1.5,1.5,2,679.9670487106017,-0.869608802854805,0.493741359415466,32.0,3.0,0.0,0.0,26.75233644859813,32.0,221,14.503664122137405,0.203413364231586,0.265295728205809,0.115300320088859,0.175066362321376,0.220247785747051,0.298037719726563,30.139428710937523,4.412622070312523,19.60229265194483,3431.873540555369,924.3199999999999,7476.93359375,6.482764344266855,63478.119253931814,2.5601806640625,70.5179560709783,642.901717342817,96.53840535087255,18.46474828118761,-0.696042312520676,-0.71800076544588,25.080250969326645,-0.708758037928456,-0.705451659344427,0.001672777640597,0.001672970057833,28.638381958007812,20.035003662109375,8.914642333984375,-11.608810424804688,-38.069602966308594,21.710201263427734,30.23628520965576,13.022367477416992,68.59110450744629,72.40085220336914,17.752844168591004,29.10524886194821,59.04714096968162,61.9700846226263,42.01003970894314,-0.702938381138099,-0.711250752071974,-0.623458868464592,-0.781856150025598,-0.563379572959267,-0.826198194607223,-0.617176454735884,-0.786824773198992,-0.879648199386634,-0.475624899806406,0.00286474195698,0.06801019838408,0.091209062391622,0.007503596881681,0.023527772613777,5259.1865234375,14764.2939453125,30788.6357421875,57095.234375,93669.84375,,-9.387535750751095,-7.155756926470333,-8.014230120368723,-7.375637787632849,6.138336776030863,0.00209721500176,0.9999978008422,17.744244861705223,-0.001612769848119,0.999998699485863,8.902397526337886,-0.000512906188687,0.999999868463612,66.35004091475288,-0.003615475373841,0.999993464147552,,1.5554809570313,0.0,0.1007080078125,1.6561889648438,0.0,,1752.9397705077745,50.26796875000605,633.3813900248376,,916.2246021605116,,7.982812128012569,8896.749019622803,2.035995541870762,,1470.0,7.692774268098953,2191.448573,6.902888298034668,994.1448436132207,-1197.3037293867794,-54.635264734856236,54.635264734856236,True,0.30062026,0.36676443,-0.06654324,0.024161123,0.007449572,0.11748031,0.08381174,-0.12515068,0.22610092,0.14890829,0.04491271
34,Guarda_17072017,2017,450,p,2017-07-18 15:00:00,2017-07-18 17:00:00,199.625,199.708333,sat,2,3,1684.5,842.25,1374.473683,1059.040751,14147.409311,11312.238569,3.5,2.0,2,741.1317622647102,0.718874834450311,0.695139534477819,32.0,7.0,11.8332423083925,4.733296923357,62.606954305479704,18.0,233,16.054386594853383,0.202021411083732,0.264395181212878,0.113162826433289,0.172657053805509,0.219225044353118,0.297397175990204,29.19111335584957,6.00273364950899,23.27730958576782,3108.4576748729282,923.6184273614435,7532.207084257973,7.070048148907932,54796.50077869974,2.277739223122003,71.47530462461313,659.2241157691133,96.59411392019508,17.370261445900397,-0.864007279162494,-0.503479315914988,24.264368668192223,-0.867638207856119,-0.497196078291274,0.011311754608549,0.011392788132684,27.779702356058852,19.260079388503033,8.704600942259033,-11.161961716127616,-37.66365382625536,27.035770706468302,38.75103071513383,13.546845481411522,51.012331833351425,73.2135188901532,16.963510321491192,26.532086556582804,52.959659134461575,60.50640169077953,48.518699692760585,-0.870887687106813,-0.491482081510349,-0.785934936755079,-0.618309206779092,-0.615425576858105,-0.788195000839811,-0.633122225081388,-0.774051838127133,-0.797098151630581,-0.603849763324548,0.008588410087337,0.081585934896003,0.069211577760852,-0.057587784047671,-0.010935187072201,5233.035439789249,14719.01352952164,30727.482677382897,57041.14927192545,93657.28125829558,,-9.296146518278645,-6.792264727305795,-7.757720239195703,-7.387038066115314,6.598494849084287,0.000968107129402,0.999999531384183,15.311272663152218,-0.003163233120998,0.999994996965596,8.711411302164601,-0.001403524926327,0.999999015058405,65.12774530172085,-0.00398164721858,0.999992073211296,,0.0136493063762,0.064457449985,0.0,0.0782359296077,0.0,,1597.7901552413707,149.92953097721931,657.0107869023283,,916.0207971540052,,9.136179096258653,8587.335491074136,1.909941089764373,2191.448573,1560.0,6.96606263070677,1059.040751,7.285684585571289,1458.2597791782393,399.21902817823934,37.69628579460011,37.69628579460011,True,0.25909415,0.2534294,0.14676341,-0.07002907,0.005758076,0.15222156,0.10438197,-0.09520605,0.1690709,0.13993055,0.03281483
27,Guarda_23082017,2017,316,p,2017-08-23 14:00:00,2017-08-24 03:30:00,235.583333,236.145833,sat,1,1,989.75,73.314815,286.315476,286.315476,4042.198072,4042.198072,13.5,13.5,3,797.7772520817563,0.837469910094188,-0.546483439535759,22.0,7.0,0.0,1.036806635562468,98.85951270088128,14.0,233,23.246430020283974,0.192257124810408,0.25902994852276,0.095807846006474,0.157934099995985,0.211645020264997,0.294359484878502,24.203351554067467,11.32558209006187,51.0852228714469,1846.2130197084523,929.9786708927851,7801.908184428291,12.163795672619553,23544.280167446665,2.350718722547248,44.61961806371219,897.0572446290331,94.50871387785936,9.13181245212192,-0.995699564387137,-0.092641121966785,15.45430338421979,-0.999345120025627,0.036184680197072,0.086402959857214,0.078655877344733,24.299425315340862,19.631403092912304,8.929965647817806,-7.670414422586251,-37.77393313953771,54.74159314886304,33.62975630564612,22.95505496667826,6.107563529639701,32.25300833196348,9.769889583661032,17.356172269306956,37.105114528277554,29.631527929651902,23.145423187177204,-0.999815313467341,-0.019218193364715,-0.957827861152316,-0.287342632410124,-0.53316841708897,-0.84600912466642,-0.925768692727944,-0.37809036957425,-0.996493460216205,-0.083670686302519,0.001235298964328,0.001660941379351,0.041760071755032,-0.032653004855339,-0.065094147231875,5595.546032738962,15034.353683229332,31098.51928876321,57507.95540782741,94238.19095517341,,-5.09349048608498,-6.886186775896384,-6.482304295159472,-8.39100528985292,0.863116960051493,6.48430131e-07,0.99999999999979,11.9991039469673,-0.008369558711509,0.999964974630099,4.129124240883071,-0.001766685913001,0.999998439409225,61.42625546484648,0.000430277229239,0.999999907430749,3373.584999278585,0.0055530781897,3.3701411115395,1.3022646804361,4.6779555168573,0.498350623639424,,833.349404750433,180.05437215125977,775.8150037584144,,890.8419936886448,,16.992712484968056,5174.7225918804925,1.413327445157552,,0.0,5.660580831572407,286.315476,5.921916961669922,372.1262975530462,85.8108215530462,29.970724164783253,29.970724164783253,False,-0.4564776,-0.0895056,0.15651163,-0.050681286,0.19558898,-0.079096414,0.09212267,0.013323609,-0.079498835,-0.022254832,-0.06797862
27,Guarda_23082017,2017,317,p,2017-08-24 03:30:00,2017-08-24 11:30:00,236.145833,236.479167,sat,1,2,125.5,15.6875,188.460411,192.482068,2080.202134,2071.778362,8.0,8.0,3,881.7869261477045,-0.768828628652375,0.639454877035518,22.0,7.0,0.0,0.0,100.0,14.0,233,24.31547619047619,0.191830750143156,0.257528839857807,0.095534625835717,0.157743438333273,0.211135005950929,0.292289733886723,17.652185058593773,12.886773681640648,76.60638974545473,566.572537615963,927.9036718750001,8025.3916015625,17.117103955422778,3658.113208026163,0.664119720458984,44.11312488158792,916.0666521316064,93.75851206154525,6.228879649640989,-0.981644253657613,0.190721155777192,9.7253684170124,-0.978503456327716,0.206230419566835,0.003837228041089,0.003676387785831,18.44369125366211,16.006309509277344,8.678070068359375,-8.16214370727539,-37.568931579589844,78.84923362731934,39.881136417388916,5.242254257202148,10.38712763786316,68.5985951423645,6.482935500451712,8.866144465406151,38.76150665122625,33.889941464081744,37.38657698173438,-0.979105424759218,0.203353306358839,-0.997354232975131,0.072694800134457,-0.875558148466002,-0.483112749422726,-0.860843340124692,-0.508870065697486,-0.721090940090378,-0.69284042615856,0.006640102007245,0.016154144403741,-0.044283283380915,0.015152705854596,-0.039391569345532,5678.3729248046875,14979.595825195312,30895.147216796875,57361.5927734375,94074.7109375,,-2.659537623092584,-4.715593189005089,-6.575957274847134,-8.196799680272111,0.299154939248575,-0.000239544708677,0.999999971309166,14.802021551065751,-0.005641071094471,0.999984089031874,5.7543594567144,-0.00271086415513,0.999996325601016,35.14135998132131,0.001783825027473,0.99999840898287,74.88297119140823,0.792007446289,29.4322204589828,0.0,30.135345458982698,0.074999999999998,,332.49171867370654,156.8966979980496,866.2080239461502,,854.3125239653667,,22.124582946892126,3247.06768989563,0.98386794883464,286.315476,810.0,5.265184836340912,192.482068,5.171756744384766,175.2241464958994,-17.257921504100608,-8.96598923911219,8.96598923911219,False,-0.27303338,-0.27106926,-0.11528075,-0.01755518,-0.009781478,-0.24344088,0.15260376,0.028614935,-0.16383025,-0.25486255,-0.04532516
27,Guarda_23082017,2017,319,p,2017-08-24 11:30:00,2017-08-24 15:00:00,236.479167,236.625,sat,2,3,895.25,255.785714,627.618055,627.618055,7230.228077,7230.228077,3.5,3.5,3,883.7352120535714,0.091906850173261,-0.995767608878311,21.0,7.0,0.0,0.0,100.0,14.0,233,22.46528888888889,0.191972334366293,0.25749550475562,0.09644017405808,0.157970485091209,0.211177389323713,0.292163848876957,26.929345703125023,6.274377441406273,27.13904873684448,2593.27909294089,928.3353125,8025.3916015625,7.813697960424658,28996.55280114492,0.971408843994141,44.11312488158792,916.0666521316064,93.75851206154525,10.975171127452944,-0.96118736913623,-0.275896432403487,14.67002786376673,-0.991618513824146,-0.129200321366445,0.00072612543616,0.00076110055896,25.568138122558594,16.934402465820312,8.991584777832031,-8.934135437011719,-37.78076171875,29.090527534484863,44.50935745239258,6.891002893447876,12.5296790599823,62.530866622924805,11.435969369562933,14.858726773841346,47.70035743461644,33.584355669204754,41.95448162764857,-0.990289064539612,-0.139023626241225,-0.949870314125265,-0.312644184886862,-0.81916920998896,-0.573551920410056,-0.837831185227803,-0.545929395672898,-0.781121583697634,-0.624378948621508,0.006888233173799,0.048930933298852,-0.000905892079032,0.006230700619491,0.000640829824989,5673.033935546875,15094.4326171875,31006.421875,57445.978515625,94117.810546875,,-9.420660042207434,-5.111063481612289,-6.999838115133004,-8.040661159925307,1.716186549838538,0.002213278479073,0.999997550696187,16.31781650529057,-0.004084151280851,0.999991659819378,4.581818760755688,-0.001755219232219,0.999998459601537,30.637032284141732,-0.004899959525543,0.999987995126266,,0.5480957031253,0.0,0.0,0.5480957031253,0.0,,1632.793322753902,137.9832112630182,684.7559116341541,,917.2673887312764,,13.244041551558567,5726.92596912384,1.553748924844478,,1290.0,6.443523846509048,627.618055,6.072701454162598,432.8511288458051,-194.76692615419495,-31.032715614625673,31.032715614625673,False,0.015690219,-0.017679479,-0.07814131,0.057585567,0.010513511,-0.270141,0.087566115,0.082685314,-0.08931683,0.087693416,-0.04097659
27,Guarda_23082017,2017,320,p,2017-08-24 15:00:00,2017-08-24 23:30:00,236.625,236.979167,fops,2,4,440.0,51.764706,137.363105,131.826988,1286.354607,1281.759058,8.5,8.5,3,855.2808063600227,-0.569153865298643,0.822231036640927,22.0,7.0,0.0,6.920821114369502,92.6099706744868,14.0,233,19.008718535469107,0.191581521130271,0.257292363091143,0.0951914495892,0.157705066270298,0.210833410753145,0.292060004340282,23.33792860243058,7.092241753472245,37.32544163066476,1902.597804119745,928.2711805555555,8025.3916015625,9.53781631826602,21552.086320646908,0.542673746744792,44.11312488158792,916.0666521316065,93.75851206154525,9.715716980327043,-0.993478502572266,0.114019581330433,14.900035844187187,-0.98499649985891,0.172574318094251,0.032290964624187,0.032447497577597,23.17617458767361,16.520250108506943,9.43490261501736,-9.507639567057291,-38.798550075954864,40.29926745096842,39.64996422661675,7.108892440795898,26.029664993286133,74.121337890625,9.704441465988724,12.383872805196459,45.09750347189278,28.984455668655194,45.907360306621584,-0.991624934932926,0.129151029493651,-0.859704729248339,-0.510791325795614,-0.822280906106269,-0.569081814375625,-0.808102386113852,-0.589042047359184,-0.502579458734399,-0.864531021802132,0.004779308297978,-0.007593034681158,0.006803367260123,0.010247410099602,-0.0196765971712,5668.771321614583,15039.4384765625,30981.830729166668,57402.86371527778,94012.12847222222,,-7.262580680924419,-4.559296492889765,-7.396898265421053,-8.164500214600087,0.710921528688315,0.001321056760926,0.999999127404137,15.956378977285917,-0.006399155360661,0.999979525195726,3.974186440955845,-0.003030284216382,0.999995408678244,56.88697694473017,-0.001450841852885,0.999998947528405,,3.7443033854167,0.2796088324653,0.0,4.023912217882001,0.0,,902.1811720106267,192.46611175537146,731.8436063014742,,937.1313089717122,,16.041268961888356,4962.183104621039,1.777177938879502,627.618055,1500.0,4.889047439286925,131.826988,6.0190558433532715,410.19018444925734,278.3631964492573,211.15797354731134,211.15797354731134,True,-0.3554643,-0.123130076,0.16269599,-0.049305037,0.011981636,-0.00424261,0.121973105,0.067625076,-0.06955856,0.012220077,-0.03500252
27,Guarda_23082017,2017,321,p,2017-08-24 23:30:00,2017-08-25 02:00:00,236.979167,237.083333,sat,2,4,621.75,248.7,231.624397,784.22618,3224.04708,11167.148129,11.0,2.5,3,845.161180248896,0.816558579199417,-0.577262580404991,22.0,7.0,0.0,3.05715551617191,89.76517501107665,16.0,233,22.843001605136436,0.191292878851295,0.257170089713227,0.09449607282877,0.157428121566772,0.210580900311471,0.292025756835942,16.183496093750023,10.892154947916689,71.07081293033771,537.2556672874458,928.0022916666667,8025.3916015625,16.69405127240937,2387.169723368105,0.088119506835938,39.35294785307928,923.8166521316062,94.3650433505842,4.403114343345003,-0.740649248640827,0.67189187410459,7.340726537630844,-0.827643604478196,0.561254010200675,0.006209594245997,0.00612161538697,16.957906087239582,15.741658528645834,9.565419514973959,-9.70489501953125,-39.131184895833336,81.53122202555339,17.633159319559734,2.665651877721151,24.065993626912434,36.74336179097494,5.053020645801724,13.117511492353854,31.538450678188415,21.75398922088316,31.5306684952617,-0.842710026637796,0.538367728420013,-0.54642726552518,-0.837506563252297,-0.778868696875764,-0.627187015990486,-0.949534540978914,-0.313662486580662,-0.858387773091078,-0.51300139474249,0.015776613063606,-0.009397952776773,-0.012913072317706,0.032375990299265,-0.022149707734657,5714.598958333333,14968.407877604166,30937.420572916668,57313.734375,93809.34635416667,,-1.327102801408344,-3.974301175793775,-7.524890523368398,-8.202235636784755,-3.218223824766687,0.000432878488978,0.999999906308103,12.480882515688727,-0.009997504456359,0.999950023703507,3.735833699294032,-0.003265424810181,0.999994668486192,35.73122719670694,0.004920303444683,0.999987895233743,,0.0,12.0662434895837,0.0,12.0662434895837,0.0,,193.27266845702374,15.041491699217403,857.2600648972993,,853.6767962996834,,22.646246562714435,2539.597988128662,1.194791002047805,131.826988,2010.0,6.665971803670219,784.22618,5.874921798706055,354.996820170234,-429.229359829766,-54.73285268667848,54.73285268667848,True,0.18400016,-0.21168345,0.16558707,-0.049891144,-0.101793624,-0.014349394,0.099501856,0.050992295,-0.23684993,-0.29191166,-0.07351521
64,IdanhaaNova_30062020,2020,1957,p,2020-06-30 17:30:00,2020-06-30 19:30:00,182.729167,182.8125,airb,1,1,389.75,194.875,2819.68761,2819.68761,22318.315795,22318.315795,2.0,2.0,4,318.43103860880666,-0.133008571075373,0.991114887397262,22.0,7.0,0.0,0.0,41.944847605224965,31.0,236,14.55508997429306,0.224548024567893,0.272007678701293,0.116712929194654,0.178424620939948,0.248484651565109,0.297118606814202,31.717482373953366,9.201699318106975,24.955146087417905,3511.328269805778,963.5856461400947,3431.729773145642,7.042241338318664,49072.18149047712,2.906643055110576,53.53379280827326,444.0073125346079,94.77599889506918,13.89357957514916,-0.996252078706087,-0.086497373797131,23.478625720848353,-0.998402587122776,-0.056500212623925,0.001946297842365,0.001951150769211,29.741461488965147,20.449522983000612,8.63623687277946,-7.959409934502515,-37.949851275479375,26.902928864306617,38.99210173927406,13.82332807269811,4.140121923084878,30.59805724661907,25.612805376992725,23.9453820371755,34.886783748075466,54.62517105409289,87.36202890332453,-0.99846254719261,-0.05543051374149,-0.983667140548807,-0.179997101655928,-0.754650151464521,-0.656127387703467,-0.918406460423124,-0.395638185029035,-0.985651867469328,-0.168790983628349,0.030725761637631,-0.204820130275928,0.040246095168046,0.008034960985086,-0.059678977307386,5240.202712871984,14800.317155806895,30870.67322202195,57260.16824464722,94010.47538331867,,-10.13885498445511,-7.601641836384813,-6.480455997003871,-8.359486288074855,49.7730892011693,0.001692859316377,0.999998567112641,7.07025960767937,-0.004181969189166,0.999991255528618,7.359624203163306,-0.00111250864252,0.999999381162069,81.32113941128603,0.003538009250579,0.999993741225685,,0.0,0.0,0.0,0.0,0.0,,1508.6736884514667,517.5730311421748,693.5363377722294,,631.3784179584327,,11.769192205213574,12836.775101989864,1.575531675767619,,0.0,7.944735967542977,2819.68761,6.895890712738037,987.2055401872661,-1832.4820698127337,-64.98883292297523,64.98883292297523,True,0.2320355,0.17811106,-0.05749012,0.022037208,0.18558137,0.12735681,0.049982987,-0.10788675,0.19796547,0.1406196,-0.007876334
64,IdanhaaNova_30062020,2020,1958,p,2020-06-30 19:30:00,2020-06-30 20:00:00,182.8125,182.833333,"airb, fops",1,1,174.25,348.5,2754.671347,2507.086067,22841.335506,26974.732447,2.5,0.5,4,294.2179755830904,-0.563609118306643,0.8260416222937,22.0,2.0,0.0,0.0,66.57458563535911,35.0,236,14.352,0.221082864899405,0.272653535483084,0.111680975004895,0.174566639608106,0.245286392126888,0.299939604574978,29.14592771995088,10.805113138690245,32.104393743501944,2737.455672832125,965.0178120789408,3476.5299807020374,8.257395989634173,29642.48530811833,2.976783582630848,54.03517698537442,439.6386072291457,94.76213874523884,10.818749592952363,-0.999201629660031,-0.039951261366055,21.80442066041814,-0.998833983605763,0.048277046246038,,,28.023776553927313,20.20553358042087,8.251966415159172,-7.869615119164382,-37.88353419809164,34.17616569526646,31.015024670751377,21.1035544720768,3.993695097940713,31.85087446041288,24.79011645551862,22.868620368403977,27.974086222569767,53.27646278040883,87.37938560659605,-0.995098426466399,0.098889441519796,-0.915313523289174,-0.402742044097656,-0.880942862748864,-0.473222645878065,-0.933950854850504,-0.357401455962358,-0.97628661448683,-0.216481977018512,-0.004687230400379,-0.165648772576608,0.079277093089926,-0.022680068840142,-0.052209747611834,5294.95993741794,14817.518171463145,30878.101282453783,57260.728085440656,94037.53223827819,,-8.530839037595275,-7.691910227999044,-6.295337623686439,-8.36603043413259,65.74795272654535,0.01132523978627,0.999935867415398,5.790121990500534,-0.003094838531181,0.999995210975766,7.798106321281691,-0.001148644872557,0.999999340307261,102.48675832006722,0.01350449115306,0.999908810201559,,0.0,0.0,0.0,0.0,0.0,,619.4238359706987,,737.4014298468298,,687.4223829712105,,14.822142764748376,12401.001477463922,1.980120768829857,2819.68761,120.0,7.827275218149643,2507.086067,6.721755027770996,829.2733864079818,-1677.8126805920183,-66.92281939086769,66.92281939086769,True,0.31364638,0.15491435,-0.064986885,0.11647542,0.008024892,0.16223949,0.045405895,-0.11854056,0.14819072,0.12876129,-0.03346275
64,IdanhaaNova_30062020,2020,1959,p,2020-06-30 20:00:00,2020-06-30 20:30:00,182.833333,182.854167,airb,1,1,84.75,169.5,2410.047279,900.646151,17514.880292,713.011536,3.0,0.5,4,294.9027157738095,-0.4277530763517,-0.903895627642736,21.0,2.0,0.0,0.0,77.06422018348624,35.0,236,13.01592105263158,0.220680531204921,0.272731195827481,0.111088229645508,0.17411739265433,0.244916253711564,0.300271230019313,29.15474597254444,10.804898059358695,32.08758809456786,2739.5225212549467,965.0888398773919,3481.7842477896875,8.254262207417648,29614.8708220912,2.980486979870979,54.09398042678025,439.12623584173105,94.76051319631719,10.801132809360531,-0.998985436117964,-0.045034413776587,21.753384326471625,-0.999026091803994,0.044123325972068,,,28.031793299949392,20.208312808658246,8.247338848916286,-7.872019638878823,-37.8879819714558,34.1560685901095,30.862576377536993,21.064255130407474,4.004122139733504,31.923450922468113,24.682587340292258,22.777134276836605,27.88462714296466,53.29640480841133,87.3754110100352,-0.995443318901056,0.095355119711798,-0.916188843873656,-0.400746805803182,-0.880570280973597,-0.473915583480941,-0.933812926926748,-0.357761676964567,-0.976342010174207,-0.216232003110058,-0.005085294551593,-0.164947302595437,0.079132761590368,-0.023612850775755,-0.053347055537203,5294.777119986122,14817.435043301502,30877.773071393833,57259.86690779713,94036.19444483594,,-8.536553930484798,-7.696676369974218,-6.29446954331728,-8.366599967293965,65.55352429098869,0.011503314801418,0.999933834685365,5.771364267142061,-0.003067429942825,0.999995295425706,7.809723974977344,-0.001133186895532,0.999999357943524,102.31522602882494,0.013686165570044,0.999906340049902,,0.0,0.0,0.0,0.0,0.0,,616.8552725615923,,737.3611237023831,,687.4635195899061,,14.807416580794634,12346.863919830532,1.983123036958094,2819.68761,150.0,6.80422214930371,900.646151,6.73764705657959,842.5735181033473,-58.07263289665275,-6.447885535531784,6.447885535531784,False,0.29782885,0.11027764,-0.0728391,0.10000089,-0.009224236,0.05755643,0.03594713,-0.17201166,0.14412239,0.116596505,-0.034262113
64,IdanhaaNova_30062020,2020,1960,p,2020-06-30 20:30:00,2020-06-30 21:30:00,182.854167,182.895833,fops,1,1,24.25,24.25,1900.293858,454.949447,14430.036508,360.168312,4.0,1.0,4,316.1135771780303,-0.976973631971615,-0.213360076940815,,,0.0,0.0,0.0,0.0,232,2.216666666666667,0.218280699104073,0.273196315548823,0.107589390873914,0.171437680721286,0.242704901099207,0.302252197265622,27.490380859375023,12.439843750000023,39.37329994771893,2220.432389033821,965.975,3513.170654296875,9.396984107056834,19406.10412499516,2.958587646484375,54.44524325472495,436.06558125760364,94.75080296682155,8.739786097895715,-0.999660908391018,-0.026039743371313,19.71150707544776,-0.987912520050889,0.155012427652438,,,26.602386474609375,20.033782958984375,8.116607666015625,-7.877166748046875,-37.826629638671875,42.5282096862793,28.552371978759766,26.069869995117188,3.848538160324097,31.128835678100586,22.528803138341548,23.179823526079982,23.900799334693673,52.941317898814354,86.27657754637303,-0.967878632394392,0.251417885112338,-0.894281532293524,-0.447504794386324,-0.897791056636858,-0.440421637323683,-0.941792523781447,-0.336194649198011,-0.971775110330476,-0.235909166719294,-0.041485577606584,-0.080038372790599,0.016488628907322,-0.024367721326042,-0.035893821270853,5328.5361328125,14832.7255859375,30885.306640625,57268.0859375,94046.265625,,-7.167300822379988,-7.668492698249461,-6.245430052829236,-8.348064022229273,67.0636122951461,0.020721387239468,0.99978528900503,5.114137491447059,-0.003252986038807,0.999994709026918,8.172503221652631,-0.001276074924892,0.999999185816062,104.16673816291687,0.022757133228469,0.999741022909044,,0.0,0.0,0.0,0.0,0.0,,352.1800842285261,,774.250707019123,,708.5725561184746,,16.436868908139616,11264.40143585205,1.85860815186931,2507.086067,180.0,6.122381941526653,454.949447,6.423776626586914,615.3263588633771,160.37691186337707,35.25158958229859,35.25158958229859,True,0.2797768,-0.09434207,-0.08962972,0.06468345,0.023893788,-0.056692086,0.048716452,-0.16594653,-0.077205494,0.013704654,-0.054404538
64,IdanhaaNova_30062020,2020,1962,p,2020-06-30 21:30:00,2020-06-30 23:30:00,182.895833,182.979167,fops,1,2,27.0,13.5,257.376288,259.020675,203.756228,205.058034,2.0,2.0,4,298.5248709862385,0.677169362613039,-0.735827190540178,22.0,7.0,0.0,0.0,86.23853211009175,35.0,236,14.498275862068965,0.22674607382417,0.272185030579566,0.123756145238881,0.180784196257595,0.250164531171324,0.296226806640622,25.035546875000023,13.941064453125023,50.29885455307338,1580.350163842283,965.2196875,3417.7431640625,11.106491822611833,11806.568881323372,2.672309875488281,53.377260844068424,445.37122079842624,94.78032602898404,7.436393260315494,-0.999033000332828,-0.04396662650223,18.170395750174432,-0.981575053342674,0.191076986200138,6.9419913433e-05,6.9548739482e-05,24.717910766601562,19.838104248046875,8.493484497070312,-7.851852416992188,-37.53809356689453,54.10530090332031,25.335233688354492,31.514039039611816,3.194376468658447,31.084006309509277,20.659342015180098,26.38144366426096,25.418289394424416,56.44759763069468,97.59945071463302,-0.918737841737275,0.394868051581707,-0.899252581321974,-0.437429760059562,-0.882784367368407,-0.46977841662848,-0.970402465168696,-0.241493386233491,-0.967796566245236,-0.251733601976238,-0.012564665193796,-0.03863460871552,0.038173249598234,-0.014155731936991,-0.005225607274907,5371.985107421875,14849.2041015625,30903.7763671875,57301.302734375,94126.78515625,,-5.324577924409002,-7.300063277252367,-6.382712156859492,-8.274694027193963,60.540122305953886,0.032849749556339,0.999460301339721,6.13538334892053,-0.003526711032688,0.999993781135309,9.068065998704025,-0.000976451131501,0.99999952327148,100.98030957734704,0.02813566059587,0.99960411393853,,0.0,0.0,0.0,0.0,0.0,,247.107223205574,50.467182006834776,819.5748091579164,,715.2572690991589,,19.16830789622486,10340.712070465088,1.506339861133849,305.363349,240.0,5.56076114708481,259.020675,6.138579368591309,462.39478983450147,203.37411483450148,78.51655657777184,78.51655657777184,True,0.18051074,-0.17876905,-0.12205945,0.12136492,0.013675597,-0.035674646,0.06376576,-0.14631812,-0.105611116,-0.060680944,-0.08949158
95,Leiria_05082023,2023,2576,p,2023-08-05 14:15:00,2023-08-05 17:30:00,217.59375,217.729167,airb,1,1,321.75,99.0,1645.324786,1645.324786,16991.406177,16991.406177,3.25,3.25,5,253.40896528316523,-0.245368694536125,0.969429834357102,22.0,4.0,0.0,0.0,34.73005640612409,18.0,223,17.19421875,0.132033842426809,0.193231773597989,0.07316711875866,0.1034514705815,0.146093521238317,0.225611631360519,31.802367650054606,10.49791214148106,27.17538652207088,3428.6476341514576,991.6360372094423,2344.867748416101,7.331265028952038,61549.54494108672,1.508391329695616,50.919135283850665,794.3236968337638,94.64887106933578,18.070958260979197,-0.302082050335877,0.95328192832177,25.188135212060192,-0.277838878337581,0.960627689421929,0.000333217669379,0.000338489719086,26.79602180245163,22.49188019717057,13.475097537779336,-3.776039326290784,-33.86419425927215,29.240844478098268,21.660838077438655,18.901281427260173,15.803611157179745,40.70690575258595,26.86437663273272,18.336474675461595,22.69126830499994,17.479053741853832,34.12034647327179,-0.056638091211446,0.998394774938212,0.391519692394781,0.920169729162558,-0.298784806850386,0.954320511775461,-0.491373844764158,0.870948761226336,-0.984162069295113,-0.177271039261244,0.018311972679643,-0.127759271118012,-0.088616658275906,-0.055173817202623,0.025959966627244,5867.048640148366,15397.683999754589,31661.697928467824,58553.43035751314,95964.03874632763,-16.597571278402487,-4.696443862654968,-5.802141051499035,-6.736419173300515,-8.386722813981,25.965115446621514,0.016053419563987,0.999871135557129,1.311491160884236,0.000191890641089,0.999999981588991,-0.293929354579197,-0.000602686733894,0.999999818384334,68.1472668536325,0.010205002021263,0.999947927611106,,0.0,0.0,0.0,0.0,0.0,,753.8742091673439,118.93128279267506,726.7908367669888,,569.4179831560292,,18.96441272086592,13437.295925339311,1.962410469613715,,0.0,7.40630068011982,1645.324786,7.051454544067383,1153.5368467704698,-491.78793922953014,-29.89002192236653,29.89002192236653,False,0.06367502,0.34413338,-0.0742874,0.0564524,0.17108254,0.09886685,0.028150763,-0.058432985,0.1989919,0.15438107,-0.08360662
97,Leiria_07082023,2023,2584,p,2023-08-07 13:45:00,2023-08-07 17:10:00,219.572917,219.715278,airb,1,1,79.75,23.341463,490.985958,490.985958,4963.330073,4963.330073,3.416667,3.416667,5,186.00876708199357,0.020770891622791,-0.999784261759103,21.0,6.0,0.0,0.0,0.790513833992095,17.0,227,15.278026315789475,0.118470876103649,0.181697111750568,0.058756607994439,0.088084824010738,0.1331390284747,0.215150146484387,36.68288574218752,10.990136718750023,21.428104506248282,4844.835891667973,986.939375,2354.98046875,6.073077429618518,37834.78117435872,2.126697540283203,48.733594846475796,810.2785273242441,96.69826868377068,7.991449965862343,-0.644817784304017,0.764336329795502,13.553079639621973,-0.139221890975964,0.990261210526332,0.002957013701505,0.002840462900726,33.745872497558594,24.93531036376953,14.681915283203125,-8.441482543945312,-33.44905471801758,19.63843536376953,27.364716053009033,19.226266384124756,41.064788818359375,13.721263408660889,10.27189555305886,11.712694870658046,33.11276862091017,67.0866232164587,54.91833119099451,0.257049211012282,0.96639831493953,0.780492496937706,-0.625165147960077,-0.771724406547127,-0.635957105738653,-0.766405953379658,-0.642356532327817,-0.757234252182079,-0.653143389557184,0.093888113805694,-0.017469777270053,-0.005613739794696,0.017854888782943,0.021413656743057,5499.71142578125,15197.90087890625,31565.98095703125,58273.0029296875,95361.134765625,-13.235488845130691,-9.613603420715496,-6.597879394623134,-9.029486097179285,-6.970569532818689,0.848149589631237,-0.327089107343217,0.944993500431308,8.305837730271726,-0.012748304421231,0.999918737065359,10.691292098088715,-0.006653322312996,0.999977866406152,38.450932083818664,0.018506857710857,0.999828733442718,,0.0,0.0,0.0,0.0,0.0,,885.40107177752,178.78737304703884,680.6955798859103,,597.2354107115605,,9.1973608935102,5181.910336017609,2.346328543261658,,0.0,6.198450175434609,490.985958,6.428857326507568,618.4656964088529,127.47973840885288,25.964029384492683,25.964029384492683,False,0.034484133,0.12196169,-0.0915042,0.01755042,0.21767482,0.015352452,0.013813747,-0.06573587,-0.089103855,0.1448313,0.008994539
84,Leiria_12072022,2022,2365,p,2022-07-12 12:00:00,2022-07-12 12:30:00,193.5,193.520833,airb,1,1,3.0,6.0,516.705396,516.705396,6516.436104,6516.436104,0.5,0.5,3,175.2698771158854,-0.980082484123735,-0.198590846500658,21.0,6.0,0.0,0.0,0.0,0.0,233,23.23,0.101726653766638,0.142233949978053,0.054204550385478,0.078051803708083,0.11325202286244,0.163666381835944,37.46718750000002,6.788720703125023,15.36857058491413,5432.933704639649,995.5450000000001,1617.67626953125,5.182669708378492,84243.647812672,3.987075805664062,69.0775112956957,580.7151260402314,97.38026077912494,15.506106349269293,0.952083528364912,-0.305838118971819,21.83477116143312,0.902639134598569,-0.430398179237722,,,31.565399169921875,25.05633544921875,11.082183837890625,-10.665374755859375,-36.7177734375,16.938915252685547,14.086505889892578,29.77960777282715,50.43901062011719,103.04468536376953,27.346588286325986,46.79416755901848,42.14755424789139,37.89899815038283,61.482935171236434,0.896014833895695,-0.44402411808242,0.699603631073552,-0.714531146549051,0.966969098565921,-0.254893629615591,0.277298982838393,-0.960783677066171,0.223516534843137,-0.974700137812505,-0.096626228428049,-0.311771702637224,-0.031480137967142,-0.019098503751608,0.086507067240947,5791.44189453125,15426.673828125,31699.810546875,58078.5703125,94563.546875,-11.684244683614157,-7.10233425527135,-8.99212078041065,-8.492232821393863,-7.261802754902054,30.59249407525699,-0.00018583172973,0.999999982733284,9.233855132978745,-0.001265574614451,0.999999199160127,4.074244198385417,0.002665694492163,0.999996447030125,66.25646582767452,-0.003711415636003,0.999993112673271,8153.2710156249705,98.2525634765623,0.0,0.0,98.2525634765623,0.559999999999504,,1060.4244873046982,,638.3931577710099,,624.4902088103221,,8.768789253178426,13673.294067382812,2.66767670648401,,0.0,6.249406346878454,516.705396,7.506429672241211,1818.704987662624,1301.999591662624,251.98103246876565,251.98103246876565,True,0.34242192,0.347958,-0.0794155,0.10847043,0.12903343,-0.11360796,-0.06359639,0.014090683,0.12671083,0.11329887,0.22950114
84,Leiria_12072022,2022,2368,p,2022-07-12 12:30:00,2022-07-12 13:00:00,193.520833,193.541667,airb,2,1,8.5,17.0,1108.060967,1108.060967,10320.100236,10320.100236,0.5,0.5,3,156.1088104248047,-0.280965417717871,-0.95971789294908,21.0,4.0,0.0,0.0,0.0,0.0,223,16.240000000000002,0.101493244597322,0.142114467306333,0.053741095364097,0.077794060707099,0.113048076629645,0.163607177734381,38.45449218750002,6.227197265625023,14.018301254213847,5821.7579934034275,995.3000000000001,1617.67626953125,4.903003149314653,89797.93221687227,3.990859985351562,69.0775112956957,580.7151260402314,97.38026077912494,15.424538828069005,0.940459363095026,-0.339906143467425,22.12588936422685,0.950387081742705,-0.311069758826834,,,32.873291015625,25.387786865234375,11.40606689453125,-10.488067626953125,-36.587890625,14.168228149414062,12.409611701965332,26.267179489135742,41.60397720336914,99.33244323730469,27.54041644222968,41.290558286324384,34.05408253438172,37.033859313011476,66.48130988477189,0.942255937935352,-0.334893635988458,0.703147893109187,-0.71104362764609,0.905880082628917,-0.42353426767645,0.367606098327783,-0.929981589318963,0.178421059185915,-0.983954229443106,-0.070378382396801,-0.296966328238133,-0.080657383939109,-0.022118346957941,0.154224971434176,5774.31298828125,15430.4248046875,31714.548828125,58112.4375,94642.3046875,-10.59475955083131,-8.167772636208305,-8.996990886553936,-8.54946944862106,-7.275021730848824,30.338754496073427,0.001965795236304,0.999998067822678,6.288088325668483,0.00084704271533,0.999999641259255,3.860770534248514,0.002889644748191,0.999995824967899,66.27998447147374,0.00331187560758,0.999994515724941,7763.520859374885,99.8474121093751,0.0,0.0,99.8474121093751,0.079999999999929,,1260.0283349609506,,624.4843859769853,,615.435137424516,,8.179191509211961,13770.207405090332,2.637787552925668,,30.0,7.011268960591339,1108.060967,7.262945652008057,1425.452186453524,317.3912194535242,28.64384080894388,28.64384080894388,False,0.35092312,0.35482672,-0.0775988,0.11782496,0.11070985,-0.10996628,-0.0466756,-0.09545692,0.10085039,0.12702414,0.22780262
84,Leiria_12072022,2022,2367,p,2022-07-12 12:30:00,2022-07-12 13:00:00,193.520833,193.541667,airb,3,1,11.5,23.0,1231.050635,1231.050635,3387.600789,3387.600789,0.5,0.5,3,224.00021701388889,-0.778401012192111,-0.627767364728605,41.0,1.0,0.0,0.0,0.0,0.0,231,3.14,0.101493244597322,0.142114467306333,0.053741095364097,0.077794060707099,0.113048076629645,0.163607177734381,38.45449218750002,6.227197265625023,14.018301254213847,5821.7579934034275,995.3000000000001,1617.67626953125,4.903003149314653,89797.93221687227,3.990859985351562,69.0775112956957,580.7151260402314,97.38026077912494,15.424538828069005,0.940459363095026,-0.339906143467425,22.12588936422685,0.950387081742705,-0.311069758826834,,,32.873291015625,25.387786865234375,11.40606689453125,-10.488067626953125,-36.587890625,14.168228149414062,12.409611701965332,26.267179489135742,41.60397720336914,99.33244323730469,27.54041644222968,41.290558286324384,34.05408253438172,37.033859313011476,66.48130988477189,0.942255937935352,-0.334893635988458,0.703147893109187,-0.71104362764609,0.905880082628917,-0.42353426767645,0.367606098327783,-0.929981589318963,0.178421059185915,-0.983954229443106,-0.070378382396801,-0.296966328238133,-0.080657383939109,-0.022118346957941,0.154224971434176,5774.31298828125,15430.4248046875,31714.548828125,58112.4375,94642.3046875,-10.59475955083131,-8.167772636208305,-8.996990886553936,-8.54946944862106,-7.275021730848824,30.338754496073427,0.001965795236304,0.999998067822678,6.288088325668483,0.00084704271533,0.999999641259255,3.860770534248514,0.002889644748191,0.999995824967899,66.27998447147374,0.00331187560758,0.999994515724941,7763.520859374885,99.8474121093751,0.0,0.0,99.8474121093751,0.079999999999929,,1260.0283349609506,,624.4843859769853,,615.435137424516,,8.179191509211961,13770.207405090332,2.637787552925668,,30.0,7.116435243086552,1231.050635,7.3241729736328125,1515.5191785448544,284.46854354485436,23.107785777215764,23.107785777215764,False,0.34954232,0.3503567,-0.06968217,0.11749591,0.11070985,-0.11315722,-0.0466756,-0.14582302,0.10085039,0.12702414,0.2197225
84,Leiria_12072022,2022,2370,p,2022-07-12 13:00:00,2022-07-12 13:30:00,193.541667,193.5625,airb,2,1,60.0,120.0,1896.497742,2944.382532,23287.411853,33480.08304,1.0,0.5,3,161.68089192708334,-0.870317109257675,-0.492491755599385,21.0,4.0,0.0,0.0,0.0,0.0,223,19.417796610169493,0.101493244597322,0.142114467306333,0.053741095364097,0.077794060707099,0.113048076629645,0.163607177734381,38.45449218750002,6.227197265625023,14.018301254213847,5821.7579934034275,995.3000000000001,1617.67626953125,4.903003149314653,89797.93221687227,3.990859985351562,69.0775112956957,580.7151260402314,97.38026077912494,15.424538828069005,0.940459363095026,-0.339906143467425,22.12588936422685,0.950387081742705,-0.311069758826834,,,32.873291015625,25.387786865234375,11.40606689453125,-10.488067626953125,-36.587890625,14.168228149414062,12.409611701965332,26.267179489135742,41.60397720336914,99.33244323730469,27.54041644222968,41.290558286324384,34.05408253438172,37.033859313011476,66.48130988477189,0.942255937935352,-0.334893635988458,0.703147893109187,-0.71104362764609,0.905880082628917,-0.42353426767645,0.367606098327783,-0.929981589318963,0.178421059185915,-0.983954229443106,-0.070378382396801,-0.296966328238133,-0.080657383939109,-0.022118346957941,0.154224971434176,5774.31298828125,15430.4248046875,31714.548828125,58112.4375,94642.3046875,-10.59475955083131,-8.167772636208305,-8.996990886553936,-8.54946944862106,-7.275021730848824,30.338754496073427,0.001965795236304,0.999998067822678,6.288088325668483,0.00084704271533,0.999999641259255,3.860770534248514,0.002889644748191,0.999995824967899,66.27998447147374,0.00331187560758,0.999994515724941,7763.520859374885,99.8474121093751,0.0,0.0,99.8474121093751,0.079999999999929,,1260.0283349609506,,624.4843859769853,,615.435137424516,,8.179191509211961,13770.207405090332,2.637787552925668,,60.0,7.987993979670822,2944.382532,7.4841837882995605,1778.6709885345467,-1165.7115434654534,-39.591035838459234,39.591035838459234,True,0.34857166,0.35327277,-0.07669796,0.102109075,0.11772026,-0.10903866,-0.055068586,0.098068945,0.12034398,0.11435115,0.20549548
84,Leiria_12072022,2022,2371,p,2022-07-12 13:00:00,2022-07-12 13:30:00,193.541667,193.5625,airb,3,1,10.75,21.5,948.760446,894.851958,2949.042635,4878.419086,1.0,0.5,3,248.28197674418604,0.940350038994516,-0.340208471621465,22.0,4.0,0.0,0.0,0.0,0.0,231,8.141818181818183,0.101493244597322,0.142114467306333,0.053741095364097,0.077794060707099,0.113048076629645,0.163607177734381,38.45449218750002,6.227197265625023,14.018301254213847,5821.7579934034275,995.3000000000001,1617.67626953125,4.903003149314653,89797.93221687227,3.990859985351562,69.0775112956957,580.7151260402314,97.38026077912494,15.424538828069005,0.940459363095026,-0.339906143467425,22.12588936422685,0.950387081742705,-0.311069758826834,,,32.873291015625,25.387786865234375,11.40606689453125,-10.488067626953125,-36.587890625,14.168228149414062,12.409611701965332,26.267179489135742,41.60397720336914,99.33244323730469,27.54041644222968,41.290558286324384,34.05408253438172,37.033859313011476,66.48130988477189,0.942255937935352,-0.334893635988458,0.703147893109187,-0.71104362764609,0.905880082628917,-0.42353426767645,0.367606098327783,-0.929981589318963,0.178421059185915,-0.983954229443106,-0.070378382396801,-0.296966328238133,-0.080657383939109,-0.022118346957941,0.154224971434176,5774.31298828125,15430.4248046875,31714.548828125,58112.4375,94642.3046875,-10.59475955083131,-8.167772636208305,-8.996990886553936,-8.54946944862106,-7.275021730848824,30.338754496073427,0.001965795236304,0.999998067822678,6.288088325668483,0.00084704271533,0.999999641259255,3.860770534248514,0.002889644748191,0.999995824967899,66.27998447147374,0.00331187560758,0.999994515724941,7763.520859374885,99.8474121093751,0.0,0.0,99.8474121093751,0.079999999999929,,1260.0283349609506,,624.4843859769853,,615.435137424516,,8.179191509211961,13770.207405090332,2.637787552925668,,60.0,6.797775173877274,894.851958,7.3013834953308105,1481.3493329670562,586.4973749670562,65.5412741430305,65.5412741430305,True,0.34954232,0.3543181,-0.06968217,0.11749591,0.10728688,-0.11315722,-0.0466756,-0.14582302,0.10085039,0.12648569,0.2197225
84,Leiria_12072022,2022,2374,p,2022-07-12 13:30:00,2022-07-12 15:00:00,193.5625,193.625,airb,2,1,89.25,59.5,1116.220232,611.895615,12132.868817,4882.363711,2.5,1.5,3,157.9771956559066,-0.033661924261036,-0.999433276839952,21.0,4.0,0.0,0.0,0.0,0.0,223,14.577816091954023,0.10117327907235,0.141951462992032,0.0531593374908,0.077448329329498,0.112761078178889,0.163527221679694,38.96169433593752,5.343164062500023,12.832775007505262,6065.027577189334,994.7284375,1617.67626953125,4.693422417411953,77300.67771533778,4.104141235351562,69.0775112956957,580.7151260402314,97.38026077912494,12.737040050322879,0.891023250917308,-0.453957670190462,19.24966758257952,0.876882900615906,-0.480704044717158,0.001335194195653,0.001352214625906,33.961761474609375,25.820846557617188,11.612564086914062,-10.80303955078125,-36.14691162109375,13.449633121490479,10.764004707336426,23.896084785461426,43.09939765930176,99.52949142456055,26.682118540784018,25.8148017630384,21.494091601763696,36.50981060597746,65.53763403436122,0.906540863655951,-0.422118067040398,0.735896218524891,-0.67709434760657,0.606884485951325,-0.794790048196123,0.490885229820537,-0.871224248482581,0.107901987499505,-0.994161536720093,-0.003898641534687,-0.050029686209649,0.224923133161803,-0.064440986980663,-0.056675848073121,5749.939697265625,15423.48828125,31732.1943359375,58126.40234375,94681.93359375,-12.750932474483484,-8.882921010636124,-9.142779870456206,-8.753098611174622,-7.064309212716633,34.185541639261274,-0.004774533209025,0.999988601851359,2.851163026631927,0.002469509436058,0.999996950756924,4.20316707388135,0.001674468276089,0.999998598077014,60.80344405581719,-0.006041158651892,0.999981752034577,7428.441728515543,99.4725341796874,0.0,0.0673828125,99.4725341796874,0.0,,1346.1676147460964,56.87650878905015,611.8059557718905,,584.2836092686105,,6.274739256109839,13371.99354171753,2.709071554629479,1108.060967,90.0,6.418194635954753,611.895615,6.896800994873047,988.1054955807318,376.2098805807318,61.48268942583152,61.48268942583152,True,0.27468336,0.3678523,-0.07941361,0.00014454499,-0.011847695,-0.0871772,-0.053615633,-0.11878052,-0.067019396,0.12500186,0.1868112
84,Leiria_12072022,2022,2373,p,2022-07-12 13:30:00,2022-07-12 15:00:00,193.5625,193.625,airb,3,1,187.25,124.833333,1675.124018,1868.627936,14116.157783,17582.312155,2.5,1.5,3,253.7308681938911,-0.879110501941551,-0.476618007817659,21.0,4.0,0.0,0.0,0.0,0.0,223,16.151276595744683,0.10117327907235,0.141951462992032,0.0531593374908,0.077448329329498,0.112761078178889,0.163527221679694,38.96169433593752,5.343164062500023,12.832775007505262,6065.027577189334,994.7284375,1617.67626953125,4.693422417411953,77300.67771533778,4.104141235351562,69.0775112956957,580.7151260402314,97.38026077912494,12.737040050322879,0.891023250917308,-0.453957670190462,19.24966758257952,0.876882900615906,-0.480704044717158,0.001335194195653,0.001352214625906,33.961761474609375,25.820846557617188,11.612564086914062,-10.80303955078125,-36.14691162109375,13.449633121490479,10.764004707336426,23.896084785461426,43.09939765930176,99.52949142456055,26.682118540784018,25.8148017630384,21.494091601763696,36.50981060597746,65.53763403436122,0.906540863655951,-0.422118067040398,0.735896218524891,-0.67709434760657,0.606884485951325,-0.794790048196123,0.490885229820537,-0.871224248482581,0.107901987499505,-0.994161536720093,-0.003898641534687,-0.050029686209649,0.224923133161803,-0.064440986980663,-0.056675848073121,5749.939697265625,15423.48828125,31732.1943359375,58126.40234375,94681.93359375,-12.750932474483484,-8.882921010636124,-9.142779870456206,-8.753098611174622,-7.064309212716633,34.185541639261274,-0.004774533209025,0.999988601851359,2.851163026631927,0.002469509436058,0.999996950756924,4.20316707388135,0.001674468276089,0.999998598077014,60.80344405581719,-0.006041158651892,0.999981752034577,7428.441728515543,99.4725341796874,0.0,0.0673828125,99.4725341796874,0.0,,1346.1676147460964,56.87650878905015,611.8059557718905,,584.2836092686105,,6.274739256109839,13371.99354171753,2.709071554629479,1231.050635,90.0,7.533494725346647,1868.627936,6.800118446350098,896.9536446834987,-971.6742913165014,-51.99934521991976,51.99934521991976,True,0.27468336,0.37232232,-0.08733025,0.00047359336,-0.011847695,-0.0871772,-0.053615633,-0.11684236,-0.067019396,0.12500186,0.18799059
84,Leiria_12072022,2022,2376,p,2022-07-12 15:00:00,2022-07-12 16:00:00,193.625,193.666667,airb,3,2,175.5,175.5,2035.257826,2070.047486,16376.883005,18196.036856,1.0,1.0,3,235.56090425531914,-0.975425427881672,-0.220329831484204,21.0,4.0,0.0,0.0,0.0,0.0,223,17.428666666666672,0.10098822137416,0.141852103769785,0.052833085954192,0.077240111827857,0.112596502602106,0.163473205566413,39.10512695312502,5.162133789062523,12.574193788533023,6129.884985683351,994.6334375000001,1617.67626953125,4.644429272350923,60366.127508807906,4.067337036132812,69.0775112956957,580.7151260402314,97.38026077912494,9.818360643196522,0.823792235261689,-0.566891835470004,15.878822291996718,0.8917133402994,-0.452600617246691,0.003665975466879,0.003749465414796,34.44252014160156,25.802978515625,11.668304443359375,-10.778793334960938,-36.14466094970703,12.51854133605957,12.208324432373047,23.413816452026367,46.036720275878906,100.06302261352539,24.28007622732206,22.89122192628961,20.07621060052194,39.15328431967385,67.34341632033042,0.920379944802185,-0.391025264153006,0.869321308733847,-0.494247369422713,0.25326327426833,-0.967397391926857,0.558296932064683,-0.829641208985645,0.009711621249305,-0.999952841094374,-0.036993805027662,-0.13210462010932,0.18311744702858,-0.141618339485804,-0.0506501411408,5739.939697265625,15429.72021484375,31748.9697265625,58148.248046875,94740.87109375,-11.815966455961458,-9.4269951982261,-9.095414160707787,-8.765396799660664,-7.070440214591558,34.36303799737015,0.001048822462357,0.99999944998557,3.073364414347553,0.005755224135761,0.999983438560433,5.107358346180792,0.001956761545666,0.999998085540294,51.21697201279126,0.014368018741899,0.999896774690984,7001.667099609456,98.6053466796874,0.0,0.134765625,98.6053466796874,0.0,,1310.5970874023265,128.01756347658988,608.924392437567,,578.0886088193045,,6.180800084911709,12215.107440948486,2.780754788742211,1868.627936,180.0,7.635809790152515,2070.047486,6.775638580322266,875.2387332266837,-1194.8087527733162,-57.718905525306205,57.718905525306205,True,0.30090317,0.3777462,-0.08278066,-0.020650316,0.050573856,-0.08136531,-0.05553275,0.024616394,-0.02679619,0.12263519,0.12120963
84,Leiria_12072022,2022,2377,p,2022-07-12 16:00:00,2022-07-12 18:30:00,193.666667,193.770833,airb,3,2,697.0,278.8,593.637429,805.595044,7234.036983,10525.132435,3.5,2.5,3,231.11828769559034,-0.999298874958696,-0.037440065521915,21.0,4.0,0.0,0.0,0.0,0.0,223,19.88133522727273,0.10076846542359,0.141737012764168,0.052457799017432,0.077009417514013,0.112395058075593,0.163413492838548,38.16738281250002,8.233707682291689,16.761566179165637,5569.895836535267,994.5522916666667,1617.67626953125,5.299311586758193,25378.936279379977,4.196456909179688,69.0775112956957,580.7151260402314,97.38026077912495,3.093925907428579,0.615668044769067,-0.788005620950913,12.610826164035972,0.952210639144559,0.30544213641852,0.283434804410647,0.588494354699239,35.68865966796875,26.233957926432293,11.841044108072916,-10.583770751953125,-36.15264892578125,10.775636990865072,15.3152224222819,22.862037022908527,59.27032470703125,97.96949259440105,19.262995614418724,26.540350384900336,21.803160061803567,42.77898499837306,65.7661244283409,0.99410842603751,-0.10839020841951,0.952692205871736,-0.303936771173291,0.145964162463369,-0.989289878284604,0.40956858568617,-0.912279328725051,-0.028047808756681,-0.999606582823437,0.125180111494434,0.171094249034989,0.300697984501823,-0.147657261833261,-0.021108986557981,5703.117513020833,15433.299153645834,31755.422526041668,58169.0234375,94787.3046875,-7.043635554569786,-10.316453323187673,-9.261586895322685,-8.756695513524141,-7.127027043897798,26.096996918921832,0.033971550127119,0.99942280031124,4.334517465768395,0.012587027017536,0.999920780237544,6.183735014367552,0.005738176529165,0.999983536529537,46.76723695600907,0.053016182299978,0.99859365330165,6798.364179687537,94.5184326171881,0.0,2.5419514973963,94.53389485677151,15.733333333336432,,893.9183455403223,279.69099487302026,646.1164572430681,,585.85990054259,,6.782137875621032,12509.599494934082,2.74994129751621,2070.047486,240.0,6.692821738110944,805.595044,6.246194839477539,515.045448183296,-290.549595816704,-36.06645770485947,36.06645770485947,True,0.1831625,-0.063642286,-0.08443922,-0.1747275,0.088974215,-0.07122811,-0.07896845,0.07916017,-0.13159524,0.13518004,0.23667443
84,Leiria_12072022,2022,2379,p,2022-07-12 18:30:00,2022-07-12 20:00:00,193.770833,193.833333,airb,3,2,414.0,276.0,566.680507,905.106095,5825.984125,10085.268411,5.0,1.5,3,274.7108472644377,-0.972427746781266,-0.233204368076394,21.0,4.0,0.0,0.0,0.0,0.0,223,18.576289926289924,0.100989657103676,0.142088671844562,0.052402095601106,0.077219247977201,0.112646483800536,0.163834182289475,32.52136816199891,13.306990273127745,31.465073222568194,3375.8982550170194,995.0548373719625,1624.9978430825074,7.834182995624248,21365.56370803257,5.139146745498449,69.15408444128062,580.979141276972,97.38740031768015,6.40827159717807,-0.994503932572868,0.104699226821883,13.641433964425712,-0.983846404165007,0.179014672615362,0.022311792472064,0.023722163721832,33.27028358128982,27.630894990203103,11.352601499206205,-10.38108790809748,-36.28399542316846,18.274299889177858,15.120037581945075,28.82386275428305,67.25458566884808,89.3752815979924,10.625055137256567,25.0415223258519,31.06095344630804,44.18817308949962,70.16667628561578,-0.311675472620594,0.950188612732614,0.99174877632752,-0.12819658596416,0.603198894447422,-0.797590805950901,0.203127785386238,-0.979152236786539,-0.038135982584863,-0.999272558830816,0.117195335468011,0.107465719419112,-0.142381770434106,-0.171875735148597,-0.130134346112466,5694.375608913651,15445.824362620584,31780.61851600286,58202.410668834964,94872.33439316318,1.829478253857213,-6.15339232920199,-10.474795554054019,-8.486817024497045,-7.220133833030612,6.863180625267418,0.052114448130696,0.998641118869052,8.028965277146977,-0.014119121178331,0.999900320240549,6.653505611981556,-0.005995467611626,0.999982027022545,61.02604174586378,0.021467126155258,0.999769554694798,6650.446982108413,59.78731626987071,0.0,0.773373388472,59.81025640962619,34.569727710732046,,149.72442002193193,18.68708057824506,752.5564222120868,,631.6067366452808,,11.748233657770987,8083.936584671387,2.290784474906727,805.595044,390.0,6.809156401836006,905.106095,6.584875583648682,723.0609570403759,-182.04513795962407,-20.113126954428925,20.113126954428925,False,0.27925837,-0.09821442,-0.09012988,-0.03986922,-0.021868765,-0.07093557,0.048871685,0.060340274,-0.092252485,0.10712347,0.23995349
84,Leiria_12072022,2022,2381,p,2022-07-12 20:00:00,2022-07-13 00:00:00,193.833333,194.0,fops,5,3,880.25,220.0625,548.095197,548.095197,5663.079434,5663.079434,4.0,4.0,3,203.02786059057354,-0.725285526004246,0.688448186698712,22.0,6.0,0.0,0.0,0.0,0.0,227,17.871290322580645,0.101167645590696,0.142669044887491,0.0508903216567,0.077366439171864,0.112997737289771,0.164627457213838,26.981923556805896,14.271842781742961,46.38324755338443,1961.3210443464443,995.7621928689534,1637.311747115363,10.387162816472925,15198.332413272437,4.300517829900589,67.58855329774525,583.5472482756077,97.4333077669981,5.666293438710475,-0.418265294569276,-0.908324910678375,6.177725709399553,-0.850992215559361,-0.525178302157819,0.27308504444278,0.272965628933777,32.94725224181268,26.768550468054997,12.167514808253816,-11.014392753171881,-36.51374610998867,17.27389009342681,17.289232963666233,28.80620002120782,65.01302715075977,79.37593009618165,13.618068204439526,29.433404753946522,37.28795529793534,46.637928603185586,67.56237085422973,0.829268563341582,0.558850292881187,0.972586792276308,-0.232540171776153,0.5110931359214,-0.85952533785458,0.192982148383726,-0.981202267835333,-0.01818280557319,-0.999834679125248,0.017081929016419,0.058465307455245,-0.046788977465969,-0.052332601136154,-0.234532590424519,5780.42060111303,15496.639472487135,31840.761923205464,58284.311357021026,94974.41279945147,17.070074347641828,-6.741861371135056,-9.395509639782466,-9.052333640440676,-7.107647810765505,30.410383287438584,-0.07869867364083,0.996898449576071,10.977517057634667,-0.007306577445791,0.999973306606746,7.463718232594205,-0.00271743232459,0.999996307773964,31.400384054076085,0.031491061374415,0.999504033535389,7080.648159076657,77.5239001989477,0.0,1.684414967913,77.7146115091112,1.620285208454022,,76.00685454186446,26.69215849321497,826.8880200465231,,646.9276635231222,,16.117436164402406,8854.427845020517,1.610194824973051,,480.0,6.308271827205959,548.095197,5.714914798736572,302.35835569312184,-245.73684130687815,-44.8347007329966,44.8347007329966,True,-0.036006052,-0.11963,-0.089936145,-0.12535766,-0.01884012,-0.07601363,0.082920395,0.01891119,-0.16667546,0.011295136,0.2922621
104,Leiria_18082023,2023,2621,p,2023-08-18 15:30:00,2023-08-18 17:15:00,230.645833,230.71875,airb,1,1,45.0,25.714286,867.233291,867.233291,9779.650288,9779.650288,1.75,1.75,5,194.24501467541435,-0.936970539205231,0.349408369478265,31.0,4.0,0.0,0.0,69.61325966850829,18.0,223,21.708541666666665,0.126702489884952,0.18209160182175,0.063583699539306,0.09931467324496,0.140827152132998,0.211398010253919,27.792260742187523,16.954125976562523,51.82187817198333,1799.5867154031835,990.5818750000001,2354.98046875,11.034905600827013,30582.09888571759,1.201950073242188,37.21554842780769,898.7649195065451,89.62478651993558,16.9427113375004,-0.982971493685665,-0.183758108940458,21.665546536899516,-0.979408245291778,-0.201889794329678,0.000453774813483,0.000454212018901,22.2037353515625,17.58447265625,9.180572509765625,-4.741500854492188,-31.48175048828125,65.16967391967773,40.451698303222656,49.473703384399414,51.18715286254883,33.43453407287598,22.198225731278953,25.115001653851298,45.5069873665906,50.71970248790527,43.665793143159526,-0.963984715004648,-0.265957645570508,-0.983285051254999,-0.182072809552809,-0.961337424633816,-0.275373121416058,-0.947267353221682,-0.320444318907965,-0.97678303951691,-0.21423093546943,0.027158565649558,-0.007730230586431,-0.014447763559043,-0.008299812072988,-0.007329186435559,5703.739013671875,15099.8916015625,31129.41015625,57790.8046875,95276.37109375,-19.444025671863393,-5.040286757474096,-5.407761934000948,-5.436448779118649,-7.453533197857142,17.800633426013743,-0.005731753595165,0.999983573365445,10.341493820531989,-0.000684790070359,0.999999765531252,6.351794043758643,-0.000509184385754,0.999999870365622,53.39485863379164,-0.006308196994173,0.999980103127399,,0.0,0.0,0.0,0.0,0.0,,847.5932397461322,151.184506835952,845.0753651440757,,780.2727024153309,,21.127708195688,11099.792957305908,0.65670752710706,,0.0,6.766460446981765,867.233291,7.099245071411133,1210.0524711728108,342.8191801728108,39.530214502894445,39.530214502894445,True,0.19628166,0.16212176,-0.076754585,0.023379825,0.15712377,0.13182151,0.059509642,0.13953304,0.17706397,-0.035142217,-0.06818571
156,Lousa_14082025,2025,3104,p,2025-08-14 13:45:00,2025-08-14 16:05:00,226.572917,226.670139,airb,1,1,14.25,6.107143,246.200547,246.200547,2399.980662,2399.980662,2.333333,2.333333,5,730.2292108050848,0.225355292236942,0.97427665078293,22.0,,0.0,0.0,0.0,0.0,227,20.752666666666666,0.198943889828522,0.282361500690827,0.112180258830389,0.152815679709116,0.220833304127056,0.326497802734375,35.57875976562502,11.239241536458357,23.006695203273676,4458.899128665235,959.3606249999999,4791.9013671875,6.395021180676171,49475.29087779843,3.109171549479167,53.55829948109797,785.7228943638024,94.51759146431971,10.901679193715045,-0.33631293558295,-0.941750290342179,10.455077533056176,-0.444026995997266,-0.896013407726494,0.017488191068818,0.018203599225138,32.52557373046875,23.022552490234375,10.804209391276041,-6.348164876302083,-36.67618306477865,24.49128532409668,38.00498962402344,33.089987436930336,25.891382853190105,32.05022366841634,10.838628284391474,21.066166064978816,42.72585021674633,35.27594048942381,69.4644913267594,-0.390396121874376,-0.920646983390185,0.239463797056673,-0.970905293990717,0.033062245462898,-0.999453294519034,-0.529167635299646,-0.84851730315379,-0.701141256421213,-0.713022396944221,0.105752863788717,0.163958098908115,0.008368765656848,0.031009840817497,0.000153432660222,5464.475911458333,15113.757486979166,31329.927734375,57878.194010416664,94776.265625,,-10.369176916860326,-7.862288884376014,-6.697853236814364,-8.453581903266404,53.12937383012936,-0.054832608356312,0.998495560861861,13.610234294947652,-0.00429368548366,0.999990782089999,5.286850399149777,-9.5752214565e-05,0.999999995415757,25.901356045643805,-0.020910697437838,0.999781347461865,,0.0,0.0,0.0,0.0,30.899999999987898,,1817.3571842448382,189.74122070314115,674.0868634294396,,635.1172391763888,,11.063688340504038,10526.437505086264,1.488554178061743,,0.0,5.510199938364259,246.200547,6.792572975158691,890.2036592619431,644.0031122619431,261.5766374645557,261.5766374645557,True,0.1647038,0.15532622,-0.0810101,-0.052611765,0.121197276,-0.07863744,0.011483418,0.10835692,-0.16801555,0.12358318,0.080420814
156,Lousa_14082025,2025,3105,p,2025-08-14 16:05:00,2025-08-15 03:30:00,226.670139,227.145833,sat,1,2,377.5,33.065693,157.933499,157.912183,1634.556879,1634.336264,11.416667,11.416667,5,801.4040562913907,-0.829520521473923,0.558476234457323,22.0,,0.0,0.0,10.022522522522523,38.0,227,19.248817204301076,0.198497073161059,0.282059640109107,0.111481771144,0.152309850291772,0.22042816752737,0.326272638494318,26.07296697443184,16.249613813920476,57.68436666970961,1616.3361153492465,959.9426704545455,4791.9013671875,13.033668981251237,9841.063263198368,3.902700250799006,54.050691228868736,788.9792422219423,94.32435791184822,2.578153270188712,-0.728981546710243,-0.684533348023266,4.624585098492923,-0.792425932191091,-0.609968148341437,0.521670395544388,0.51217020854353,28.56646728515625,24.2525107643821,10.447110262784092,-5.910930286754262,-37.15466447310014,45.18098952553489,28.92323164506392,35.91525043140758,9.81720425865867,33.11179161071777,4.613817053407363,36.57158082606343,50.72126327243785,51.127372437470584,71.368628989709,-0.642639299251021,-0.76616886588934,0.109453937177662,-0.993991868999092,0.051393650851169,-0.998678473109433,-0.333848937380817,-0.942626589381871,-0.575975113809385,-0.817467227644183,0.029398168684021,0.072397416628572,0.034187166087665,0.063904333718423,0.097505182087396,5520.271617542614,15143.61629971591,31397.84392755682,57913.64524147727,94775.890625,,-4.70715336151844,-8.883532409343358,-6.387672816221508,-8.708827074250273,87.73513772409018,0.121330321394957,0.992612186662141,17.76724446153976,-0.005009939423785,0.999987450174736,8.838026882456795,-0.001115917336418,0.999999377364055,29.449584724762836,0.040675839919579,0.999172395558863,,0.0,0.0,0.0,0.0,164.81090909088968,,210.3933864038626,216.8835681152368,833.8173626316799,,704.4649804613192,,20.314663502523334,10694.34527050365,1.4230943089707,246.200547,140.0,5.068351741465787,157.912183,5.322425365447998,203.88018921838986,45.96800621838986,29.10985418926788,29.10985418926788,False,-0.45408064,-0.21446279,-0.1077316,-0.21469215,0.03029824,0.012113669,0.09434836,0.062280353,-0.22111705,-0.1645168,0.2586467
156,Lousa_14082025,2025,3106,p,2025-08-15 04:40:00,2025-08-15 11:00:00,227.194444,227.458333,airb,2,3,627.75,99.118421,468.555767,468.555767,5241.093673,5241.093673,6.333333,6.333333,5,735.9381242508989,-0.956805746064339,-0.290727990221553,22.0,,0.0,4.329608938547486,41.85288640595903,44.0,227,20.862051282051283,0.198976834461517,0.282144867383013,0.112322527085032,0.152755119970866,0.220882892182893,0.326149117606027,24.832352120535738,16.206270926339307,61.99740125943611,1371.9717710912312,962.6606250000001,4791.9013671875,13.878984781023673,17871.718214518965,2.65303475516183,54.912376787467615,794.6778509736874,93.98619919502312,9.89513941972707,0.355430027950183,-0.934702891421296,16.917049121779627,0.351776104340609,-0.936084169514123,0.026498576479567,0.027245429737393,24.96160888671875,21.807320731026785,10.501251220703125,-7.911093575613839,-35.90637425013951,54.8974985395159,32.211516516549246,30.925084795270646,9.850919246673584,29.55202865600586,22.099055698335828,62.097863596072095,66.87609174303815,50.8953620801292,62.01548361930132,0.360997211080683,-0.932566894968918,-0.088137799004574,-0.996108291495774,-0.082937371517075,-0.996554761368305,-0.394458546846719,-0.918913736331966,-0.692262711419629,-0.721645576705035,-0.041092383964889,0.067054603191896,0.099602399873943,0.011158110244909,0.003832530565359,5761.875627790178,15256.82421875,31476.246930803572,57938.015625,94777.51227678571,,-3.441786680918792,-7.275256875425169,-7.189860789387184,-7.803358485750164,215.5530805152942,0.032258737868046,0.999479551482251,22.133659587055757,0.003831775305993,0.999992658722055,7.820995323017171,0.003011069523728,0.999995466719886,65.65973060069206,0.016179084492581,0.999869110046401,,0.0,0.0137590680804,0.0,0.0137590680804,0.479999999999926,,581.2555587986554,207.0435651397678,850.5868685516738,,699.1853509231661,,19.537555879086067,11116.76938193185,0.88877576508169,,895.0,6.151787071147301,468.555767,5.904036521911621,365.5139274789958,-103.04183952100419,-21.99137152462029,21.99137152462029,False,-0.28416768,-0.1214825,0.19517523,-0.08072897,-0.0003332746,0.14761502,-0.10139659,0.12882106,9.116717e-06,-0.14882101,0.3796621
156,Lousa_14082025,2025,3107,p,2025-08-15 11:00:00,2025-08-15 15:15:00,227.458333,227.635417,"airb,sat",2,4,1305.0,307.058824,825.791264,830.519918,7623.226989,7547.45648,4.25,4.25,5,490.72153536515236,-0.56731716778757,0.82349938138015,22.0,,0.0,12.94559099437148,29.038982697519284,23.0,227,18.217764165390506,0.199449690251349,0.28212586515915,0.112374213218689,0.153514226436615,0.221313205242155,0.325869873046875,32.02187500000002,14.748242187500022,35.30354786360621,3076.990996382808,963.7297500000001,4791.9013671875,8.39848791372323,41992.89579506895,1.622134399414062,54.91237678746761,794.6778509736873,93.98619919502312,12.71012527490503,-0.342891071669241,-0.939375171573913,17.722818189912616,-0.385099429155844,-0.92287508887381,0.071761018914302,0.074953465144487,28.266131591796874,20.070977783203126,10.826708984375,-7.96435546875,-35.28451843261719,41.68133316040039,53.30842208862305,22.69411392211914,12.588102912902832,28.18356246948242,18.641208418235497,39.931911337974036,70.78356536544928,50.04059592257848,48.054035490974876,-0.334389890899471,-0.94243482579128,0.102454585113096,-0.994737683004572,-0.233569908972959,-0.972340011324415,-0.406712560582714,-0.913556179478992,-0.665210710941278,-0.746655683731798,0.095167008937036,0.067450471240641,0.076589383479108,-0.013731322064637,0.058699079116733,5864.80302734375,15401.3759765625,31597.882421875,58081.45859375,94943.465625,,-8.942103522026274,-5.948524381133704,-7.337747527376088,-7.615177285583063,107.93679914176366,-0.033187225188209,0.999449152325573,22.092231115396277,-0.002022439945567,0.999997954866242,6.850856532202217,-0.000375697813568,0.999999929425574,50.640203608356586,-0.011236758175191,0.999936865639882,,0.0,0.0,0.0,0.0,55.31399999999631,,1319.1503457031301,187.76452880857812,749.3552740719331,,692.1384809142679,,13.591218962515416,15141.62395477295,1.152897069704746,468.555767,1275.0,6.723255252645542,830.519918,6.918359756469727,1009.6609042413411,179.14098624134112,21.569739913370885,21.569739913370885,False,-0.12832287,0.12708905,0.13344933,-0.082505286,0.0038007996,0.13893017,0.046920672,0.022877548,-0.006522733,0.099518046,0.34840506
156,Lousa_14082025,2025,3108,p,2025-08-15 15:15:00,2025-08-15 19:00:00,227.635417,227.791667,airb,2,5,162.75,43.4,886.109694,372.193495,9285.319565,3582.084538,3.75,3.75,5,606.3545691653786,-0.58370486089385,-0.811965907762691,22.0,,0.0,19.124797406807133,13.452188006482983,8.0,227,19.638353658536587,0.198687681256978,0.281691075513674,0.110583553686738,0.152895500361919,0.220609413087366,0.325608215332031,27.932458496093773,17.217126464843773,52.866514184082256,1825.5488347902337,963.65453125,4791.9013671875,11.591971526389665,19267.025748575965,2.966594696044922,54.91237678746761,794.6778509736873,93.98619919502312,9.562408281666672,-0.971179179456103,0.238350585044322,13.94244297077434,-0.940475415161772,0.339861726995396,0.048239233685476,0.05215359728947,24.152084350585938,22.42401123046875,10.490821838378906,-7.769691467285156,-35.266265869140625,65.63540554046631,36.60126352310181,25.373740673065186,9.660749316215515,22.987168788909912,13.92182656258041,39.341174192520945,64.60223850716321,47.44529350524045,48.30643196449158,-0.919252393600122,0.39366868920508,0.006963121461827,-0.999975757175897,-0.47561960108617,-0.87965106437873,-0.375822642658614,-0.926691610658635,-0.459890421150409,-0.887975675643258,0.083445233523893,-0.056801586759916,0.062268097138121,-0.069640518308419,0.0726400551275,5855.4827880859375,15386.41455078125,31605.84716796875,58098.580078125,94995.759765625,,-1.885578854848904,-7.678797489373212,-7.130571910468413,-7.664349919628553,63.05709042637572,0.025546656886586,0.999673630902566,21.144120748842216,-0.010097865030136,0.999949015261195,7.09956474421653,-0.005397144419678,0.999985435309992,34.5573277401254,0.00084755091153,0.999999640828662,,0.0,0.0,0.0,0.0,193.89249999999123,,540.4759686279303,178.5659228515698,824.2552591207528,,730.677445384548,,16.6332715352125,13821.204352378845,1.170673605072521,830.519918,1530.0,5.922097038489017,372.193495,6.705879211425781,816.1961987885879,444.00270378858795,119.2935152691446,119.2935152691446,True,-0.017381227,-0.0872056,0.13165508,-0.06833519,0.033443436,0.022277797,0.05554763,0.08089997,-0.053658605,-0.01869157,0.32389504
156,Lousa_14082025,2025,3109,p,2025-08-15 19:00:00,2025-08-16 04:15:00,227.791667,228.177083,airb,2,5,135.5,14.648649,305.743937,345.255312,4265.785372,3622.062709,13.0,9.25,5,596.4978049907578,-0.599100445146051,0.800673876572605,22.0,,0.0,1.872659176029963,27.715355805243448,44.0,227,17.28170542635659,0.198524508382081,0.281586396115461,0.110115891218186,0.152721430659294,0.220479021608828,0.325534484863281,20.900415039062523,17.25317382812502,80.23957315528993,516.3607515846737,964.5314999999998,4791.9013671875,17.698529774095427,2415.2752518391644,3.476765441894531,47.79840343265461,799.1778509736872,94.0529952836157,3.685591886254991,-0.49647396442973,0.868051612891438,6.783047454056531,-0.32378369398246,0.946131132302004,0.022111869045887,0.018037385140548,22.31609191894531,23.69275817871094,10.739227294921875,-8.011691284179687,-35.966241455078126,66.81539421081543,23.106155967712404,29.454355239868164,8.735159015655517,24.79481449127197,3.687342341484536,44.73687581594821,56.04317730876107,47.666643885538996,56.84003416941019,-0.376539717678711,0.926400475502057,-0.286285897620464,-0.958144240093132,-0.437239556904037,-0.899345078308856,-0.629100605380333,-0.777323888935686,-0.622239466969235,-0.782826957728106,-0.015309698348747,0.039467737301694,0.033224527448001,0.032383337059447,0.016408913489588,5926.755615234375,15457.9513671875,31719.09921875,58170.932421875,94964.6421875,,1.502142912460763,-8.335369293216102,-7.322070912111174,-7.792005332166758,-1.496592004140492,-0.550345106779052,0.834937281144131,20.61841696037223,-0.010668413793917,0.999943090854235,8.786588350360352,-0.004553671740955,0.99998963198309,34.46828437930357,-0.197327876225758,0.980337548635281,,0.0,0.6462890625,0.0,0.6462890625,76.44499999998537,,105.0854755630514,31.21914006551005,914.1113955303438,,707.4338353893914,,23.31923569982046,3454.3789941072464,0.756966955628558,372.193495,1755.0,5.847176398900114,345.255312,4.742486953735352,113.7191484232979,-231.5361635767021,-67.06230303466036,67.06230303466036,True,-0.45463082,-0.23631908,0.20281057,-0.057936054,-0.025854766,0.098708145,-0.004706409,-0.010717375,-0.16511425,-0.36063215,-0.050042473
156,Lousa_14082025,2025,3110,p,2025-08-16 04:15:00,2025-08-16 12:00:00,228.177083,228.5,sat,2,5,58.25,7.516129,176.140141,94.403814,2106.494964,1010.895405,20.75,7.75,5,617.3866666666667,-0.532850539409044,0.846209372821816,32.0,,0.0,0.0,14.871794871794872,34.0,227,18.431551724137936,0.19905705204239,0.281786242808286,0.110771813175526,0.153212298604383,0.221011725573865,0.32555830141458,24.62004795942664,15.177959802625619,60.8590273746039,1478.9179778058135,964.6674531281737,4865.636403971237,13.663560606093608,4152.969331831844,3.192513863421405,40.93410674972687,803.5008367637265,94.14432580268496,0.937778354592774,-0.900155523970229,0.435568631407133,1.045048330558258,0.91733944594839,0.398105941813357,0.601112457552853,0.559615347901243,24.693511007300287,23.66794339993683,11.282915673094022,-9.318026747876225,-36.38392206613412,42.43219811442849,17.893061678754684,34.79084841979747,32.128676169145095,25.920843086669585,3.193636481038647,33.82216091109519,49.03029105385482,49.054424568544896,56.78902668344788,0.752313340482373,-0.658805462737106,-0.498626274872565,-0.866817072978324,-0.253901141444002,-0.967230174453544,-0.696811794108577,-0.717254016085784,-0.814447651278935,-0.580237040636175,-0.015260833909014,0.02743245028103,0.00594270269109,-0.008138495265824,-0.032519683986755,5992.4147929534565,15529.554268468091,31802.9402701328,58214.28315476854,94928.29684074868,,-1.119043269726558,-7.969547510721529,-8.044489160695342,-7.54430314029105,28.430730600075464,-0.248294626063328,0.968684560973319,18.481885344904047,0.003241618982991,0.999994745939382,9.198548615149566,0.003391061820377,0.999994250333336,13.807299704417225,-0.111022725647908,0.993817867815682,4632.473872080143,0.0,0.2986448985731,4.7718619968022,5.0692854683032,9.844085189410514,,288.62203887481706,119.58995571170594,843.9474509923155,,681.3788439568377,,18.983677494457446,2743.504058418689,1.258118547182635,345.255312,2310.0,4.55811855669074,94.403814,4.664237976074219,105.08471532225397,10.680901322253973,11.31405699588999,11.31405699588999,False,-0.361861,-0.2781434,-0.1070205,-0.23460582,-0.14726947,0.02601787,-0.12697667,0.04642635,-0.18941224,-0.20969196,-0.071082085
156,Lousa_14082025,2025,3111,p,2025-08-16 12:00:00,2025-08-16 18:40:00,228.5,228.777778,airb,2,6,131.25,19.6875,134.360683,139.263448,1677.922335,1669.669269,6.666667,6.666667,5,696.0184579439252,0.77702485743648,0.629469912645408,22.0,,0.0,0.0,22.483940042826553,27.0,227,18.319846153846154,0.198619089590182,0.281296804001585,0.109328497181963,0.153134177306525,0.220566552157048,0.325041626441481,32.604284201188634,13.351038173432146,31.44990453418919,3384.456549783548,964.6596177163312,4799.4471166732355,7.82385878746249,22341.16060760915,3.112239901848853,40.70998099231398,803.659736045669,94.12230212793892,5.974708729006948,-0.998972586125314,-0.045318563195473,8.860587672437592,-0.922314074801722,0.386441130604189,0.117846356156547,0.110010214934087,28.956223745039157,23.74930922282416,11.524829419126451,-10.015974584666509,-35.59623394966035,36.074776534691935,24.108824079223716,38.02242588473454,72.06443027293496,18.491847161774512,8.577451394205234,25.661802013162937,38.264955954314516,57.122334293930685,42.77187486871484,-0.898148425173063,0.439692399705915,-0.275217722568978,-0.961381924722919,-0.398810364340251,-0.917033419944331,-0.652836000223414,-0.757499278423613,-0.751087802623441,-0.660202327131836,0.054850849944292,-0.030185371612012,0.1038903541508,0.006640456456062,-0.040636955704263,5938.904299092089,15534.806864465058,31812.803437448187,58259.6461968551,94994.78878920936,,-5.681500283638741,-7.866237745941637,-8.411496949032006,-7.130199418402397,33.377580608495315,-0.001076175688705,0.999999420922776,12.025634230484714,-0.009731014643378,0.999952652556115,9.667581592540726,-0.003814370402378,0.999992725262756,19.642365822645832,-0.005730779307147,0.999983578949441,5018.129653794856,0.0,0.0,9.0718531738141,9.0718531738141,46.40210798730178,,723.9754325538025,135.99220772783002,729.1858619452026,,668.254148845029,,10.638438699302924,10986.79482453087,1.967382038925491,94.403814,2775.0,4.943522425724049,139.263448,5.554320335388184,257.35131259055106,118.08786459055105,84.7945862941373,84.7945862941373,True,-0.3086519,-0.13434756,-0.09716884,-0.13881618,-0.166973,0.088649504,0.067439884,0.0059957127,-0.22065517,0.12880959,-0.04774039
44,Lousa_15102017,2017,1337,p,2017-10-16 01:00:00,2017-10-16 02:00:00,289.041667,289.083333,rep,1,4,85.25,85.25,446.481043,882.864458,4531.278744,9697.481299,3.0,1.0,4,277.8448112355491,-0.745523668034561,0.666479152262315,32.0,3.0,0.0,0.0,0.0,0.0,227,16.955783132530122,0.171998912051321,0.238102139800684,0.084651224315167,0.143485426902772,0.18880748152733,0.273077392578125,18.628076171875023,8.425561523437523,51.51926120931672,1039.7851622792116,968.2278125,3601.56689453125,11.910773384860939,6807.321648578473,2.140167236328125,42.897369269467255,1077.033786263279,90.88679526632718,6.50839737413502,-0.763628099436388,-0.645656352676229,17.800735101811643,-0.629493690870789,-0.777005594029973,0.000132135310864,0.000133336402727,20.082244873046875,14.476776123046875,4.196441650390625,-14.173553466796875,-38.83097839355469,50.67754554748535,45.28194046020508,55.75911331176758,60.92019844055176,104.95754623413086,26.28781689833649,44.554792522517495,55.87923753686385,61.293469671287006,34.56763944130134,-0.564348779386157,-0.825536465097306,-0.503635044091043,-0.863916513537861,-0.312721601639993,-0.949844829363048,-0.425153272678178,-0.905121370165921,-0.940741933992562,-0.339123301511316,0.158842706767855,0.192885000701027,0.080507283745323,-0.122801920687314,0.049337388641663,5922.3466796875,15220.7080078125,31055.9619140625,56913.947265625,93124.1875,,-6.116380854184892,-6.615214419615016,-7.173323607361517,-6.872970065059841,98.56065545257277,-0.004749213911497,0.99998872242002,17.643076508876113,-0.002171829045361,0.999997641576518,10.00048423872342,-0.000694646973968,0.999999758732762,94.91584145535529,0.006692486346467,0.999977605062485,3434.268066406263,85.4339599609375,0.0,0.0,85.4339599609375,0.0,,260.9186691284239,49.54317932129115,831.1754778566494,,700.6227158272268,,16.68813640118684,13144.219398498535,1.378214628862063,1560.649533,990.0,6.784303722827397,882.864458,6.433588027954102,621.4031462959184,-261.4613117040816,-29.615113547144468,29.615113547144468,False,0.3257357,-0.17216663,-0.12448417,0.14359307,0.040647067,-0.082607105,0.09676106,-0.12257082,-0.052023277,0.01359784,0.29546753
44,Lousa_15102017,2017,1340,p,2017-10-16 01:00:00,2017-10-16 02:00:00,289.041667,289.083333,rep,1,4,1202.5,1202.5,1035.889779,1961.058468,9976.817521,18169.370127,3.0,1.0,4,251.3153129579234,-0.803285167318571,0.595594610423882,22.0,4.0,2.108568864961866,7.200538358008076,50.74024226110363,25.0,223,16.52134125636672,0.176072372013698,0.237995841276217,0.08591735123298,0.146836523237277,0.193364566038279,0.270759581626756,19.973678033676002,9.106306418385868,49.64242018046522,1176.7053972655913,985.049753418632,2628.994865241461,11.52471650081474,7860.21588835272,2.188928947483819,41.50112708490775,1050.6712843735197,90.26488107524752,6.514650098309343,-0.521977355963742,-0.852959342443179,17.724077088052706,-0.505220692617401,-0.862990180564758,3.5296643708e-05,3.562695058e-05,20.126428237454384,14.715273567741772,4.337415672774132,-14.240060175647097,-38.82833919726942,52.23932638329508,44.57529683747852,55.20236234591425,62.47192674765215,103.86432507042616,26.000092916682902,43.077641277765494,53.354171580179845,59.47880337176289,32.39121368258564,-0.48051957656318,-0.876984000161657,-0.507501557689991,-0.861650839344008,-0.287730698865791,-0.957711357837111,-0.415402211353694,-0.909637841562488,-0.957684442923915,-0.287820269928147,0.090119487608193,0.159842813776666,0.113999816953549,-0.12521077678259,0.05367036079543,5928.1153450524325,15230.321263506274,31075.99498432008,56932.49829435442,93140.5556445185,-1.38115746939209,-5.904355959680157,-6.677969026601827,-7.254343031587657,-6.853696449200548,70.02722200497709,0.002410323485103,0.99999709516613,15.96989874459464,-0.001110713199441,0.999999383157904,9.405864032581363,-0.000120397739018,0.999999992752192,90.58464655219302,0.012670428947248,0.999919726893261,3506.8867365384567,85.16067782141221,0.0036154832053,0.0044764783419,85.1612888889962,0.072666648824288,,306.31533343637506,65.42298848438713,837.6388457010246,,705.6964082066556,,16.548563636781086,13045.14843578413,1.270127459456056,1560.649533,990.0,7.581749439885165,1961.058468,7.1947855949401855,1331.4646078045278,-629.5938601954722,-32.10479801948833,32.10479801948833,False,0.3119243,-0.08848825,0.2430484,0.1791831,0.04771217,0.20143116,0.07144617,-0.11124692,-0.034916874,0.0035533397,0.3557231
44,Lousa_15102017,2017,1335,p,2017-10-16 01:00:00,2017-10-16 02:00:00,289.041667,289.083333,rep,3,4,51.0,51.0,290.627769,592.472854,2477.75058,4904.840778,3.0,1.0,4,198.81640625,-0.899507722950644,0.436904859611503,21.0,4.0,0.0,0.0,80.40201005025126,42.0,223,15.889787234042554,0.174506486560027,0.238262535606518,0.084962043712237,0.145190025915311,0.191762830636049,0.271995894890376,19.66044739279527,9.111417700452911,50.57116069385374,1130.057781199938,987.8324232940274,1934.0298353934522,11.680490793696874,6847.573868968279,2.160501517916844,43.58645952167985,1071.19231016921,91.0443978929255,6.033839898816596,-0.662311428775933,-0.749228650888887,17.52637264192133,-0.563584927762274,-0.826058127009954,2.20337519e-07,2.22809326e-07,20.109380823853535,14.59436579305809,4.273362757224401,-14.209210799516683,-38.828839488321435,51.53926784507961,45.03708534580359,55.49335479684081,61.75053387297004,104.42253723287352,26.000097010394015,43.786618490883285,54.55208733768373,60.418763328899935,33.44733973584294,-0.518860736739508,-0.854858781244092,-0.505805990903205,-0.86264726253923,-0.30084499782292,-0.953673050518325,-0.420516217015571,-0.907285022044844,-0.949279879558386,-0.31443236198842,0.11908266525889,0.175716844199808,0.102652963195841,-0.127875266851347,0.05187975313298,5925.222428632147,15225.58033485111,31066.216462950462,56923.16756642462,93132.45304220554,-0.749474013034386,-6.017682704037761,-6.641383924729076,-7.217284510615871,-6.862434803863878,48.3023254999604,9.3499278767e-05,0.999999995628942,16.016725831351607,-0.001472114896352,0.999998916438279,9.47478164033702,-0.000350855947887,0.99999993845005,89.09399622875092,0.010924717710484,0.99994032349083,3476.211341416549,85.2528004058924,0.0,0.0,85.2528004058924,0.0,,277.81353053580494,56.55451627549766,843.8883287948986,,704.541805308245,,16.693032046323466,13000.62172090992,1.237658243324715,429.998517,990.0,6.385991474166265,592.472854,6.721316814422607,828.9096292346915,236.43677523469148,39.906769337771465,39.906769337771465,True,0.28095108,-0.21082376,-0.12700677,0.11103548,0.03292433,-0.0063971216,0.0911164,-0.11128683,-0.07188804,-0.008012036,0.30631438
44,Lousa_15102017,2017,1339,p,2017-10-16 01:00:00,2017-10-16 02:00:00,289.041667,289.083333,rep,4,4,86.75,86.75,499.691294,627.735622,4116.639711,5962.283663,3.0,1.0,4,195.5704719387755,-0.4002621441487,0.916400685268996,22.0,4.0,0.0,0.0,0.0,0.0,223,16.17635294117647,0.177870856775861,0.238800378030893,0.086159713585539,0.147830619672203,0.195548953741265,0.271038219964772,20.12311640151013,9.258319698737427,49.62988340645475,1184.907035613951,993.4049991247338,1956.6329664306184,11.508092736313923,7337.347831360405,2.161454020162441,42.9783167989749,1052.1363406461119,90.8008584683376,6.156548524647991,-0.509077406545509,-0.860720741091382,17.479850151739942,-0.49653834975676,-0.868014785139535,8.9487940818e-05,9.0466458254e-05,20.263640363627324,14.677494273023768,4.354586232698887,-14.242857376200128,-38.840111250346894,51.16729922387718,44.89060740480351,55.11558600594698,62.305182797692716,103.95313625177033,25.220710120574147,43.25886815531306,53.02407312119771,59.41402713848144,31.882947795385334,-0.472913082610467,-0.881109083085554,-0.509607074018942,-0.860407246662796,-0.290305201513339,-0.95693410952599,-0.414262182707205,-0.910157592935785,-0.959283367339064,-0.282445430387227,0.075448211756831,0.157382374393051,0.117968169738476,-0.138112269807647,0.056467414938691,5928.584059110244,15232.490843240455,31077.688779105323,56934.71795197803,93142.18575977423,-0.379254025084378,-6.095297025292911,-6.642609761613381,-7.26214026869674,-6.856198084830466,45.4926319627796,0.003074830086223,0.999995272698797,15.422413417763131,-0.00087083732818,0.999999620821102,9.258309173139704,-2.3133356905e-05,0.999999999732424,86.62097325846733,0.016376184771072,0.99986590129494,3494.640293677471,85.42818490319671,0.0,0.0,85.42818490319671,0.0,,284.3002642763147,61.80579551552563,844.7943213264209,,704.1261325838204,,16.592593731909723,12611.501987530872,1.222544553605048,765.468245,990.0,6.4437108535580485,627.735622,6.625296115875244,752.9274293845294,125.1918073845294,19.943397028459444,19.943397028459444,False,0.3155843,-0.11844358,-0.12674299,0.1349839,0.0413268,-0.07874545,0.06366562,-0.11575686,-0.06176283,-0.0020955135,0.28905806
44,Lousa_15102017,2017,1334,p,2017-10-16 01:00:00,2017-10-16 02:00:00,289.041667,289.083333,rep,5,4,155.75,155.75,,1413.164631,,14054.069457,0.0,1.0,4,188.6884004667208,0.317344615468041,-0.948310284154633,21.0,4.0,0.0,0.0,38.028169014084504,33.0,227,16.047171052631583,0.17628235985038,0.238839209363524,0.085774358424127,0.146452253710946,0.193782196501934,0.271938071539791,19.850952071850614,9.08241054708892,49.87460872179187,1159.641691766432,989.8358311984725,1931.009198262541,11.568102361535049,7081.956667920673,2.143909866949652,43.231321641044815,1056.9699639077344,90.94936451927099,6.060623214472729,-0.589081778663844,-0.808073423672776,17.503418392337366,-0.536857423475979,-0.843672985734836,1.2828133363e-05,1.2973963618e-05,20.239655904713736,14.594343038648795,4.30652330474949,-14.221308808169209,-38.84158559009761,50.64747370919376,45.142456262973916,55.272177543501435,61.783079153387966,104.31409302887323,25.129031509261058,43.7743456664007,53.82580666518217,59.95875235656178,32.5254807636901,-0.502102387054431,-0.864808182728541,-0.508259706798775,-0.861203849529729,-0.298883168465914,-0.954289710521798,-0.417639459228637,-0.908612833992131,-0.954041702059232,-0.299673873956213,0.100504249452405,0.169295616303297,0.106041812927681,-0.135435192648242,0.055658568085818,5927.021764245994,15229.595370881061,31071.278132237705,56928.95836985785,93136.97797006078,-0.355418218891662,-6.159856573972203,-6.620031053571951,-7.234957583874351,-6.862615452275111,45.609715018644366,0.001873519842004,0.999998244960161,15.763279841628107,-0.001156073441675,0.999999331746875,9.392024984614789,-0.000189302216318,0.999999982082335,89.21395038330041,0.014921390443187,0.999888669856421,3468.2731348749066,85.53687049133481,0.0,0.0,85.53687049133481,0.0,,275.3880522181107,56.70242656355043,842.8755114802875,,702.2498207085314,,16.594570138401142,12569.684486280743,1.249856401937695,986.322663,990.0,7.254294268957798,1413.164631,6.716141700744629,824.6258466524839,-588.5387843475162,-41.64686629122946,41.64686629122946,True,0.30394262,-0.12452005,-0.12926559,0.14329538,0.040723644,0.1823531,0.07667836,-0.11575686,-0.057103336,-0.0046199397,0.3298875
44,Lousa_15102017,2017,1338,p,2017-10-16 01:00:00,2017-10-16 02:00:00,289.041667,289.083333,rep,6,4,833.25,833.25,,7123.34688,,64241.57161,0.0,1.0,4,265.86977293165467,0.898908721900128,-0.438135948869615,22.0,4.0,0.0,5.938951559389515,32.24950232249502,12.0,227,17.66347087378641,0.172547780013944,0.238366873019015,0.085189956138303,0.144037460746232,0.189356411566048,0.273191789952914,18.6896556579632,8.366819801685205,51.126145216175175,1052.478665927964,969.4998573901356,3490.208871761734,11.851937893171154,6944.855268757413,2.126971632166373,42.783753864170535,1072.1144884319258,90.88422057972079,6.5545096965537,-0.75661927399474,-0.653855698315517,17.865401527458168,-0.630789076847175,-0.775954341781969,0.000154125909005,0.000155543704145,20.162722096009176,14.45322267905923,4.199279414726486,-14.172418361062531,-38.83960586223672,49.88966882355224,45.3607166873184,55.685445060458804,60.74357587743762,105.00340494919905,25.89309281341625,44.713616579190045,55.74170077384424,61.20743036431243,34.25412522611373,-0.566560321040163,-0.824020268332562,-0.504633513217989,-0.863333665124481,-0.314072352076859,-0.94939905080051,-0.424305494561382,-0.905519103765912,-0.941717224371939,-0.33640551321465,0.156368507946527,0.19231593717763,0.076447659968177,-0.126201736970033,0.050777390643311,5922.698988129798,15222.044736702906,31056.75379220042,56915.45099694657,93125.13190797096,0.730910678089289,-6.229893426988143,-6.598232141235156,-7.173988480763149,-6.875691268994192,92.98847827018987,-0.003889555422905,0.999992435650696,17.56148592317244,-0.002113167604781,0.999997767258844,9.984395556793935,-0.000675448967222,0.99999977188432,96.91458417151912,0.008242161174794,0.999966032812699,3419.1938622541716,85.6618679091613,0.0,0.0,85.6618679091613,0.0,,254.5203055684733,48.3045510571732,830.7779291345238,,697.9931686038503,,16.620950318499577,12947.143593508594,1.388499301443435,,990.0,8.871273334970358,7123.34688,7.426136493682861,1678.3070107258773,-5445.039869274123,-76.43934741633869,76.43934741633869,True,0.3120474,-0.07374204,0.24252026,0.19547549,0.05330439,0.1617795,0.1232579,0.04883018,-0.0030649216,0.027060945,0.34920037
44,Lousa_15102017,2017,1341,p,2017-10-16 01:00:00,2017-10-16 02:00:00,289.041667,289.083333,rep,8,4,242.5,242.5,,2990.89667,,34487.418198,0.0,1.0,4,180.2830092118731,-0.104898076770441,-0.994482977978941,21.0,6.0,0.0,1.207464324917673,60.48298572996706,25.0,223,16.921445783132533,0.175431939643065,0.238852551686142,0.08564106476626,0.145784131960339,0.192808885274661,0.272408431074013,19.718862332082765,8.988224332787905,49.959567039217845,1148.0254306677273,988.3252032094841,1868.8223030241754,11.592695750046913,6956.581709783485,2.133953684464609,43.34169812343748,1059.499950365602,91.02581697187445,6.045338721032238,-0.633371689912436,-0.773847725600757,17.552815637275813,-0.560168628623973,-0.828378601549761,1.6965487e-08,1.7160192e-08,20.234105935382814,14.547443683046867,4.279536314117649,-14.208856333603519,-38.843088637049874,50.28533832044779,45.27006976923241,55.356936505696524,61.47384600516674,104.51643805100574,25.104326724376786,44.07141050532107,54.27515368833893,60.2606927691803,32.87655734985585,-0.51892499032955,-0.854819778907506,-0.507575196570937,-0.861607462726487,-0.303581622141721,-0.952805435909032,-0.419377048353677,-0.907812145388107,-0.951115101274321,-0.308836630158953,0.1144531109952,0.175740239809707,0.098545129055568,-0.134088145737177,0.055148615527354,5926.114874304192,15228.03171427563,31067.712871764874,56925.81795719109,93134.11528323226,-0.325957075524211,-6.20497476226293,-6.607217796938217,-7.219556815123005,-6.866505391387575,45.06490774729178,0.001182671836303,0.999999300643419,15.934072899610968,-0.001322991294661,0.999999124846634,9.461667495581427,-0.000287568690665,0.999999958652123,91.08272580758754,0.014123023920421,0.999900265124149,3452.1570021645166,85.61783163498819,0.0,0.0,85.61783163498819,0.0,,269.4680812348595,53.86853355049544,842.0211058984721,,700.8471757844404,,16.589207694199352,12552.961959128155,1.263972039086011,,990.0,8.003662803070199,2990.89667,7.367369651794434,1582.4632407658924,-1408.4334292341077,-47.09067495916226,47.09067495916226,True,0.3051255,-0.08472489,0.2430484,0.17788804,0.04771217,0.20706806,0.108596645,-0.10443295,-0.039811336,0.00010536099,0.3557231
44,Lousa_15102017,2017,1347,p,2017-10-16 02:00:00,2017-10-16 03:00:00,289.083333,289.125,rep,1,4,27.0,27.0,390.962711,868.745443,3939.383718,8687.396301,4.0,1.0,4,240.0286986204955,-0.03819279127953,-0.999270389181166,32.0,4.0,0.0,0.0,2.884615384615385,42.0,223,16.291481481481483,0.174921555115182,0.238534619832551,0.085291666124205,0.145453621678538,0.192230386019437,0.272192326032217,19.749826843440303,9.871926850768038,52.93002041314469,1082.3166086751726,988.1851107890985,1902.196857884493,11.987640051017356,5385.278149632763,2.060782528378149,43.4754183204886,1065.8668328403544,91.03701583718873,4.941631635329465,-0.703194025217501,-0.710998004848402,15.70615527992711,-0.56369380011663,-0.825983837438768,0.003087624823039,0.003112412902012,19.13483439220618,14.294469671284432,4.172904614528134,-14.025505211551987,-38.796106950371644,58.633876539577926,48.47977277320862,56.25753551841111,62.00272158489038,104.01746648526189,23.070335993473925,39.215754950884254,57.6919500034036,59.444260291374455,34.92156036361815,-0.515058531974729,-0.857155008525317,-0.472708048048721,-0.88121909949227,-0.329333924675197,-0.944213517197266,-0.453869884297558,-0.891067970543057,-0.91763641358973,-0.397420951201844,0.099950230046387,0.123043657908197,0.079391160395197,-0.128217070078219,0.047334961140258,5920.921477630638,15198.381808738279,31028.607899980543,56882.59801622329,93115.55598652257,-1.730885448602216,-5.281541192485958,-6.513049092966471,-7.106321040865188,-6.9045167834893,41.68897178762903,-0.000586169999592,0.999999828202351,17.402674817694525,-0.00134543561722,0.99999909490109,9.443045477912069,-0.000263481115031,0.99999996528885,78.09393739901185,0.009069860125123,0.999958867972733,2794.1061209394975,85.8972844363446,0.8272136110702,1.9679113806845,85.8972844363446,8.82515203751822,,220.56055801973028,51.342238358999055,852.7609034485156,,722.5344067570202,,17.346908490550128,14814.77189307768,1.209670595259206,1961.058468,1050.0,6.768200574581706,868.745443,6.54992151260376,698.189294115057,-170.556148884943,-19.632465443038072,19.632465443038072,False,0.32397825,-0.18134646,-0.11119965,-0.0073081306,0.04766012,-0.00089770625,0.09647556,-0.12265642,-0.044602808,0.004241533,0.2756502
44,Lousa_15102017,2017,1348,p,2017-10-16 02:00:00,2017-10-16 03:00:00,289.083333,289.125,rep,1,4,1484.0,1484.0,1263.556869,2483.732062,11911.150904,24700.370396,4.0,1.0,4,245.82463847317976,-0.646870643517887,0.762599744659514,22.0,4.0,0.069905627403006,2.866130723523244,62.845159035302345,27.0,223,16.65581673306773,0.177468963413176,0.238744565145325,0.086582569693407,0.147580420264983,0.195022632331932,0.271165518442759,19.80749445908176,9.87987874037838,52.82360397428012,1091.065802293433,985.0368549157821,2728.830955933243,11.9999542534497,5972.2204632819,2.081948304977401,41.48878033333248,1039.425375767825,90.28758880417288,5.377100310561758,-0.501650907321203,-0.86507015159686,15.813888216114384,-0.474708584347813,-0.880143033799902,0.001466009728294,0.001482268528477,19.229352784178236,14.416326684712061,4.252430074757259,-14.062328322355793,-38.812819573015204,58.74703797290712,47.80643081290674,56.04078707346007,62.87690128407023,103.6663708056051,22.380648785727544,38.44496978096048,56.20289103011511,58.42533172076644,33.320520419568766,-0.458662751166444,-0.888610421215298,-0.469917431904297,-0.882710375600327,-0.315516492777256,-0.948920092940148,-0.446352595374586,-0.894857173297712,-0.930834122101092,-0.36544197505526,0.064954902916017,0.10452843423891,0.099065232550314,-0.136038012224776,0.050729547756035,5924.4488917501685,15205.207820717838,31040.817428727987,56894.70428538526,93125.84742767087,-2.49193996732326,-5.251710784306327,-6.540288702909931,-7.151754147730439,-6.898911219099276,64.40603729712566,0.004605286434412,0.999989395612202,17.432778661556554,-0.000668359388632,0.999999776647839,9.413389469679142,0.000123556814356,0.999999992366857,80.32684817617854,0.01355851736596,0.999908079078691,2877.0841209733107,86.16229424612601,0.4659632626698,2.1547366860907,86.1626575157388,9.249706297869638,,243.91428379842552,56.79367625868281,849.4342243742633,,722.136078750749,,17.147561027528138,14400.674272415072,1.218483604872012,1961.058468,1050.0,7.8179201105847085,2483.732062,6.90201473236084,993.2758988327784,-1490.4561631672218,-60.00873387152104,60.00873387152104,True,0.31069836,-0.1494062,0.21744071,0.003264473,0.057262816,0.18381628,0.04561568,-0.12260446,-0.035312336,0.013087565,0.34266
44,Lousa_15102017,2017,1344,p,2017-10-16 02:00:00,2017-10-16 03:00:00,289.083333,289.125,rep,3,4,53.75,53.75,322.38498,610.460191,1836.289497,6329.662462,4.0,1.0,4,195.62418619791666,-0.653971707559734,0.756519005518966,22.0,4.0,0.0,0.0,54.85436893203883,42.0,223,14.797288135593222,0.175196824717013,0.238715915103845,0.085499726764848,0.145629820634359,0.192541085430914,0.272323899435502,19.777465895333858,9.826629515720267,52.672331806237175,1089.9731129139043,988.3250503798414,1880.8745097664569,11.950345872502394,5418.0568830586635,2.054259640154572,43.40104076197782,1062.2997244393696,91.03207119252892,4.940739690103277,-0.694706039208807,-0.719293764109499,15.728103692237362,-0.563951009311217,-0.825808245960804,0.003027705150344,0.00305229723333,19.173836165433748,14.283081758106242,4.174562477797097,-14.023865342457434,-38.79997929670465,58.14692568927079,48.50684695797717,56.21365702401556,61.9204186303629,104.05528934016272,22.847627578382138,39.27840486192164,57.63394110818848,59.421773211117056,34.73544159504991,-0.515590573337172,-0.856835083715558,-0.472193313309739,-0.881495022598296,-0.330418506412988,-0.943834525020043,-0.453199194371291,-0.891409272007653,-0.91841307906015,-0.395622820640132,0.099127679258165,0.122627693189565,0.078244052216201,-0.13012461331771,0.047708131414886,5921.1416111626995,15198.997775719785,31029.112619778178,56883.3550191446,93116.05164685319,-1.573874071074976,-5.336523661736293,-6.504654365275673,-7.106328067434074,-6.906053249350528,40.8293675358628,-0.000350558565896,0.999999938554344,17.380162086803153,-0.001313927851563,0.999999136796428,9.441180325666586,-0.000253629290724,0.999999967836091,78.70799842772092,0.009866476038435,0.999951325140671,2816.473656887357,85.8566032068388,0.7775976741641,1.9123549669998,85.8566032068388,8.451717736378644,,218.6857215235632,50.66494694319792,851.9525756838519,,721.2389154743921,,17.320624437392734,14674.071934502925,1.219244723882,592.472854,1050.0,6.41584985243573,610.460191,6.467716693878174,643.0115713502956,32.55138035029563,5.332269135678272,5.332269135678272,False,0.30274606,-0.20300084,-0.10328301,-0.015045935,0.047056958,0.1820669,0.12020235,-0.124594584,-0.039214067,0.012986932,0.3320935
44,Lousa_15102017,2017,1342,p,2017-10-16 02:00:00,2017-10-16 03:00:00,289.083333,289.125,rep,4,4,95.25,95.25,375.546727,479.874481,3616.280265,4671.97797,4.0,1.0,4,192.5157881853786,-0.989100841087018,-0.147239689489464,21.0,4.0,0.0,0.0,0.0,0.0,223,16.485157894736844,0.177929383397487,0.238849348592243,0.086207500618084,0.147843018757557,0.195621978354354,0.271082134409574,20.205680606164897,9.996358850366999,51.88229045619073,1137.7588999132408,993.439610965596,1965.387098445246,11.801658860513069,5703.700759002822,2.073233116437578,42.96926220549469,1051.302221418945,90.80178397124038,4.974532590724151,-0.546659972320574,-0.837354688684831,15.646829592644854,-0.487000638470291,-0.873401613308293,0.002397463121993,0.002424914582884,19.25746882520601,14.39454814564059,4.248081912765434,-14.056853066171755,-38.81119812782891,58.56693375315018,48.008466815864594,56.12636438877445,62.7618031584811,103.74437534049963,22.561344405930566,38.4934999712156,56.38624217121402,58.65698011623969,33.553149902127146,-0.463609349536404,-0.886039711876636,-0.470651452435791,-0.882319222458675,-0.317844930581619,-0.948142710831848,-0.447145257437376,-0.894461356768006,-0.92872128898535,-0.370778596180241,0.062919800108594,0.104841199550197,0.099369851883427,-0.141720213816891,0.049721103536151,5923.573666617273,15204.217184877973,31039.078864963125,56892.78456337993,93124.4458855053,-1.618897479179715,-5.306153020639664,-6.529072561829765,-7.147918188218399,-6.899985424037649,40.51370245005755,0.00227768480717,0.999997406072595,16.945667255129358,-0.000720987383874,0.999999740088562,9.29075885981388,7.838603584e-05,0.999999996927815,76.42547084353035,0.013361222945675,0.999910734876567,2823.182756829955,86.1325278560694,0.4614987012989,2.1668865290106,86.1325278560694,9.123155561537011,,227.22717255419286,51.77306159309671,853.1922719686752,,722.7460884093175,,17.255764166196585,14477.34049351132,1.198986762984444,627.735622,1050.0,6.175606281789319,479.874481,6.437525272369385,623.8585301590037,143.98404915900375,30.00452302838828,30.00452302838828,False,0.32118654,-0.1777535,-0.10867704,-0.023028376,0.04766012,-0.087935895,0.07547585,-0.12265642,-0.03266856,0.007689513,0.28154626
44,Lousa_15102017,2017,1343,p,2017-10-16 02:00:00,2017-10-16 03:00:00,289.083333,289.125,rep,5,4,83.75,83.75,,443.328534,,4396.114034,0.0,1.0,4,171.36364057863503,-0.039943580337765,-0.999201936742419,21.0,4.0,0.0,0.0,21.18380062305296,33.0,227,16.953111111111113,0.175955992785431,0.238537796492312,0.085645539569765,0.146411400499049,0.193353348487149,0.271649861945688,19.937942268566076,9.952983075366237,52.59630528399467,1102.6461148370984,990.8327710760275,1864.116146597031,11.924110681198677,5506.4482633968255,2.069730891560839,43.27897119511669,1062.1332946607354,90.94115104255216,4.946159455779396,-0.654757878579261,-0.755838686783354,15.68129853652549,-0.538139099515906,-0.842856043207979,0.002951669974107,0.002978828812922,19.169351991615624,14.339427520355812,4.199965737234134,-14.037376625328118,-38.80001218122223,58.757590266168805,48.25386598785518,56.227281350084,62.31107425861363,103.89895788261893,23.017452639485025,38.93094572325453,57.2334945558837,59.161565266526104,34.48191186326013,-0.497350381242618,-0.867549767032314,-0.472157997542217,-0.881513939400236,-0.324567338406145,-0.945862591944491,-0.451552704087773,-0.89224444824892,-0.921419136300343,-0.388570167742624,0.086524285917041,0.116420539696351,0.08663416609303,-0.13234146574305,0.047743176496777,5921.749372017839,15200.295224764757,31032.307297614163,56886.12417729364,93118.70087984152,-1.71017511463062,-5.270149363186193,-6.524565321609719,-7.12152385835426,-6.902296302764215,40.89505356363371,0.000289792036907,0.999999958010287,17.20702870019624,-0.001148228784086,0.999999340785112,9.37854653762979,-0.000153288598637,0.999999988251303,77.65330281575297,0.010150786127184,0.999948479443316,2800.005256971999,86.009952187213,0.6790462348603,2.0709217186816,86.009952187213,9.058386968600262,,222.7504217886309,51.71501229929447,853.7323693983983,,722.8219699322899,,17.32306512336784,14781.299473832221,1.198261694678513,1413.164631,1050.0,6.096564230251966,443.328534,6.441224098205566,626.1740527517611,182.84551875176112,41.24379658173798,41.24379658173798,True,0.30954486,-0.18382998,-0.11119965,-0.014716888,0.049876958,0.12004213,0.08848859,-0.12265642,-0.041713536,0.004241533,0.312258
44,Lousa_15102017,2017,1345,p,2017-10-16 02:00:00,2017-10-16 03:00:00,289.083333,289.125,rep,6,4,1778.5,1778.5,,5722.665114,,47612.481569,0.0,1.0,4,248.11254755530507,-0.999098467311596,-0.042452945900381,22.0,3.0,0.0,2.118138424821002,59.7255369928401,12.0,227,18.51617812852311,0.175150309548589,0.239590681371922,0.08761182349206,0.146556588029031,0.192000831136178,0.273686116199082,18.751565967887707,9.162357086656527,53.72779169359738,1000.8521775784236,976.1039340777648,2925.135476187828,12.19436749015328,5688.724450694949,2.00292345295532,42.300704417571644,1049.1351902821248,90.87915785801141,5.641410437762801,-0.778017225904857,-0.628242943609644,16.40428442383824,-0.655342915247349,-0.755331492415818,0.002462803503838,0.002475887056755,19.462150175743666,14.122063439820316,4.116216533909673,-13.974548612161117,-38.8190078030906,53.285159913766094,48.74423353909596,55.95140894574632,60.38478045587116,104.63343419884293,22.062442018256196,40.62486393944339,58.40738194055273,59.97747027164903,34.33481810448496,-0.579936993923591,-0.814661330295522,-0.469520160633492,-0.882921751209415,-0.349032228994972,-0.937110720845088,-0.452140620406032,-0.891946668461096,-0.91486022850247,-0.403770680342703,0.126638211936141,0.135757798970369,0.041785569474622,-0.133147890849587,0.04509960800943,5919.840237533063,15198.961552046967,31023.90751709762,56881.079878945435,93112.57847787037,-0.305358817359258,-5.826810518083484,-6.438586498182085,-7.06428672787861,-6.92510368820219,59.35096306093447,-0.003785320614741,0.999992835648258,18.498979567184406,-0.002002287470607,0.999997995420433,9.813148758626408,-0.000654829316152,0.99999978559926,90.75573892622774,0.009394460028725,0.999955871086704,3036.984931336664,85.3684773511338,0.3106598209287,1.299871426894,85.3684773511338,4.490358080436164,,183.70094366272798,43.47635078460755,845.7115240907451,,705.9017403392247,,17.161308326449515,11749.948188568627,1.314288091141612,7123.34688,1050.0,8.652364633374326,5722.665114,7.115445137023926,1229.8313778933546,-4492.833736106646,-78.50946449959689,78.50946449959689,True,0.3035502,-0.17062414,0.20680021,-0.02484027,0.061355248,0.1864803,0.0892551,0.06662277,-0.009323467,0.014531095,0.32790148
44,Lousa_15102017,2017,1349,p,2017-10-16 02:00:00,2017-10-16 03:00:00,289.083333,289.125,rep,8,4,310.0,310.0,,2139.253769,,21606.091665,0.0,1.0,4,195.62462559904154,-0.757892751855308,-0.652379166348212,22.0,4.0,0.0,40.89795918367347,43.51020408163265,12.0,234,17.47925806451613,0.176359319985512,0.239466309130481,0.086362224070736,0.14637495535006,0.193854477329234,0.272856250477025,19.866836232498805,9.626447319123834,51.69105762202703,1118.8500173874434,988.7466285506059,1862.825951413234,11.809918098101742,5568.508284484418,2.027496808860225,43.09099579585708,1047.4666033983176,91.00963908468512,4.939599303124682,-0.656166241302459,-0.75461636861057,15.816483207102221,-0.564178770312426,-0.825652660099123,0.002767421563393,0.002791075115792,19.33541949276878,14.237151310537989,4.182157692817539,-14.017451252683152,-38.81607073482218,56.14408053794337,48.61463386936976,56.03175144779358,61.58973477774187,104.20817786634962,21.924037948089563,39.52868365269787,57.38252451425781,59.32152847715305,33.95715024988391,-0.51732943365905,-0.85578633844553,-0.470070049909536,-0.882629111336153,-0.334789741030425,-0.942292857502794,-0.450366615612327,-0.892843721791164,-0.921773864385668,-0.387727923853198,0.095355373009641,0.120732752752471,0.073747018854721,-0.138115990821258,0.049276924104352,5922.076460054333,15201.59200477206,31031.295884701038,56886.57239028082,93118.17852567977,-1.001292090811105,-5.562951340919779,-6.470211542824908,-7.106789286588324,-6.912326403175727,38.30815937212377,0.000680635408409,0.999999768367694,17.325236160014423,-0.001171641245399,0.999999313628161,9.443105955002316,-0.000204949662757,0.999999978997818,81.12786889483822,0.013466459653703,0.999909323121049,2908.6796911437605,85.69135209154,0.5706873148846,1.6855939819876,85.69135209154,6.919079648716017,,211.07106216823948,47.88439376495387,848.6558816762563,,715.8655383920154,,17.210667427811813,13329.75595592786,1.258520195020754,2990.89667,1050.0,7.6686796846302725,2139.253769,7.075999736785889,1182.2258240824274,-957.0279449175725,-44.736531905933624,44.736531905933624,True,0.3133637,-0.1696033,0.15904586,-0.034067363,0.058475528,0.1740118,0.11547887,0.035355557,-0.009356128,0.036872987,0.34112427
44,Lousa_15102017,2017,1355,p,2017-10-16 03:00:00,2017-10-16 04:00:00,289.125,289.166667,rep,1,4,1621.75,1621.75,1334.969055,2500.532267,12532.880673,23259.090918,5.0,1.0,4,248.25828429854445,-0.717490667932271,0.696568116863027,22.0,4.0,0.0,1.297016861219196,70.3307392996109,27.0,223,16.364981481481482,0.177763491212557,0.239034273329856,0.086730212523808,0.147600390743417,0.195411519833018,0.271452676566522,19.78697094698883,10.44553316335065,54.95825605883464,1042.7643445533738,983.7985360503113,2845.5856756749295,12.423697443418254,4384.56907675805,2.092517795588538,41.5231516776147,1036.3591511755874,90.30489680458314,4.142227394308426,-0.452088985197782,-0.891972841213699,13.902316093511269,-0.429819904089426,-0.902914641618219,0.006706488961255,0.006886217354602,18.41788641103956,14.286306718444974,4.1012711272679,-13.94905096998504,-38.88068462593023,65.67305054076354,49.45183634763205,57.88875340143508,64.7100192635842,106.04377949804893,19.492049083363938,35.79854442066959,58.10922762771726,57.056721583761416,35.50992792966562,-0.435515758062646,-0.900181106488644,-0.446066624158003,-0.894999757995656,-0.326071897292184,-0.945344972904746,-0.485020310143786,-0.874502886643621,-0.899417214418105,-0.437091151143987,0.046068634552268,0.055713190652275,0.090078964975741,-0.090918965948805,0.120714064579194,5914.61525836981,15180.231410104958,31003.068265592865,56858.73874069139,93102.06852727172,-6.397533514846189,-4.508153743489274,-6.553891265527858,-7.04849406843651,-6.949402555187298,59.040699141314875,0.010822604357744,0.999941433902464,18.584125240318855,-1.3501858267e-05,0.99999999990885,9.368407930359513,0.000569006566756,0.99999983811575,70.52575104496333,0.020777208152266,0.999784130510881,2054.946978477562,90.9332885837935,4.247119870507101,12.978731175966299,91.49127521076569,35.40819347029468,,188.4278203710034,56.49896888329832,855.8249439225707,,727.8787952711732,,17.185980335881688,16025.962375927185,1.212606244922406,2483.732062,1110.0,7.824658729905631,2500.532267,6.773151397705078,873.0620754756379,-1627.4701915243622,-65.08495063240719,65.08495063240719,True,0.3120163,-0.16429672,0.20816322,-0.07974807,0.0504264,0.17195714,0.021561671,-0.09444433,-0.049250726,-0.02927877,0.33572885
44,Lousa_15102017,2017,1352,p,2017-10-16 03:00:00,2017-10-16 04:00:00,289.125,289.166667,rep,3,4,17.5,17.5,115.442167,182.32712,1123.925699,1801.270396,5.0,1.0,4,207.37379365808823,-0.793112575640299,0.609075071203223,21.0,4.0,0.0,0.0,85.9375,42.0,223,15.854736842105263,0.174905706246803,0.238521659850369,0.085306590880207,0.145436438324973,0.192211934495756,0.27218089456125,20.123217635156447,10.432936806329199,53.687867055657605,1090.386240474975,988.1583873425243,1903.7111782006764,12.051852421942474,4070.299111415021,2.074435562495339,43.480700639644894,1066.1201700756224,91.03736700751122,3.743107872146362,-0.716620380143766,-0.697463426111079,13.681706412013762,-0.537683020614243,-0.843147062702079,0.003464792919331,0.003612588379657,18.285856159492234,14.17626612690713,4.027395001916453,-13.925939486736546,-38.8775014396605,66.28191447102105,50.55106471069129,58.016876326257496,63.74606142990399,106.62110232358836,20.45530744730593,36.52462739749337,59.648357652685355,57.807783552132165,37.40508338444146,-0.500925203099212,-0.865490578169406,-0.455251554146698,-0.890362859988565,-0.339846224384913,-0.940481017230714,-0.492323894300046,-0.870412076605809,-0.883317640498643,-0.468774941719275,0.077780942754501,0.07544310846872,0.065490607490731,-0.07587219077123,0.116771795134794,5911.080581604674,15173.370694602901,30991.318491511665,56846.68199679097,93091.20845448831,-4.242827771492292,-4.48415982942597,-6.530620067608154,-7.010621249311994,-6.95495733590708,36.6592056358809,0.001318720115684,0.99999913048825,18.40549437371785,-0.000932885850003,0.999999564861901,9.300113809307266,5.790894274e-05,0.999999998323277,65.3638705386081,0.012922161794814,0.999916505381599,1969.9119066282701,90.32663054703231,5.274078039923101,12.1080760719433,90.9714643283697,34.49938962528256,,170.82069191817112,48.35569541435231,855.2392788522811,,730.2877001512315,,17.431270177697677,16659.977409581832,1.23565237421065,610.460191,1110.0,5.211272098075006,182.32712,6.393192291259766,596.7617667775396,414.43464677753957,227.30279882528697,227.30279882528697,True,0.28727794,-0.20497563,-0.11119965,0.01176262,0.035990074,-0.008249832,0.07564582,-0.09471229,-0.107926935,-0.0057978933,0.2757051
44,Lousa_15102017,2017,1354,p,2017-10-16 03:00:00,2017-10-16 04:00:00,289.125,289.166667,rep,4,4,51.0,51.0,280.183069,343.865235,2727.815665,3347.81462,5.0,1.0,4,185.12737855816832,-0.24239752939843,0.970177013612226,22.0,4.0,0.0,0.0,0.0,0.0,223,14.407307692307693,0.177508401671073,0.238483780427747,0.086023320581551,0.147746448734559,0.195083354161259,0.270745885590008,20.544205197983707,10.611222413920366,52.937567763854574,1136.609905751532,994.3019039302278,1898.527193878458,11.909213560558142,4303.049118840511,2.100835002624813,43.03841689210056,1057.6728281030257,90.79471541942351,3.754937822938292,-0.551957610062418,-0.833872170475897,13.735735186968922,-0.448473474374277,-0.8937961416244,0.00721328202423,0.007457715106371,18.357458264375886,14.288705380656737,4.087035375407113,-13.950863752741183,-38.87672912609189,66.84603143645288,49.73890565696548,58.150428032500386,64.85492255049355,106.19894616589181,20.311524044691218,35.7444337417299,58.43062562188141,57.26796707844785,36.277565222137646,-0.445429049832766,-0.895317240739325,-0.451786083155143,-0.892126299952722,-0.325817981616133,-0.945432516288492,-0.487259981097764,-0.873256955781405,-0.894408429993717,-0.447251115544918,0.046584063970331,0.05685760995299,0.086705324934084,-0.090123055421174,0.12125009217072,5912.91470899913,15177.796731310042,30999.728190646143,56854.96757017584,93099.18167739185,-4.680328268781487,-4.439600566569812,-6.564595218412589,-7.043643006855743,-6.947794713585165,36.21025270595267,0.004754250704209,0.999988698486259,17.995720282214158,-0.000214562189883,0.999999976981533,9.21261543257808,0.000462840590631,0.999999892889288,66.80823188230411,0.018329952615075,0.999831992305272,1861.87310794818,91.1616964267742,4.7880194332478,13.2900323331946,91.7211186831215,38.616417488641424,,177.02128434666474,50.86088552873139,857.5763241199792,,730.4258321040006,,17.28213268333647,17061.860239835394,1.207368122947966,479.874481,1110.0,5.843153717529843,343.865235,6.062207221984863,428.3220007953716,84.45676579537161,24.5610073944729,24.5610073944729,False,0.3216756,-0.18333754,-0.104840696,-0.04805035,0.044041038,-0.063480794,-0.0030025663,-0.1013778,-0.08016796,0.0027045528,0.28064322
44,Lousa_15102017,2017,1353,p,2017-10-16 03:00:00,2017-10-16 04:00:00,289.125,289.166667,rep,5,4,110.5,110.5,,1023.465853,,9124.577141,0.0,1.0,4,188.72780539772728,-0.141752539460618,-0.989902125240908,21.0,4.0,0.0,0.0,10.436893203883495,42.0,227,16.495321100917433,0.17567315948688,0.238717000824174,0.085695503335852,0.146069083956466,0.193055509197934,0.272073530632267,20.233932419550648,10.412433483100102,53.23886459739934,1108.2070570028077,989.5579836924487,1859.114437302954,11.980614614096446,4153.366062483059,2.073924565147774,43.30891167443034,1060.5825866527716,90.9879836243905,3.747261818289479,-0.682696235300674,-0.730702299371151,13.719777997711516,-0.526694916513776,-0.850054389388436,0.003796074238553,0.003948171299632,18.341157323040836,14.188713801190882,4.040864670895334,-13.926578084152743,-38.87856991306021,65.71294825257375,50.352940938063,57.95906301847181,63.80151313662385,106.52444397115698,20.22901958083512,36.46460289830366,59.39638070180035,57.71460685602203,36.99491308549,-0.493480305649321,-0.86975697061665,-0.452890297833649,-0.89156624999388,-0.338633028812533,-0.940918525589358,-0.490791397928856,-0.871277110751246,-0.886135568492286,-0.463426104414557,0.072085055745493,0.072125579623506,0.068286190982635,-0.079984007441578,0.116705299098776,5911.708828243615,15174.753240757145,30993.405913228533,56848.937987403275,93093.23418496724,-4.038936763594975,-4.530919212621987,-6.52996243199698,-7.016130404853144,-6.955077158831622,35.485590106259636,0.001743973459207,0.99999847927713,18.29219588217128,-0.000831641733825,0.999999654185953,9.277934220695371,0.000108685193597,0.999999994093764,66.0647441158026,0.013837385405036,0.999904258799387,2018.0274060971242,90.322170842603,4.87751078813,12.1645321941348,90.9388391964457,33.518178426107326,,169.7293166809108,48.90221643603175,854.7973276686549,,728.7287333560134,,17.392394672724826,16376.818391081997,1.240967607269533,443.328534,1110.0,6.9319266367184085,1023.465853,6.49175500869751,658.6800921829771,-364.78576081702295,-35.642201422524934,35.642201422524934,True,0.31591052,-0.18395735,-0.11119965,-0.002044635,0.04567635,0.05038161,0.07838284,-0.09918232,-0.08898524,0.009025861,0.27507153
44,Lousa_15102017,2017,1356,p,2017-10-16 03:00:00,2017-10-16 04:00:00,289.125,289.166667,rep,6,4,1416.25,1416.25,,2377.463535,,32614.050506,0.0,1.0,4,246.43690349946976,-0.981923151629984,-0.189280015566989,22.0,4.0,0.0,12.234729654917881,67.92766193024543,15.0,223,21.26406492589979,0.176097279803842,0.239993735868986,0.088007569478095,0.147089775648037,0.193122079242066,0.273801384580702,19.150161558138155,9.816636592697446,54.77344422490961,1004.8928051467155,979.2241119428782,2665.1827829799868,12.294625370324074,4397.862875256806,2.02827587816288,42.27009307645436,1040.6162059107114,90.89459222643036,4.374381685497118,-0.784769576058192,-0.619787634995606,14.337148317780112,-0.653622838900594,-0.756820444007381,0.000153107759391,0.000157465747108,18.645320998439715,14.065406661843308,4.008854905517547,-13.872423870888628,-38.884507538889075,59.55725931647616,50.26186755364066,57.187722437948196,61.73942175724012,106.65856367579796,19.32864575041732,37.92372157298565,60.21110213675822,58.214614819203504,36.31012261333987,-0.573040789588056,-0.819526847313923,-0.443388111006568,-0.89632972896029,-0.359099851295567,-0.933299146468859,-0.489676982828226,-0.871903923886253,-0.883101712497135,-0.469181591054708,0.098120822091276,0.089917401405437,0.036540773490154,-0.07814996819479,0.104072042059716,5912.150587002949,15175.726010218925,30990.99160137456,56848.43194074134,93091.66955747036,-2.282234780269058,-4.99735198098556,-6.471214177612427,-6.982484119257899,-6.971827059215268,43.80279912257936,-0.005098844613383,0.999987000807315,19.036836292716355,-0.001992955750632,0.999998014061716,9.460322963524302,-0.000550824417795,0.999999848296219,69.6334654151015,0.006104757970425,0.999981365791444,2686.6520314926047,88.2230082967438,2.0688113260225,9.84319375011,88.7418527028494,15.516067268689135,,138.27695528266855,47.04605148106529,851.7721236784784,,714.1755047117751,,17.466070356474116,12735.867713793687,1.301348925379695,5722.665114,1110.0,7.7742099846637895,2377.463535,7.217588424682617,1362.197639767877,-1015.2658952321228,-42.70374204633691,42.70374204633691,True,0.30871388,-0.17015475,0.23770384,0.18084009,0.05857583,0.19765039,0.081642985,0.103791684,-0.067545265,0.007736582,0.28219265
44,Lousa_15102017,2017,1357,p,2017-10-16 03:00:00,2017-10-16 04:00:00,289.125,289.166667,rep,7,4,14.25,14.25,655.493898,438.959444,5694.838733,4295.507748,4.0,1.0,4,298.4768629807692,0.924713397540145,-0.380664067663026,22.0,4.0,0.0,0.0,0.0,0.0,223,16.88769230769231,0.173757133585791,0.238485908706447,0.085203679460175,0.144653160446262,0.190855156013699,0.272733937870815,19.32909210319437,10.268128574144242,55.840568074433136,993.8480374521838,978.6649132203654,2705.204042684332,12.419726911654603,3927.0174419543246,2.065266736311208,43.130291581163874,1068.1217320188407,90.9600096755508,3.967582630042757,-0.776918178725208,-0.629601575257167,13.751653670266528,-0.585714351448751,-0.810517549783451,0.00178312642513,0.001858491665396,18.26453372004195,14.128834237640962,3.998300765018547,-13.912737032669781,-38.877040916479174,65.82223169527437,50.847923061111416,57.93782702543979,63.19409438762052,106.80745088126852,20.623588303728543,36.95067831115085,60.239221844018445,58.071633222182484,37.92137433751581,-0.529794092744203,-0.848126299140256,-0.456849594471876,-0.889543955086472,-0.346367082178721,-0.938099058939406,-0.49453759916217,-0.869156236251525,-0.878103683965945,-0.478470396373105,0.09286330615556,0.084839356747234,0.053766418134927,-0.068753507844929,0.114024456887754,5910.154069577747,15171.343482427197,30987.3875459637,56842.909064865016,93087.57383891067,-3.869639491470258,-4.512649032753909,-6.51882011083719,-6.994104758704641,-6.958509000762872,54.93103499212598,-0.002154445985151,0.999997679178555,19.15765109913413,-0.001403600585212,0.999999014952213,9.475645970591723,-0.000180098099659,0.999999983782337,65.09054915649638,0.009928415627528,0.999950712066913,2042.1032298018115,89.8613696100594,5.279243182602,11.4951088342013,90.5291753861342,32.0483596118108,,165.43574113305237,47.04560228170962,854.7887181934259,,729.5312912014713,,17.511907002400278,16510.889681092278,1.245267985877274,403.275199,1110.0,6.086682549936867,438.959444,6.459428310394287,637.6958164180428,198.73637241804278,45.27442685981777,45.27442685981777,True,0.3075809,-0.20536353,-0.10817144,0.008975749,0.05052899,-0.07954362,0.10450066,-0.119971454,-0.07738431,-0.026717316,0.23446487
44,Lousa_15102017,2017,1358,p,2017-10-16 03:00:00,2017-10-16 04:00:00,289.125,289.166667,rep,8,4,645.0,645.0,,2162.209536,,20652.354392,0.0,1.0,4,223.57040532771177,-0.897361628119252,-0.441295941947311,22.0,4.0,0.0,38.3946223803875,43.495452748121785,12.0,234,16.735258215962443,0.177158100738225,0.239994849585658,0.086989311702675,0.146880546518483,0.194755464097439,0.273241806647792,20.30480487933606,10.017292564291814,51.64416314089064,1151.276006769317,988.9755689422404,1857.60924869625,11.75983737294574,4380.708960752127,2.036462978652467,42.87480422814057,1037.0890558360106,90.99572146719743,3.805050173069669,-0.646664543327633,-0.762774520027291,13.93302959265013,-0.55548522600954,-0.831526405885664,0.002283659603684,0.002359441595019,18.580075236338505,14.125344011335649,4.052418054030716,-13.902078291274016,-38.88671011350408,61.765443794432464,50.19570764223177,57.46396934654217,62.84401308273516,106.45224972936404,19.00915027310134,36.98022020137784,59.31632458509094,57.785728874001336,35.88209881811467,-0.510638601220751,-0.859795451804273,-0.442736447866915,-0.896651792910819,-0.347541521198131,-0.93766459410777,-0.487596403966308,-0.873069153526297,-0.890238880643853,-0.455493946600808,0.07432035274628,0.073558572285239,0.061537450723829,-0.088314864804437,0.111543264940655,5913.390371254158,15177.814411949625,30996.022548416775,56852.63407370699,93095.91287994229,-2.79845514254456,-4.860759017726587,-6.481750687948272,-7.011074944247408,-6.964175176880804,31.97564041198369,0.001056767961848,0.999999441620582,18.259067181439796,-0.000984115188528,0.999999515758531,9.28936577227832,-1.407731064e-05,0.999999999900915,68.17510453643976,0.014002878745786,0.999901954886993,2419.2938126584604,89.3654106761954,3.2527917830387,11.1499767678719,89.9285146688697,23.125846369853953,,157.94380158561228,49.35010561799848,848.3836964316658,,719.6939626765945,,17.32346701928509,13793.426547196443,1.314235962240302,2139.253769,1110.0,7.679348294122952,2162.209536,6.780066967010498,879.1276616527027,-1283.0818743472971,-59.341236498334325,59.341236498334325,True,0.30904204,-0.19061084,0.159574,-0.018741727,0.055365402,0.16915601,0.09064189,-0.11020182,-0.055713866,0.016532283,0.32818565
44,Lousa_15102017,2017,1351,p,2017-10-16 03:00:00,2017-10-16 04:00:00,289.125,289.166667,rep,9,4,296.5,296.5,,4197.17335,,41117.585404,0.0,1.0,4,296.66641022920203,-0.442163190317074,0.896934620320025,22.0,6.0,0.0,12.361623616236162,20.66420664206642,19.0,227,18.5761872909699,0.178397650402942,0.244252220776669,0.087645133410101,0.148002236941849,0.196086140703398,0.279095908805097,19.019015473269775,9.437875586899128,53.85579748676168,1015.7855231215366,977.5233980662372,3049.129089724934,12.25915229462083,5384.243282533696,1.955646338295188,41.69738034114145,1036.9124419164332,90.85821538481184,5.224217574653239,-0.857585026562958,-0.514342222858488,14.769412261658104,-0.656109486047702,-0.754665715610707,0.000177017766266,0.000180141388913,18.93767107096916,13.915871141368692,4.004578464778317,-13.831867419221643,-38.88717623986172,56.82201823351531,51.80345040540429,56.678035263209075,60.645710884375205,106.90149690656176,16.77568234822911,38.950352056000284,60.07272970653072,58.41232627290197,35.8047390314819,-0.61166775729003,-0.791114754439446,-0.44851512995965,-0.893775239194552,-0.376591597465444,-0.926379387032346,-0.486136387596575,-0.873882951346777,-0.883933332686184,-0.467612941829347,0.089107432178105,0.073788453929878,0.035007569583767,-0.073953794349404,0.094930966584841,5912.638333059918,15177.321324372027,30991.838405974566,56850.914566316445,93091.2612632913,0.099682726380383,-5.479513366826873,-6.377742514662025,-6.964977264006594,-6.983875567160938,43.203747706397536,-0.003377636659506,0.999994295769029,19.26696497671717,-0.001963476177684,0.999998072378792,9.567671315047338,-0.000601979604926,0.999999818810261,73.96434580125833,0.005052924680729,0.999987233894599,2841.3034750952434,88.1571087150517,1.9436035781449,8.1428943595307,88.68966794434931,12.517359274636604,,151.551728184454,61.875169413554644,847.1450074733609,,708.1964968924411,,17.29948036602267,11286.042148397926,1.332860057066977,,1110.0,8.342404793001108,4197.17335,7.179148197174072,1310.7903954480394,-2886.3829545519607,-68.76968649750815,68.76968649750815,True,0.32087538,-0.1482684,0.23770384,0.13342428,0.06266474,0.13885042,0.08674292,0.05370873,-0.056039862,-0.00027443515,0.2631896
44,Lousa_15102017,2017,1367,p,2017-10-16 04:00:00,2017-10-16 08:00:00,289.166667,289.333333,rep,1,5,2144.25,536.0625,1562.13893,1345.118072,15030.839669,11994.205458,4.0,4.0,4,227.3959757247231,-0.932277385112823,0.361744215167563,22.0,4.0,0.725172074729597,1.585545722713865,54.842674532940016,27.0,223,16.222857142857148,0.176710436195544,0.238656282910969,0.086274516030922,0.146819704792006,0.194220947315358,0.271431863183681,18.85954242945465,12.032575111463597,65.1018773429145,769.9561963851659,981.9603796079548,3010.8795257706056,14.966716334074857,2759.2464722603554,2.262787733074562,41.54174483031181,1043.7419095056196,90.28433981691835,3.427734937622679,0.414350420917163,-0.91011742576756,11.574124847101457,0.069162211498218,-0.997605427261037,0.072021295837545,0.075356954091121,17.48342858269728,13.911461411745796,3.385885945596671,-14.03222662693762,-39.13988498295972,74.7238112680408,53.461969518138176,66.98914000726316,76.8779759142252,108.20205194465737,17.58708392025251,33.30855682752813,59.94897318039941,53.59884756538543,38.68841705473718,-0.051565123395114,-0.998669634087893,-0.343598542719805,-0.939116628242109,-0.327432244932891,-0.944874660988539,-0.553815108359991,-0.832639673419548,-0.810782842417077,-0.585347061530239,-0.006970136943768,0.051822418972464,0.069421497568358,-0.015022614601261,0.120522677230579,5960.33773467842,15211.5938550744,30999.035303771885,56857.600116822636,93059.26301225962,-6.409457004684704,-3.897535173340255,-6.773022685557126,-6.801621737794465,-6.998467390543519,61.917656675529045,0.036169543084551,0.999345668001345,19.811894559899873,0.004308924720021,0.999990716540787,8.962140653686445,0.003053758593066,0.999995337268357,62.15305711290639,0.050864271535846,0.998705575172747,1539.1530829114217,97.77234295780481,12.9232104833936,41.3459385878108,98.4288405520055,69.64223046964803,0.949929045741075,176.96586438046097,77.49938584850666,887.1775719091511,,754.1831864454831,,17.905715767506926,14202.716543446359,0.932238475514596,2500.532267,1170.0,7.20498022701123,1345.118072,5.7365336418151855,308.9880169757654,-1036.1300550242345,-77.02892977147025,77.02892977147025,True,-0.09146988,-0.20107374,0.19741894,-0.08644285,0.013559827,0.15969366,-0.06885242,-0.08736717,-0.062117722,-0.21357705,0.15151425
44,Lousa_15102017,2017,1366,p,2017-10-16 04:00:00,2017-10-16 08:00:00,289.166667,289.333333,rep,2,2,54.0,13.5,,172.897068,,1713.472248,0.0,4.0,4,235.23941698788545,0.964586642071132,-0.263766203176106,22.0,4.0,0.0,0.0,100.0,25.0,223,17.042264150943396,0.17878560330093,0.239583346662843,0.086714011490345,0.148010673046113,0.196713029384614,0.27175146484375,19.530957031250022,12.003662109375023,62.581602059228295,863.8209802215046,992.1873749999999,2099.8369140625,14.112491974266359,2968.6117576080746,2.26478271484375,42.83019777033774,1038.4914509041723,90.81599825249931,3.34055529165402,0.421433241485076,-0.9068594284515,11.559089617952486,0.056512496174302,-0.998401891913346,0.067494485142335,0.073478336412504,17.638970947265626,13.9397705078125,3.410205078125,-14.04510498046875,-39.14962463378906,72.42948608398437,52.555921936035155,66.50249328613282,77.52486267089844,108.29612579345704,17.049735717623523,33.67714022817869,59.71724131128485,53.813310007143706,38.13030429685725,-0.046363933953689,-0.998924614587276,-0.336321864852231,-0.941747101520529,-0.329667038769373,-0.944097263818211,-0.554101671872386,-0.832448999776099,-0.812011199138333,-0.583641852914891,-0.018385267244599,0.043808507120555,0.063693067466618,-0.021657552818799,0.118991373254828,5961.21806640625,15213.7310546875,31001.729296875,56860.1265625,93061.596875,-4.085386486735191,-4.036365155663999,-6.775590156917422,-6.816147033156963,-6.997592513715278,33.509170308120304,0.019886939787732,0.999802235257493,19.00321216762845,0.004104273413936,0.999991577434402,8.821615481619377,0.002964178376757,0.999995606813625,60.36037166612393,0.050283211894957,0.998734999187235,1779.23617138676,97.73513183593761,10.5511962890618,41.1567626953132,98.3319335937501,59.41900000000193,,162.1310085449311,72.76804524740128,887.4916126252098,,748.7563809523438,,17.87570873344656,14325.97053527832,0.945813617097607,,1170.0,5.158463560953582,172.897068,5.390117645263672,218.22917531103744,45.33210731103745,26.219130165375304,26.219130165375304,False,-0.12677974,-0.24018288,-0.10611711,-0.06505563,-0.006039035,-0.2891544,-0.06557782,-0.09345154,-0.082067765,-0.20918079,0.13817683
44,Lousa_15102017,2017,1361,p,2017-10-16 04:00:00,2017-10-16 08:00:00,289.166667,289.333333,rep,4,5,222.0,55.5,388.073138,397.026196,3721.971741,3865.380877,4.0,4.0,4,188.8452880313199,0.28982945894187,0.957078306477303,22.0,4.0,0.0,0.0,27.986348122866893,25.0,223,16.05287610619469,0.17878560330093,0.239583346662843,0.086714011490345,0.148010673046113,0.196713029384614,0.27175146484375,19.530957031250022,12.003662109375023,62.581602059228295,863.8209802215046,992.1873749999999,2099.8369140625,14.112491974266359,2968.6117576080746,2.26478271484375,42.83019777033774,1038.4914509041723,90.81599825249931,3.34055529165402,0.421433241485076,-0.9068594284515,11.559089617952486,0.056512496174302,-0.998401891913346,0.067494485142335,0.073478336412504,17.638970947265626,13.9397705078125,3.410205078125,-14.04510498046875,-39.14962463378906,72.42948608398437,52.555921936035155,66.50249328613282,77.52486267089844,108.29612579345704,17.049735717623523,33.67714022817869,59.71724131128485,53.813310007143706,38.13030429685725,-0.046363933953689,-0.998924614587276,-0.336321864852231,-0.941747101520529,-0.329667038769373,-0.944097263818211,-0.554101671872386,-0.832448999776099,-0.812011199138333,-0.583641852914891,-0.018385267244599,0.043808507120555,0.063693067466618,-0.021657552818799,0.118991373254828,5961.21806640625,15213.7310546875,31001.729296875,56860.1265625,93061.596875,-4.085386486735191,-4.036365155663999,-6.775590156917422,-6.816147033156963,-6.997592513715278,33.509170308120304,0.019886939787732,0.999802235257493,19.00321216762845,0.004104273413936,0.999991577434402,8.821615481619377,0.002964178376757,0.999995606813625,60.36037166612393,0.050283211894957,0.998734999187235,1779.23617138676,97.73513183593761,10.5511962890618,41.1567626953132,98.3319335937501,59.41900000000193,,162.1310085449311,72.76804524740128,887.4916126252098,,748.7563809523438,,17.87570873344656,14325.97053527832,0.945813617097607,343.865235,1170.0,5.9865178222139335,397.026196,5.5101447105407715,246.18689502881205,-150.83930097118798,-37.9922792226002,37.9922792226002,True,-0.08412664,-0.2403862,-0.10611711,-0.0817831,0.0065712994,0.113608286,-0.068389475,-0.09236248,-0.06947989,-0.2079248,0.13707964
44,Lousa_15102017,2017,1362,p,2017-10-16 04:00:00,2017-10-16 08:00:00,289.166667,289.333333,rep,5,5,136.5,34.125,197.948917,197.208527,1792.962809,1597.023914,4.0,4.0,4,181.31569728647688,0.330668503247557,-0.943746968715672,31.0,4.0,0.0,0.0,15.320910973084887,42.0,227,15.23410071942446,0.175733844311419,0.238618954264144,0.08575970247445,0.146173283107132,0.193103160674597,0.271891499212676,19.54426079299739,12.041711713696316,62.53705479566834,862.5927375483714,990.6097231664866,1848.1533315024965,14.090872609843226,2558.0830885370933,2.239764162834208,43.30212806911882,1061.6936935460712,90.9712512318236,2.730838808975126,0.352728911232636,-0.935725555481221,10.941456586985012,-0.020339833174805,-0.999793124194411,0.113757327235371,0.114228967861339,17.48608088866186,13.833866817960077,3.354338492291661,-14.004403899397328,-39.13577003583101,73.9212555324967,54.23062889776395,66.97616735715533,75.05059266927626,108.08877246848753,17.58981088498159,33.7087279169173,60.704562317155336,53.97665418144308,39.61330398469849,-0.099461016403074,-0.995041459546318,-0.353754868351647,-0.935338170458957,-0.335119203353638,-0.942175737080733,-0.555668063828637,-0.831404235520203,-0.801101528213172,-0.598528480103094,0.010592562294542,0.070341637472199,0.054835439871256,-0.020003028524419,0.114156152239018,5958.846896210143,15209.113559394982,30993.876685296553,56851.04267504612,93052.79105930528,-4.411077865272776,-3.985096200460495,-6.743392160548408,-6.778438197618536,-7.005075658258488,33.473302110316226,0.016990641963534,0.999855648624174,19.277696810089733,0.003606462979514,0.999993496691242,8.860401480306937,0.002696171428215,0.999996365323209,56.74998153406345,0.048819363541238,0.998807623991441,1497.3593151209861,97.6010989452175,13.480807714016299,40.1299070566747,98.2357740101978,64.183472156864,,148.33344644745898,103.77604849683195,886.2941198050264,,753.49895593667,,17.97295009729195,14810.385434115387,0.969920166722947,1023.465853,1170.0,5.289319643170257,197.208527,5.442456245422363,230.0089017335442,32.8003747335442,16.63233087966029,16.63233087966029,False,-0.084656425,-0.22980289,-0.095706984,-0.16065967,0.000698701,0.032874502,-0.058870405,-0.08305497,-0.06575624,-0.22058141,0.12726189
44,Lousa_15102017,2017,1364,p,2017-10-16 04:00:00,2017-10-16 08:00:00,289.166667,289.333333,rep,9,5,238.0,59.5,487.47868,492.222068,4502.673602,4546.486649,4.0,4.0,4,287.40251865671644,-0.855628116692535,0.51759107983541,22.0,6.0,0.0,44.345898004434595,18.070953436807095,4.0,221,17.654541666666667,0.178943735026089,0.245649245440682,0.088913138432256,0.147864117376728,0.196761598175997,0.280943166294964,18.800948393913206,10.658603974641082,59.243692510932284,884.7121436423924,975.7314369537613,3443.2513718913333,13.607205603873993,2403.322638243938,2.168304464957507,41.53451231836014,1045.1375730597251,90.84887366332318,2.270071898927042,-0.693838022824999,-0.720131097844203,10.46918391916825,-0.282634859303516,-0.959227572740943,0.089936966729457,0.098567291320488,17.975726843819892,13.757471484057607,3.420862554142593,-13.977787141459961,-39.15404368858233,64.66476142807724,53.01917111505567,64.3303842611911,72.60299247606265,108.8493970393655,11.604402428107326,37.03051846909523,61.35131211792478,55.01932185775361,39.328086565384574,-0.230167049221478,-0.973151133921488,-0.352845070049742,-0.935681760291175,-0.367956962957262,-0.929842821885112,-0.563530232100082,-0.826095440920253,-0.787435751963883,-0.616396736306312,0.030033071434934,0.066553822371459,0.037779497441034,-0.016308549484765,0.093477929074716,5963.405398708282,15212.275704830046,30998.140062479903,56850.38320335768,93048.95077690136,-0.088627432823308,-4.602729489931209,-6.651426043089364,-6.794021653326777,-7.017588337493568,32.48134584231972,0.011624035941056,0.99993243861195,20.800548176723776,0.001865044191567,0.999998260803569,9.385689729399019,0.00169722788748,0.999998559707712,53.68649709039986,0.030615549820741,0.999531234183892,1915.2268313302466,97.05600506600919,7.059177608254,33.7693358771971,97.5286898518694,22.393398847603844,,99.5502665337314,116.89878301149267,864.0119332881874,,737.1789712151807,,17.76364356667319,9849.858336280902,1.224046105772179,4197.17335,1170.0,6.2009595148147305,492.222068,5.70444917678833,299.2000773282183,-193.02199067178168,-39.21441219733807,39.21441219733807,True,-0.076940976,-0.20321843,0.14471674,-0.15295853,0.009545335,0.09501345,-0.0056620063,0.02765535,-0.07933182,-0.20232788,0.059501003
44,Lousa_15102017,2017,1365,p,2017-10-16 04:00:00,2017-10-16 08:00:00,289.166667,289.333333,rep,10,5,193.0,48.25,292.015222,295.759403,3745.234299,3657.652254,4.0,4.0,4,213.55675610539845,0.373246188711764,-0.927732333495035,21.0,4.0,0.0,0.0,81.93717277486911,12.0,4,23.338564102564106,0.175400359160305,0.238841155783734,0.085759909927845,0.145741141796113,0.192766007900239,0.27240771484375,19.487988281250022,11.921240234375023,62.22680943576084,866.1296548025609,988.8993750000002,1865.7882080078125,14.048020948320431,2497.557019186598,2.2321044921875,43.34841605640818,1059.7758713700384,91.02857268471848,2.608078501794726,0.337596162966714,-0.941291044656302,10.759008713430926,-0.046818160074377,-0.998903428709327,0.125684168690064,0.122937781804042,17.5001953125,13.814276123046875,3.350067138671875,-13.9974609375,-39.137698364257815,73.22567138671874,54.26773300170898,66.81411666870117,74.50761260986329,108.11399993896484,17.300977308289536,33.9299768048541,60.89041194039264,54.071730285238836,39.72324195635919,-0.110585819101264,-0.993866578879531,-0.354084276063665,-0.935213518638642,-0.337706173322536,-0.941251581937502,-0.556619553248376,-0.83076752039399,-0.798684398746187,-0.60175014017401,0.017635208357819,0.076615792783207,0.052473727556813,-0.021211744824761,0.112258579475736,5958.99609375,15208.9732421875,30993.180859375,56849.77890625,93051.4609375,-4.197572202407803,-4.021873382211576,-6.733534433867165,-6.774059104770326,-7.007548427131043,33.07721348588989,0.016348867703152,0.999866348331028,19.382835549228457,0.003475226869641,0.99999396138087,8.895489065409402,0.002621919113781,0.999996562764173,55.55642491676512,0.048471924539162,0.998824545418999,1544.9281723633267,97.5340087890626,13.326928710937,39.5083740234382,98.1557128906251,59.88700000000207,,141.05100781250948,98.22863464356018,883.8668393394412,,752.6820462173463,,17.982396136333943,14584.871864318848,0.999435369317965,,1170.0,5.692921719592654,295.759403,5.384945392608643,217.09819400884837,-78.66120899115165,-26.59635101817934,26.59635101817934,False,-0.08979602,-0.24583854,-0.09613357,-0.1678575,-0.005602726,0.017207641,-0.07084886,0.0055025904,-0.12056296,-0.20685963,0.13013743
44,Lousa_15102017,2017,1376,p,2017-10-16 08:00:00,2017-10-16 18:00:00,289.333333,289.75,rep,8,6,189.5,18.95,164.375149,167.369731,1556.935928,1464.849638,10.0,10.0,4,229.63631953428202,0.631349846507913,-0.775498143978717,22.0,4.0,0.0,30.54448871181939,23.771580345285525,5.0,223,16.369635416666664,0.179820263418108,0.241310011936655,0.089137216871777,0.149139208010924,0.197585311881653,0.273844270412077,23.305600815338597,12.884070956630508,52.717516785103456,1390.3256066400202,990.4162566658811,1859.069255715925,12.080680618397627,16641.554179364524,1.990794482843602,42.44569745970972,1016.6633006728803,90.9595095940175,10.118087476302016,-0.050530216775983,-0.998722532634852,15.108383095269177,-0.124648666453385,-0.99220094232539,0.087203538200941,0.108264719742902,19.735429766945458,12.673929471199715,2.69234050551251,-13.69391254072463,-40.00013255346438,61.88375347437478,73.14347337296905,80.29985442400515,24.907395013004813,102.0869736822042,17.826975579278304,33.33220384533231,54.30497520346083,39.77860637037307,54.0305784717211,-0.082837855260961,-0.99656303851576,-0.106900575851333,-0.994269715360301,-0.351314630030623,-0.936257459637277,-0.528270403455248,-0.849076192595947,-0.778426789172541,-0.627735401183116,0.025241371514106,0.080805395022924,0.051782667314119,-0.013006055129944,0.162834005592112,6028.703388830156,15303.149288210312,31030.40942119482,56924.36685310544,93017.72986037159,-5.086686230039044,-7.705122825048348,-6.422976940304071,-6.39868955124517,-7.332552495221647,21.166655208851097,-0.002213333742034,0.999997550573873,15.281552296840688,0.001020657757303,0.999999479128736,5.346580054799937,0.001180592828205,0.999999303100044,52.88228505096733,-0.002720916189099,0.999996298300695,1914.9078774385578,96.0639146183114,12.513928073762301,38.1604549794603,97.5252519485943,9.68151693599553,,936.823097742787,207.46696681560562,849.5587269584711,,795.5141097126402,,15.807083035427757,11534.191903156292,0.529029848036731,357.175788,1410.0,5.126162340996638,167.369731,5.491499900817871,241.62084128026677,74.25111028026677,44.36352370086964,44.36352370086964,True,-0.49277374,-0.14847702,0.08972318,-0.18323316,0.018816054,0.07797877,-0.048915397,-0.08727464,-0.024665887,0.0022227229,0.18289937
123,Melgaco_04092024,2024,2723,p,2024-09-04 15:15:00,2024-09-04 17:30:00,248.635417,248.729167,airb,1,1,500.75,222.555556,2449.296148,2449.296148,21629.469585,21629.469585,2.25,2.25,4,1225.3748748748749,-0.188841440517832,-0.982007591795069,22.0,7.0,6.162324649298597,8.266533066132265,85.57114228456913,13.0,235,15.984,0.287680415481325,0.3477124314304,0.205116173624986,0.238962417840953,0.309916910529133,0.379475402832028,20.665063476562523,8.527734375000023,45.6892475057657,1322.4406394374832,922.6675,8763.7001953125,10.92585281811635,18931.29065261788,-0.593765258789062,24.0712470911645,574.4524331425301,86.24382645208894,14.318208834691776,0.212882539428678,0.97707779854339,24.574226002906865,0.279636675335594,0.960105895100772,0.000315287538289,0.000315317993814,19.824005126953125,11.40478515625,6.592315673828125,-11.016342163085938,-39.69660186767578,48.790103912353516,70.99761962890625,4.502179145812988,45.77694511413574,93.8697395324707,15.798964003520217,30.624441100851712,31.2358365869472,59.41665492055586,90.16568704394845,0.296766449145974,0.954950090141516,0.348484264407644,0.937314630985915,-0.132911656987822,0.991127888537474,-0.466121658727679,0.884720633457227,-0.410938532151021,0.911663053322643,0.031727724602355,0.018521295465154,-0.085737156633827,-0.084279614112183,0.018440012216571,5788.65380859375,15046.126953125,30798.9443359375,57060.1875,93449.03125,,-9.186592260634704,-3.096739468813089,-6.876028009245647,-7.994288413867512,4.338316074138057,-0.001801087042382,0.999998378041418,6.571601406939354,0.048502879836238,0.998823042709564,9.008178557105337,0.020636098469948,0.999787053046767,80.46255500631884,0.003651323539473,0.999993333895987,3532.0565429691114,64.25384521484439,10.7485961914057,0.0,69.5034790039067,0.0,,1189.3308471679734,89.16520996093595,769.9448256688295,,926.9033628913453,,16.766988110121076,7899.49631690979,1.066260807022548,,0.0,7.803964172968462,2449.296148,6.400444507598877,601.1126220319528,-1848.183525968047,-75.45774027682205,75.45774027682205,True,0.24776036,-0.12144179,0.18014523,0.07804306,0.24241523,0.0265211,-0.028916195,-0.108221605,0.19031273,-0.06593576,-0.10736606
60,MirandadoCorvo_13092019,2019,1919,p,2019-09-13 18:30:00,2019-09-13 20:00:00,256.770833,256.833333,fops,1,1,48.25,32.166667,616.394795,616.394795,6295.078606,6295.078606,1.5,1.5,3,284.366560828877,0.87255998503595,-0.488506983076048,22.0,4.0,0.0,0.0,100.0,38.0,223,17.19529411764706,0.175004372998325,0.240777039782344,0.092194955572485,0.134099517911671,0.194985871315,0.275577392578122,24.606469726562523,9.496972656250023,38.41748806705546,1904.3007867151464,977.153125,3761.282470703125,9.557296428329181,21006.60561458687,3.535324096679688,52.08317005255413,814.0266346222842,93.63297115374917,10.968229226337778,0.55773381178362,-0.830019876384483,20.92906054144374,0.625899943133862,-0.779903366568595,0.00036085221291,0.000364782286892,22.642379760742188,16.188323974609375,3.11767578125,-10.70660400390625,-36.567352294921875,41.59027671813965,48.91369438171387,85.13700866699219,90.32299041748047,56.09721565246582,25.580103388675884,17.055313744288686,50.69101048455761,61.59714981702003,86.19053060950465,0.667343059594556,-0.744750455394944,0.989478201393917,0.144682027101709,0.536238421779205,0.844066558399127,0.73851107217905,0.674241348679351,0.560288963844174,0.828297215372853,-0.173355343489213,-0.016382071850298,0.512385840502918,-0.150747487333704,-0.122757376101729,6077.146728515625,15456.109375,31277.123046875,57310.244140625,93981.24609375,-0.987428923726009,-7.04231260626401,-8.41073222203099,-5.39826123551058,-7.208382440265174,83.34395764902396,-0.008289439254485,0.999965642008187,14.523353269044303,-0.012750357714873,0.999918710885111,9.456229299591683,-0.005564692989606,0.999984516976104,93.22631893603833,-0.003883962877729,0.999992457387737,2893.5482226562185,44.6890869140626,0.0,88.80126953125081,90.51074218750091,0.685000000000141,,589.1990460205164,110.62983520506805,781.4319673738235,,734.8680229141278,,18.618963362582974,12791.37897491455,1.547821007542472,,0.0,6.425508681517459,616.394795,5.863674163818359,351.0151321787827,-265.3796628212173,-43.053521050776766,43.053521050776766,True,0.30184218,-0.09097619,-0.099401906,0.026753427,0.2239351,-0.2483695,-0.07975041,-0.051569153,-0.022679342,0.029571094,-0.077970766
60,MirandadoCorvo_13092019,2019,1920,p,2019-09-13 20:00:00,2019-09-13 23:00:00,256.833333,256.958333,fops,2,2,306.0,102.0,1028.800714,1028.800714,10326.4774,10326.4774,3.0,3.0,3,192.14662388392858,0.820709510003523,-0.57134569237002,22.0,4.0,0.0,4.448105436573312,85.50247116968698,36.0,223,18.004125412541253,0.157756663054118,0.221399155482688,0.082531656222341,0.120313061106923,0.175991255952917,0.255072431899921,23.75674499355484,10.174932720141607,42.355100267052606,1698.6949257652795,987.6680628546609,2851.8475959143725,10.169908936429565,18650.58714185093,2.993020826846499,51.870551013039616,823.7907644927016,93.73076835424743,10.782091669535008,0.770408055003179,-0.637551118567145,22.087541511364734,0.756672587075607,-0.653794001171858,0.028440901318184,0.028276511384198,21.276541633489416,15.135942252159628,3.14990059846663,-10.439114652117063,-36.835535342362874,45.41879773295692,51.68304705479662,83.93918804530226,75.47816256739407,51.51080051208841,29.426219863545807,20.844983452173174,53.929356722103,58.774456989646545,89.48251396771975,0.78465710742148,-0.619930015221845,0.932278396793761,0.361741607880064,0.558570099395771,0.82945731901105,0.750729330875512,0.660609924057462,0.581935306243102,0.813235082462474,-0.213536302568533,-0.032374523745153,0.21104964094873,-0.149392342133972,-0.112484058921907,6121.431672145781,15467.846426302387,31240.90275855738,57301.25086774494,93945.27941399714,-6.890085517447568,-6.700286124899922,-7.712806990133755,-5.306392477295981,-7.357694883698492,72.35528450823634,-0.002611086321455,0.999996591108301,15.094547395053329,-0.010914706473759,0.999940432817171,8.677361263740627,-0.004783838182861,0.999988557380653,105.55604499844466,0.001769671728819,0.99999843412976,2998.953962670603,13.7409594440077,0.1902984184291,67.2396429044929,67.8513720235523,0.642370614380223,,569.8211058830079,45.36245776816319,807.7498501655704,,737.3879019459171,,19.146062700693733,14900.031872313573,1.301013947432082,,90.0,6.937120580950313,1028.800714,6.177133560180664,480.6094713283352,-548.1912426716648,-53.28449282857562,53.28449282857562,True,0.13431989,-0.12603411,0.17034815,-0.042098418,0.08484714,0.03935577,-0.08479949,0.02279971,0.10686226,0.008306166,-0.09712637
60,MirandadoCorvo_13092019,2019,1922,p,2019-09-13 23:00:00,2019-09-14 02:30:00,256.958333,257.104167,"fops,sat",2,2,132.75,37.928571,600.017344,310.716994,6443.867734,2957.30078,6.5,3.5,3,145.75844754253308,0.22793349955587,-0.9736767018781,31.0,4.0,0.0,27.9826464208243,53.79609544468546,14.0,223,16.963481481481484,0.148986034422366,0.211507743396713,0.07779849410057,0.113354724273085,0.166299510747193,0.244588012695309,21.749841308593773,11.328820800781273,51.75215750777356,1262.3008754494501,992.3287500000001,2387.12451171875,11.62980497518228,13780.971824814438,1.743423461914062,44.76839845680528,834.0927548604654,93.69437460322848,10.52929935245632,0.950508436620352,-0.310698747846744,24.86681273527656,0.937264640622602,-0.34861869347266,0.007932954758176,0.008721826010561,19.47724151611328,13.599227905273438,4.112380981445312,-10.857749938964844,-37.30371856689453,56.49028015136719,59.49442958831787,52.259233474731445,63.142433166503906,49.199191093444824,38.07457947600506,26.095766820345276,34.460594266033176,57.2389029829909,84.67318972388308,0.939714136661787,-0.341961023156138,0.976164295606232,0.217032873048278,0.793099231620817,0.609092446844048,0.74138964288369,0.671074807621918,0.62712159349438,0.778921374063563,-0.316445980457269,-0.153042026195241,0.005845457574586,-0.076409786616721,-0.087345741593064,6099.3111572265625,15391.763916015625,31140.87451171875,57219.83203125,93793.984375,-7.066111688513752,-6.413766896832496,-6.104619138035961,-5.845706155697215,-7.371505794347042,83.84425715052222,0.000780950053161,0.999999695058461,7.983821596660297,-0.005898462003751,0.999982603921683,8.25000643277907,-0.003510022724524,0.999993839851263,129.77547395186266,0.002171824046683,0.999997641587374,3737.7224853516273,0.3602600097657,0.3919982910156,6.1332702636719,6.6421508789062,0.0,,525.9925381469926,95.13656290689414,850.1711174498995,,753.0978395953663,,20.003366933804692,19079.739570617676,0.930214822169578,1028.800714,270.0,5.7420957056592625,310.716994,6.486966609954834,655.5288316262502,344.81183762625017,110.9729574772631,110.9729574772631,True,0.03662373,-0.13758427,0.10772129,-0.07335431,0.04577877,0.12674212,-0.12630223,-0.14049311,0.13661386,-0.035508152,-0.12947603
24,Mirandela_16072017,2017,304,p,2017-07-16 12:30:00,2017-07-16 14:00:00,197.520833,197.583333,sat,1,1,101.0,67.333333,1932.717552,1932.717552,17195.901151,17195.901151,1.5,1.5,2,542.064588490099,0.364878457313276,-0.931055160228804,22.0,7.0,0.0,0.0,0.884955752212389,19.0,233,20.837600000000002,0.187255535802245,0.262165189402945,0.134941406548023,0.160188847780228,0.20023608237505,0.301799926757812,34.82875976562502,8.942163085937523,20.573848802128808,4416.202769773933,963.401875,4235.4072265625,6.144019762922758,25087.891554312228,3.095176696777344,45.65048837187084,596.1411006426011,95.7930888286009,5.544248325548173,0.47399701438526,-0.880526450683828,5.953704967101024,0.347769392145422,-0.937580103184151,0.026405922603373,0.026513002741166,31.545440673828125,22.013153076171875,9.822799682617188,-9.509658813476562,-37.42356872558594,22.952281951904297,33.352054595947266,27.416678428649902,8.832852840423584,17.29257106781006,5.076235641263262,7.242477994316789,10.532378704043913,27.244325178550916,26.482163508501756,0.279982517299664,-0.9600050989482,0.542113401127467,-0.84030533755178,0.12503455743116,-0.992152387210752,-0.800021548261841,-0.599971267909328,-0.010198322813797,-0.999947995753672,0.024820027058827,-0.039481557420427,-0.005521182251384,0.039553884993643,-0.008713824712966,5714.777587890625,15316.4072265625,31491.9375,57933.939453125,94602.0703125,,-10.401110765070056,-7.844278001239919,-7.549157200842959,-7.780677333281099,2.032168377005411,0.002488755048134,0.99999690304436,2.135338172213778,0.001192299626821,0.999999289210547,4.325635721598166,0.004138422229633,0.99999143669406,12.420856131367655,-0.010013663940384,0.999949862010336,,0.0,0.0,0.0,0.0,0.0,,1370.311643066402,291.6263818359357,661.3384799511726,,641.6267325874883,,8.970517160591726,2630.6899785995483,2.084497294488238,,0.0,7.56719962191456,1932.717552,6.401797771453857,601.9279908601244,-1330.7895611398758,-68.85587393578322,68.85587393578322,True,0.30674678,-0.060293715,-0.09353764,-0.055151533,0.17947954,0.034023702,-0.03225084,0.100196436,-0.26117003,0.15859827,-0.009645403
24,Mirandela_16072017,2017,305,p,2017-07-16 14:00:00,2017-07-16 20:00:00,197.583333,197.833333,sat,1,1,736.5,122.75,618.349884,371.194214,5911.01987,4261.900163,7.5,6.0,2,514.0338939857288,-0.999642053654472,-0.026753776658049,22.0,7.0,0.0,0.0,42.097998619737744,23.0,233,19.369614855570838,0.186701942901952,0.261908115954666,0.134274623394012,0.159581112010139,0.199709285753114,0.301699741908482,34.81065848214288,8.63473772321431,20.648605827537033,4445.110226777375,962.0233928571428,4235.4072265625,6.155847332675674,28734.11777341719,3.758856637137277,45.65048837187084,596.1411006426011,95.79308882860089,5.397016421055651,-0.840055032753597,-0.542501190731737,9.258201905670468,-0.957344293298915,-0.288949656667041,0.183057929044455,0.192130026149726,32.49059622628348,23.480922154017858,9.963208879743304,-9.933297293526786,-38.01895795549665,23.096389498029435,31.76320484706334,24.915320260184153,16.570794650486537,25.386297498430526,7.294016974553669,5.933115493125576,19.34564593083568,24.930961646928697,26.802538954988176,-0.936892522457012,-0.349617507233458,-0.89248083458787,-0.451085313320374,0.094469058595875,-0.995527798189488,-0.813398598984413,-0.581706729521151,-0.172244080640322,-0.985054301388695,0.032650788595745,-0.054176839008504,0.018456654100583,0.019727371598015,0.030486413063487,5588.99755859375,15234.546177455357,31420.19754464286,57855.06584821428,94460.296875,,-9.830863475610583,-8.698410738488082,-7.769412921791998,-7.82855085478422,10.866967819201781,0.002229673440506,0.999997514275085,4.764668177289586,-0.007665480808713,0.999970619770387,3.458233847585976,-0.000253803742336,0.99999996779183,39.77946255432477,0.001104926241778,0.999999389568814,,0.0,0.0,0.0027204241071,0.0027204241071,26.115714285718695,,1551.0419327218187,673.1153869628894,658.4227625129588,,898.1011637135558,,8.607939579705102,7503.914744513376,1.945749572718007,1932.717552,90.0,5.919415798681624,371.194214,6.099054336547852,444.4363379823673,73.24212398236733,19.73148320204348,19.73148320204348,False,-0.28639612,0.016227584,-0.089197785,-0.1648296,0.06456465,0.12453622,0.043311525,0.0806394,-0.22021692,0.14244868,-0.038498566
80,Mogadouro_20072021,2021,2220,p,2021-07-20 14:00:00,2021-07-20 16:30:00,201.583333,201.6875,"airb, fops",1,1,101.0,40.4,935.70623,935.70623,6730.029928,6730.029928,2.5,2.5,4,752.0690136476427,0.841176356759699,0.540760886925523,24.0,2.0,0.0,0.0,17.95774647887324,19.0,233,14.747549019607844,0.219730004440559,0.292241558738885,0.166112348933049,0.196631181143462,0.231679988854332,0.330607460484031,32.02378900050513,10.887374248427344,27.419348870155456,3448.9980529276013,940.1569566380841,6351.792810019641,7.341813848550319,32207.235712741804,3.03976719721754,35.90989728587337,488.26218582233014,93.2509847362442,9.315803109556436,-0.951291870500044,-0.308291707836145,14.958885078208358,-0.976795302564026,-0.214175014623209,0.002263432636716,0.002271841190158,29.58789870300207,20.620471103069942,8.540936708634863,-9.401795498737135,-36.67186555147949,31.729950761367494,49.03882932713109,24.89038243025138,12.554252599373427,32.094200268091086,10.075244694915844,15.20880471238853,3.369419957987393,29.028456292639493,72.49420720883853,-0.966264048991766,-0.257553465567904,-0.98497521933381,-0.17269573619031,-0.447917187838815,-0.89407504877307,-0.988766329717191,0.149469546120925,-0.828761297582966,0.559602279863653,0.037666055952454,0.008032351607262,-0.079514772623828,3.8990192297e-05,-0.107737615329004,5481.219605237343,15036.569576537244,31090.461178858375,57436.206069735556,94191.8800151149,,-9.784766436083345,-7.772967924423526,-7.006481150519385,-7.60121446993401,13.878287595115404,0.00401768266311,0.999991929080439,-3.233848091968094,-0.006176278344691,0.999980926611007,3.551833706062003,0.001362433685336,0.999999071886796,37.93299468146121,0.00381109132368,0.999992737765091,3056.356896480817,0.9083168789968,0.4549722521541,2.6386992707012,3.5979913238022,11.969598588330582,,1929.7033840823085,86.23651668648529,690.6645420787199,,916.7662387844239,,9.269195501986387,7385.357531064884,1.18661073041219,,0.0,6.842369711201828,935.70623,6.663322448730469,782.1485904924389,-153.55763950756113,-16.41088138395329,16.41088138395329,False,0.15145564,0.13282575,-0.07354252,-0.009835463,0.18014038,0.09880559,0.04642166,-0.0927961,-0.08215337,0.15565859,-0.08011616
80,Mogadouro_20072021,2021,2221,p,2021-07-20 16:30:00,2021-07-20 17:00:00,201.6875,201.708333,"airb, fops",1,1,78.25,156.5,1026.562479,1646.681943,7891.734259,18043.100638,3.0,0.5,4,746.3390827922078,0.694596696313661,0.719399353259472,24.0,3.0,0.0,0.0,45.23809523809524,19.0,233,21.102054794520548,0.225562273080935,0.29695474786708,0.169200361057538,0.201022387603009,0.238199370014272,0.334728544050226,31.774522121712632,10.130840266056591,26.415110541031986,3447.2241012013014,937.9797058002637,6521.198335648305,7.232172600327023,34017.95937927471,2.957592431187497,36.000916318793244,477.4895126602715,93.3104582132756,9.867333238702651,-0.991932115202593,-0.126770181153576,14.546845943449197,-0.996361715224039,-0.085225186628201,,,30.167280534715488,21.363713517927213,9.448528655552215,-8.622398619543043,-36.70448672655309,29.67191048068965,45.03663542374661,18.409495851396493,21.77388100969793,61.62782638972337,9.468204893672377,14.889925785900104,3.276160854434777,33.35972022679925,68.98821441882671,-0.989493374244425,-0.144578222171886,-0.999890296786894,-0.014811967844172,-0.724472088232659,-0.689304137062741,-0.984311824903337,0.176437613210626,-0.958996059492988,0.283419402788377,0.023967094829464,0.020668287991634,0.00293341089767,-0.057024603977562,-0.082814012640331,5476.33081570252,15046.711777943197,31125.33618069027,57521.300520341385,94343.1066650978,,-9.60597073171043,-7.667211891170656,-7.056540211492472,-7.827555046691222,13.083970116257285,0.00449269997154,0.999989907772556,-3.327272810791525,-0.004882845854479,0.999988078837124,4.536817816994429,0.001032846526894,0.999999466613884,38.32791338378676,0.005385658780762,0.999985497234584,8883.308675266162,3.0538304130154,0.0015735119318,1.6389176479479,4.6925728206741,0.0,,2010.0707203006602,,683.7691758935907,,919.5158664537527,,9.92487790888337,4735.265708167687,1.184410027229952,935.70623,150.0,7.407124696090913,1646.681943,6.5260114669799805,681.6699226453783,-965.0120203546218,-58.60342517611622,58.60342517611622,True,0.27554616,0.13202061,-0.07887183,0.09805264,-0.009383867,0.13935217,0.04469655,0.13435511,-0.10434812,0.14635007,-0.0837354
80,Mogadouro_20072021,2021,2222,p,2021-07-20 17:00:00,2021-07-20 17:30:00,201.708333,201.729167,"airb, fops",1,2,35.5,71.0,624.397318,683.075922,9652.14188,10559.215301,0.5,0.5,4,751.0009287587412,0.302338127419293,0.953200743132629,24.0,3.0,0.0,0.0,71.53284671532847,18.0,233,24.384722222222223,0.228169010267308,0.299515744991867,0.171023546042389,0.203296460222964,0.240979313052109,0.337265340084226,31.75826877574733,10.09655843705848,26.378512043934343,3445.7489506026013,936.9095509171317,6602.193879249806,7.22889373631247,33953.30817906454,2.852291390832577,35.665917394741754,474.0440964086828,93.20764525233444,9.850510767896246,-0.994324748982608,-0.106387469002101,14.416936457716856,-0.998432739412615,-0.055964853872948,,,30.113253637403822,21.266541760186307,9.561958978521155,-8.589867086073408,-36.667106629420644,29.968290363818713,45.839000707802754,16.637981999293473,21.8182241180966,62.08512498765035,9.421353813610807,14.792455266658909,3.735016331049444,33.24802268775683,68.96253623071195,-0.993735374364092,-0.111758694236545,-0.999994177094783,-0.003412590881893,-0.828337474093048,-0.560229443186583,-0.984067960891786,0.177792711735553,-0.960195988450428,0.279327162595593,0.026319086738923,0.013856862774455,0.013956459081985,-0.052607516914514,-0.080540232518136,5479.193444998611,15048.52140094917,31126.18860515145,57525.18981978188,94350.86401456376,,-9.653048043181633,-7.531693156365067,-7.088130486439217,-7.826203566031257,11.937228752472773,0.004052600864126,0.999991788179401,-3.083998147368736,-0.004046782759281,0.999991811741126,4.541046121860067,0.000925950713471,0.999999571307546,38.01430453471623,0.004957478330052,0.999987711628802,8995.722554756061,2.761212136976,0.0,1.6495516588842,4.409522309594,0.0,,2002.5808257286028,,682.7987694957263,,919.2573584160662,,9.963489337856316,4714.616377956664,1.203010641325664,935.70623,180.0,6.528068908538854,683.075922,6.7093186378479,819.0117241072863,135.93580210728635,19.900540734809617,19.900540734809617,False,0.24911281,0.12118152,-0.08158937,0.097618096,0.006413234,0.067173764,0.046077255,0.019744873,-0.11260661,0.13276744,-0.08732013
80,Mogadouro_20072021,2021,2223,p,2021-07-20 17:30:00,2021-07-20 18:00:00,201.729167,201.75,"airb, fops",1,2,21.25,42.5,509.356277,577.198915,7873.799119,8922.533221,1.0,0.5,4,751.8640718005952,0.95096602809118,0.30929534981387,24.0,6.0,0.0,0.0,88.60759493670885,34.0,233,26.5,0.230453318479085,0.301821775123082,0.172384253777806,0.205250659514398,0.243449697523076,0.339582863294509,30.973941469292033,10.42401714530976,28.188252268224335,3214.842200980569,936.0075102886082,6679.694016831044,7.549831657012857,34458.38103580925,2.693452034538757,35.3398882074776,470.97610401168936,93.10718756629522,10.714719691778761,-0.998356211441626,0.057313829709097,15.983015870190174,-0.999990297883177,0.004405012998364,,,29.86201194261037,21.036539897430764,9.649635828353249,-8.002046735965179,-36.48732278453146,31.4723304287325,47.99366162562462,14.299827292000039,29.025687711337554,96.24424992818024,10.035289440111773,15.998136793333732,3.895200450310129,30.636530043064113,67.94632620723529,-0.998613711215087,-0.052637019038227,-0.998525354465859,0.054287351094246,-0.5831126369265,-0.812391317442908,-0.966451299533817,0.256849928225406,-0.986702408421235,0.162537248702364,0.038949130037783,0.018206612032777,0.003597221758436,-0.088674118144907,-0.039429632606972,5483.0460904001675,15047.167679031978,31121.562041315723,57549.078524348115,94405.31533519576,,-9.629872300381754,-7.327272492241336,-6.892828791761983,-7.939938990316328,12.778031356058072,0.004438822691436,0.99999014837803,-3.386220904209565,-0.006995253768767,0.999975532913036,3.844559967173721,0.000986803835424,0.999999513108977,46.14937254078415,0.004159304389888,0.999991350056085,8805.926489911737,29.931348154358002,0.0,0.0,29.931348154358002,0.0,,1955.303736479511,,693.0520647935626,,927.9953132627676,,11.522226819380887,5019.997530494543,1.133557498717637,1646.681943,210.0,6.359917953067168,577.198915,6.688995838165283,802.5149878154131,225.316072815413,39.03612203003067,39.03612203003067,True,0.24998584,0.13627715,-0.08158937,0.09740367,0.02130347,0.003864052,0.046159964,0.023722485,-0.10023395,0.13909002,-0.089882635
80,Mogadouro_20072021,2021,2224,p,2021-07-20 18:00:00,2021-07-20 19:00:00,201.75,201.791667,"airb, fops",1,2,11.75,11.75,351.812643,258.149021,4844.86603,3990.553624,2.0,1.0,4,750.288105867347,0.960550976297088,0.278103976840876,24.0,7.0,0.0,0.0,100.0,34.0,233,26.5,0.231152602255345,0.302526739002512,0.172786490619183,0.205847112834454,0.244207853078842,0.340290832519532,29.990991210937523,11.324121093750023,31.863878327459332,2896.342174836534,936.0409375,6703.4677734375,8.140660574785798,30966.167608821845,2.535575866699219,35.23987627476982,470.034974011241,93.07637140710273,10.68815059435664,-0.998497502499597,0.054797239912861,17.3696466845383,-0.998904292018106,0.046799737048478,7.7130342273e-05,7.7130697401e-05,29.564163208007812,20.803421020507812,9.732269287109375,-7.886581420898438,-36.20142364501953,33.200889587402344,49.69001388549805,13.413663387298584,30.141239166259766,106.21101760864258,10.101380920099611,17.666183968540707,3.753509465585476,29.126491536172974,69.79899335052335,-0.999864983872984,-0.016432103476975,-0.99179738389959,0.127819987834178,-0.439844209122102,-0.898074090318695,-0.970269215779002,0.242028198587687,-0.979744358768713,0.200252319489398,0.039671241830459,0.005402094388346,-0.021646555203002,-0.041644431939461,-0.023197977329106,5507.577880859375,15065.126953125,31136.5078125,57576.1953125,94433.4765625,,-9.559242620713007,-7.124091417776581,-6.880008236914579,-7.892432546437258,14.087257869069713,0.004415452317325,0.999990251842903,-3.55373343345981,-0.008558195386287,0.999963377975279,3.4787301098626,0.00079986864821,0.999999680105022,58.34388564673503,0.00478802831364,0.999988537326737,8723.50644531253,41.6625976562494,0.0,0.0341796875,41.679687499999304,0.0,,1586.1487792968587,735.3727539062663,712.4609558021557,,938.3592891730339,,12.364733800676134,5052.213907241821,1.287934836956673,683.075922,240.0,5.557403266893678,258.149021,6.45601224899292,635.5177146751168,377.36869367511684,146.18250040743592,146.18250040743592,True,0.22694711,0.124826446,-0.08909654,0.101619,0.030902117,-0.2797233,0.054613534,0.037212085,-0.09362038,0.08506436,-0.09134628
114,Mogadouro_24082023,2023,2672,p,2023-08-24 12:45:00,2023-08-24 13:00:00,236.53125,236.541667,airb,1,1,4.25,17.0,1569.342228,1569.342228,14874.49965,14874.49965,0.25,0.25,3,564.2821180555555,0.987594268199009,-0.15702726330311,32.0,7.0,0.0,0.0,100.0,11.0,236,17.4,0.201836352926493,0.258075741172662,0.144650859236717,0.164966812133789,0.218149669766426,0.28783203125,34.80703125000002,10.307275390625023,22.560914793058114,4297.832073321809,949.181875,5470.9443359375,6.412459457269784,50263.090257421914,3.436279296875,50.89322030115308,789.1350056940703,94.73762626135036,11.694987007385192,-0.988192895714538,-0.153214884588004,18.076745611779426,-0.958972560638765,-0.283498902893698,,,32.845123291015625,23.168487548828125,10.295928955078125,-9.20343017578125,-37.17707824707031,23.687393188476562,37.20450973510742,44.45457458496094,47.07061767578125,36.00305938720703,13.690721912603422,21.561318310060255,31.581852798710507,46.19967988492496,71.24100856251395,-0.965138360082861,-0.261740225980961,-0.904443035971303,-0.426594414734901,-0.790990260038944,-0.611828741171518,-0.729529906715565,-0.683948912717594,-0.639150974832774,-0.769081290482557,0.077177764295862,0.066146815958147,-0.033717659366401,0.018437162186201,-0.139944140347542,5543.9375,15198.8505859375,31413.37109375,57911.32421875,94519.5546875,,-10.558615563852147,-8.283265048740361,-7.614330449709406,-7.797328649507484,-0.928983921785252,-0.010144246578264,0.999948545806913,7.301287228743682,-0.002726662320126,0.999996282649387,6.487519935179822,-0.001663939266783,0.9999986156521,48.917697633068144,-0.002375044780651,0.999997179577168,,1.9306640625001,0.0,0.0,1.9306640625001,49.569999999998004,,1855.488247070323,,664.9548873556334,,927.5385806915142,,7.531286499046814,16428.865814208984,1.556657793923857,,0.0,7.359048854206083,1569.342228,6.5733866691589355,714.7898864094224,-854.5523415905776,-54.45289920476017,54.45289920476017,True,0.27272156,0.18249117,-0.09041784,0.12403999,0.17320172,-0.28831747,0.026593138,0.017409002,-0.08949871,0.13103533,0.024021924
114,Mogadouro_24082023,2023,2673,p,2023-08-24 13:00:00,2023-08-24 16:00:00,236.541667,236.666667,airb,1,1,426.5,142.166667,1082.45968,1059.916368,12177.842792,12073.875918,3.25,3.0,3,569.2234073641146,-0.394308844409706,-0.918977984078118,22.0,7.0,0.0,0.0,90.55374592833876,11.0,236,21.34850815850816,0.20162235480696,0.2579823342538,0.144329267293215,0.16479606360197,0.217933517694473,0.287802429199219,35.02327880859377,8.810205078125023,20.208539310524007,4482.249542956685,948.81296875,5470.9443359375,6.075616386750839,59337.31709801428,3.915756225585938,50.89322030115308,789.1350056940703,94.73762626135036,13.19908836792671,-0.996543350454385,-0.083074368280162,20.702858296973616,-0.986166344970463,-0.165758680157624,0.001400271744877,0.001416075683982,33.28656768798828,23.632286071777344,9.800773620605469,-9.197303771972656,-36.66368103027344,20.98545265197754,32.85279130935669,44.43143939971924,50.432976722717285,20.71798324584961,15.246129740772037,23.760317698774216,31.112508330245618,50.32423395674388,69.43092521162251,-0.988805979286769,-0.149207021707204,-0.966140382955721,-0.258016977003788,-0.783959206035063,-0.620812341430866,-0.753214855985794,-0.657774566794962,-0.712759996652605,-0.701408003355948,0.078966239905076,0.128435228051551,0.13046161818943,-0.037940655017572,-0.245868043597121,5530.28369140625,15196.029052734375,31394.3330078125,57883.416015625,94544.689453125,,-10.534223964463589,-8.900334989629508,-7.41858428297321,-7.655932817505433,4.751936585661753,-0.01151637671383,0.999933684334809,6.41644550824427,-0.003581642361541,0.999993585898427,6.990496308216438,-0.001936313140165,0.999998125343954,59.94246519942585,-0.001306865825982,0.999999146050492,,6.7244873046878,0.0,0.4222412109375,6.8077392578128,14.14249999999957,,2210.3965209960966,272.16585205077865,648.3475805843769,,925.9667211522082,,7.018906565498497,10044.60153579712,1.398905697505466,,15.0,6.966888311756049,1059.916368,7.155115127563477,1279.6398663116445,219.72349831164456,20.730267495184542,20.730267495184542,False,0.101141214,0.3689818,-0.07847046,0.036151752,0.15626475,0.05503282,0.068526626,0.13311653,0.021661716,0.097305045,0.028821515
114,Mogadouro_24082023,2023,2674,p,2023-08-24 16:00:00,2023-08-24 16:30:00,236.666667,236.6875,airb,1,1,285.0,570.0,1134.693317,3199.914669,13724.105579,39206.422259,3.75,0.5,3,587.9105565371025,-0.382599784371177,-0.923914176208553,21.0,4.0,1.482326111744584,0.0,90.64994298745724,34.0,223,18.56661921708185,0.202766685599606,0.259464654797721,0.145122992594492,0.165410237147159,0.219266564329289,0.28946358029937,34.62957213234692,7.333634135382257,18.635202297959452,4471.638520845407,946.524016914792,5689.419665476294,5.904159894691875,64724.51128595866,4.368798344023206,51.192019912952354,787.190792432212,94.73665913217094,14.469756507734152,-0.999477386949363,-0.032325732425934,22.69038084246156,-0.995612160427714,-0.093575776825306,,,33.24152226157967,23.694356382926344,8.956759694879928,-9.157583773023608,-36.25696774359037,19.542862098298336,30.809362149564492,48.68856420095577,52.139432211639075,16.952059081104665,16.219649580913337,25.48347060423802,29.029486445668915,58.18199475242385,65.44761830232036,-0.997187534669387,-0.074946785788255,-0.990344931771695,-0.138625091935467,-0.771172225343571,-0.63662657724811,-0.819985158276768,-0.572384783345804,-0.727257993173155,-0.686364197322205,0.081244457601719,0.193186513784454,0.218953972245122,-0.15472981861122,-0.226057882421252,5532.060686968463,15195.790117426084,31371.739184505634,57838.60440016446,94584.48469019574,,-10.417345131381294,-9.483384259582841,-7.073493857850383,-7.553637712150106,0.232718519981698,-0.014561747485845,0.999893972134125,5.169524239466796,-0.004291809685638,0.9999907901424,8.358719673947817,-0.001807940762585,0.999998365673764,69.22947640977436,-0.000341074455195,0.999999941834106,9912.597929687481,18.4991885778053,0.0,1.4863736991596,18.7158003825416,0.0,,2441.317724634298,,636.2403618953045,,923.106268701907,,6.836427284823979,8115.159111744335,1.312918322880298,1059.916368,195.0,8.071191882007545,3199.914669,7.356962203979492,1566.068889378213,-1633.8457796217867,-51.05904215040763,51.05904215040763,True,0.31104147,0.37764406,-0.06949797,0.106247105,0.041499503,0.05619703,0.038573172,0.056048438,0.17788243,0.13000199,0.040028036
114,Mogadouro_24082023,2023,2675,p,2023-08-24 16:30:00,2023-08-24 17:30:00,236.6875,236.729167,"fops, sat, airb",1,1,463.25,463.25,1261.411758,1780.35976,13185.088893,20730.429923,4.75,1.0,3,614.547821466525,-0.979157553946201,-0.203102152992264,22.0,4.0,1.098901098901099,0.0,71.97802197802197,34.0,233,17.802241379310345,0.204681226743724,0.261778863363489,0.146573367782563,0.166490816710969,0.22146947151339,0.291989253109397,33.524206774727254,6.689743073578574,18.959537599699917,4188.570320613177,943.8627788400008,6016.618639237931,6.058157360887065,59657.493273212036,4.221549486003148,51.63951632615144,784.2790468113369,94.735210713827,14.23915964579924,-0.997855699543469,0.065452294754377,25.079453688300095,-0.997283999670858,0.073652046818109,,,32.43452272724663,23.199417675511867,8.756318703505569,-9.3114967292366,-36.13181382959362,21.08018057081606,32.03648543124872,48.55386067239468,52.46425817855771,15.150259448049283,17.348835735302238,29.46246348181638,29.32336273652696,60.549197507176686,63.680027769296125,-0.995559928250518,0.094129853191337,-0.997626331615014,0.068860020827551,-0.821270983909125,-0.570538316845537,-0.779547537125619,-0.626343066826305,-0.758635985086537,-0.651514729021363,0.087800428077765,0.083042155128584,0.096589703207629,-0.077468094189981,-0.125425878428255,5549.721945914902,15191.360048914881,31353.955793620196,57815.80188985675,94581.9997806956,,-10.076841428259982,-9.29388015902327,-7.055325064070199,-7.475851071785234,-5.19686237156826,-0.014396785557694,0.999896360912273,4.85753247708781,-0.004910642010051,0.999987942724836,8.647310685628772,-0.002620308798699,0.999996566985007,82.27089088932865,0.00117574687808,0.9999993088094,9306.409888706745,2.6307937658312,0.0,0.4585116738861,2.6307937658312,0.0,,1916.673842656933,,638.1536363765222,,923.939416435223,,7.535869806296942,8677.171526988926,1.814385650996896,1059.916368,225.0,7.485132261767671,1780.35976,7.707083225250244,2223.0457478831236,442.6859878831235,24.86497380075157,24.86497380075157,False,0.30270875,0.3699666,-0.066439584,0.12189172,0.022962105,0.0700431,0.029509595,0.025547888,0.23181295,0.13667677,0.04477717
14,Moncao_06092016,2016,201,p,2016-09-06 13:30:00,2016-09-07 03:30:00,250.5625,251.145833,sat,1,1,236.75,16.910714,201.07833,201.07833,2835.881916,2835.881916,14.0,14.0,2,939.908201058201,-0.652795856247104,0.757533873874041,22.0,7.0,0.0,12.124711316397228,82.5635103926097,9.0,233,23.76291666666667,0.225077986521379,0.300686243840861,0.110023958129541,0.173208045746598,0.25139252756323,0.340690612792968,26.34619838169645,14.483928571428594,51.552578081166544,1923.9184128852382,942.6316071428571,6481.47265625,11.920615473054516,13744.805945696511,3.920932224818638,38.26005562463289,581.4883311793927,93.81344903887577,5.035255644241958,-0.359879435914977,-0.932998816508102,9.366454142874368,-0.545793057793427,-0.837920006960391,0.126130080818603,0.131204473732644,28.55684552873884,23.395551409040177,9.553686959402901,-9.372312273297991,-35.74214390345982,44.76198877607073,28.846214975629533,38.68029499053955,16.16881799697876,42.75037819998605,5.679219700277033,26.983083981135657,44.90149735937648,55.48601216555883,49.29251256068653,-0.484342970794471,-0.874878212462732,-0.39977854345692,-0.916611758702376,-0.355523850274395,-0.934667209163812,-0.580046640386347,-0.814583264606211,-0.803438164821375,-0.595388205550346,0.010696669410539,0.091203290492206,0.111371815853787,0.05089356039571,0.060659262650839,5638.768938337053,15233.769740513393,31428.28152901786,57817.12416294643,94588.28069196429,,-5.631721796066022,-8.906996318568007,-7.390438387314327,-7.350283492827058,5.55207382656895,-0.007962769644005,0.999968296647247,16.127420528513582,-0.000113371345735,0.999999993573469,10.3307459860452,0.000931973349061,0.999999565712744,32.2766091808062,0.03602600341233,0.999350852843052,9261.620092773477,6.9177246093751,0.0240216936384,0.2876935686384,7.0721435546876,483.18214285712946,,471.4900136402603,191.1703439539101,795.4020676322634,,695.8860185630427,,15.74010793800147,7021.703270503453,1.548634895882946,,0.0,5.308655394514194,201.07833,5.938209056854248,378.25509663300704,177.17676663300705,88.11330720371859,88.11330720371859,True,-0.40484673,-0.15839575,0.17146645,-0.16819495,0.1897338,0.02617253,0.12615666,0.022657197,-0.24296154,-0.033381015,-0.026505547
14,Moncao_06092016,2016,202,p,2016-09-07 03:30:00,2016-09-07 12:00:00,251.145833,251.5,sat,1,2,143.5,16.882353,142.295558,144.967438,1310.30493,1485.916243,8.5,8.5,2,933.0933129370629,0.510855148339243,0.859666806044813,22.0,7.0,0.0,73.85964912280701,25.6140350877193,5.0,234,16.859166666666667,0.225095459090337,0.300596159341379,0.110288881924416,0.173267410529983,0.251373723811572,0.340543619791666,21.5071723090278,12.530745442708357,57.551852337817294,1140.1427849258873,941.8385416666666,6481.47265625,13.399318915092932,3981.3370454625992,3.124638875325521,33.41893032076306,586.1202656355673,92.28414314276125,2.133289966699906,-0.925256464354296,-0.379342161077024,6.025375946755001,-0.76832298189563,-0.64006233719147,0.32417696090918,0.352194269369735,21.66937255859375,20.794657389322918,8.545379638671875,-6.809549967447917,-34.47595553927951,56.7399787902832,24.369975831773544,13.510681046379936,13.35333177778456,31.216590245564777,3.074404181549099,23.307623716615314,46.61359445417652,50.093675329340435,54.250081674443145,-0.764261005596244,-0.644907059447342,-0.639883380119706,-0.768472029319597,-0.620459221402783,-0.784238710200059,-0.639413140102412,-0.768863340434679,-0.571219600470863,-0.820797275847031,0.005491906416214,-0.002720335256443,0.011869864604272,0.019512836249001,-0.006025903059536,5581.921115451389,15024.634874131945,31085.944010416668,57579.81076388889,94745.59809027778,,-0.954441341626108,-7.882194788652543,-5.995966701694858,-7.711688380592226,5.266451573708974,-0.013197875324424,0.999912904250626,17.99986418667628,-0.000559073909164,0.99999984371817,9.28923637460804,-0.000154831587726,0.99999998801359,23.478983200756392,0.025074377150888,0.999685588377913,10326.660839843578,12.12653266059,1.9898139105904,0.0,13.8919406467013,0.0,,219.7459328121606,85.41420375278976,825.084407546406,,680.319940919479,,22.017038037605676,2061.7194374402366,1.484193877326713,201.07833,840.0,4.983383569436768,144.967438,5.173307418823242,175.4976247583882,30.530186758388226,21.06003056933946,21.06003056933946,False,-0.39627668,-0.23662074,0.16275735,-0.25112066,0.00023265462,0.09442632,0.11593341,-0.10005342,-0.21153867,-0.21918139,-0.042158116
15,Moncao_09082016,2016,212,p,2016-08-09 01:30:00,2016-08-09 12:00:00,222.0625,222.5,sat,1,1,92.75,8.833333,144.5576,144.5576,1604.768228,1604.768228,10.5,10.5,1,254.04771280160858,0.434890098670504,0.900483537927462,32.0,7.0,5.444126074498568,36.67621776504298,40.68767908309456,7.0,233,21.980869565217393,0.21800241562453,0.307837227692801,0.090368961746042,0.154894733970814,0.248817630789494,0.35536887428977,21.587171519886386,14.411523437500023,64.85482377598416,975.2643388611376,987.699659090909,2695.50634765625,14.64625164595342,12813.139495283867,3.066864013671875,47.99727642141816,462.15544269031466,91.66444887835486,11.697766892547767,0.651682358342264,0.75849199325073,21.776040458936674,0.686460772237452,0.727166836550706,0.015648920584722,0.014618921930664,21.6134560324929,18.586733731356535,6.453005704012784,-11.512809059836648,-39.61741222034801,50.62896381724965,29.553943634033203,38.43718892877752,33.945326978510074,57.35944713245738,23.646785016037796,26.74553888143859,29.121289814302983,52.941679973969954,82.77126115966404,0.727892386530957,0.685691383663429,0.036661808339614,0.999327729931112,-0.853682736275551,0.520793419490961,-0.884211155176934,0.467087393386582,-0.916112284993606,0.400921789484925,-0.192638695747788,-0.05957354075003,0.034337692498057,-0.058276861991758,-0.186124588245319,5979.363636363636,15415.148792613636,31372.6328125,57477.41441761364,93853.0625,1.880341165728356,-3.302593798887006,-7.807840574026738,-7.015494688424081,-7.833830855669143,40.14371210248757,0.010267840668068,0.999947284334537,5.912578394651064,0.029377046002598,0.999568401445424,7.515306813008362,0.014964196840153,0.99988803013784,98.14452271524475,0.020068442913571,0.999798608520248,,5.9159712357957,1.0528564453124,0.0,6.9685502485798,1.52e-13,,372.6903936212708,85.82791748046988,888.9623726599347,,737.7961190929808,,18.630591375101147,11972.996711730957,0.723176750468437,,0.0,4.980571884561863,144.5576,5.749228477478027,312.94834860157073,168.39074860157072,116.4869564807182,116.4869564807182,True,-0.51497906,-0.18469839,0.09992982,-0.060946736,0.22668871,0.096735075,-0.12747529,0.11241284,0.10414178,-0.17215952,-0.09546257
15,Moncao_09082016,2016,213,p,2016-08-09 12:00:00,2016-08-09 14:00:00,222.5,222.583333,sat,1,2,117.25,58.625,568.961993,583.685731,2773.689718,2845.467939,2.0,2.0,1,318.2411582073434,0.405118822734465,0.91426404253161,32.0,7.0,52.993348115299334,0.443458980044346,21.286031042128602,3.0,235,16.626837606837608,0.220198953797418,0.308396487310956,0.093418618043263,0.157940054933228,0.250683665275571,0.355061848958331,27.914453125000023,14.522444661458357,44.02305284494059,2103.785069137058,986.4847916666668,2695.50634765625,9.977643768722036,35804.23096906938,2.221577962239583,47.99727642141815,462.1554426903146,91.66444887835489,16.9971329660902,0.436683250996379,0.899615327959252,26.99275735673931,0.425340604182079,0.905033353216347,6.7055364153e-05,6.7982080334e-05,24.239491780598957,15.880198160807291,5.437042236328125,-11.290211995442709,-40.3548838297526,45.62106196085612,49.432778676350914,39.117506663004555,5.463028271993001,55.38433837890625,25.717505447388252,24.121531763290044,19.235857067748388,40.17969938759329,95.00371066641989,0.507513342781007,0.861643897964378,0.791351763079022,0.611361093848572,-0.780302923541747,0.625401748888027,-0.757247029255647,0.653128575920161,-0.976020194481811,0.217679994403914,-0.106558012374268,-0.14846463712567,-0.009836158407565,-0.02958314798184,0.001017812926078,5924.9765625,15313.526041666666,31188.756510416668,57327.140625,93563.75,-9.582184064254763,-9.121203904776685,-6.719987160111592,-6.531847553668286,-8.101438818585756,22.23418304726252,0.009748049992641,0.99995248663191,-0.18650323936845,0.031998045169781,0.999487931445554,3.849756945773675,0.016621854048847,0.999861847440925,79.69732219556062,0.010762545332576,0.999942082131742,,7.0322672526048,0.2593994140625,1e-13,7.2906494140632,0.083333333333478,,1177.8174235026108,175.99688720702784,810.5134442322151,,782.1538096559663,,14.107287512553986,12860.153516133627,0.66505824699726,144.5576,630.0,6.371074490915997,583.685731,6.804660320281982,901.0413127439208,317.35558174392077,54.37096795225935,54.37096795225935,True,0.24111666,0.11596571,-0.0089858305,0.14540343,-0.03496118,0.08963457,-0.099456295,-0.13353011,0.19659083,-0.025838505,-0.11189676
15,Moncao_09082016,2016,214,p,2016-08-09 14:00:00,2016-08-09 18:00:00,222.583333,222.75,sat,1,2,443.5,110.875,737.519092,821.399242,7913.050614,9990.315678,6.0,4.0,1,572.4268138357705,0.418508775729635,0.908212752958954,22.0,7.0,41.992433795712486,15.952080706179068,34.61538461538461,4.0,233,16.52407158836689,0.209243115922352,0.294067259274936,0.088876016935999,0.150009257885642,0.238222014695621,0.338947758403288,27.63320828273523,13.743760484900406,42.57534962239617,2127.861394577838,986.888153147326,2587.452980326696,9.811776021127564,40121.70508720096,1.811007255856038,48.738534384110636,459.42184139833023,91.70736232742269,18.8713364620292,0.442285676427762,0.896874227763758,33.20552234670038,0.448270695758112,0.893897859559211,0.000449460329926,0.000444706843841,23.412701288190643,15.2024363804915,5.580421868779423,-11.89869523171349,-41.60052945931376,46.532265075945396,62.26706848578582,25.241490300607076,4.369906911438683,36.84474250447072,33.44222213713315,32.31909610238946,8.792572856549318,33.35229253658087,77.6165420174835,0.536496798232527,0.843902355421673,0.828089055804173,0.56059657121441,-0.300723105288616,0.953711494082761,-0.553021363917939,0.833167072711316,-0.972603334435113,0.232470974200434,-0.171585692067747,-0.296364275832286,-0.070851022715095,-0.059966738718353,0.030011282057202,5854.669699562479,15228.693564868172,31109.551989762946,57277.5634821667,93352.05935987124,-8.614365120620318,-8.958591926721052,-6.191597103472086,-6.825443476328955,-8.279040416022415,36.09349823680592,0.009889784697974,0.999951094883459,-4.756309184831299,0.020546976972081,0.99978888858464,1.928381810326185,0.017415136157323,0.999848345016694,109.43108822684289,0.011199350367135,0.999937285309111,,9.466652097279,0.0,2e-13,9.4666520972791,2.479115704626423,,1212.597572563448,112.34327138344645,804.8438928769798,,765.6292299560627,,14.499819873861838,16745.535049757975,0.687119698738361,583.685731,750.0,6.712225973007869,821.399242,6.335275173187256,563.1246135971235,-258.2746284028765,-31.443251368726795,31.443251368726795,False,-0.18193597,0.12283016,0.14084914,0.041336004,-0.043260187,0.09360622,-0.103347756,-0.15152761,0.15336306,0.021803033,-0.11881273
15,Moncao_09082016,2016,215,p,2016-08-10 13:30:00,2016-08-11 03:30:00,223.5625,224.145833,sat,2,3,199.75,14.267857,212.866984,212.866984,1201.10564,1201.10564,14.0,14.0,1,649.0489854399009,0.656794515541303,-0.754069601797384,22.0,7.0,79.6103896103896,6.883116883116883,12.987012987012985,3.0,235,12.482623762376237,0.192138929263833,0.269671147695415,0.086405058982659,0.138638275676392,0.218022968393062,0.310693485489903,22.844073308350662,9.777197445478198,46.10339927938896,1660.6073347822642,990.1562492103798,2401.65097610718,11.232779658233751,24050.108397188294,1.494361616301896,42.43977384357495,465.05763911998366,92.50310329285719,12.615789156105045,0.680885656561034,0.73238973415078,24.16195464693999,0.752687938957898,0.658377449907963,0.055098158212312,0.05910311112325,22.331309436340963,16.310423477324438,7.321700244720641,-9.727698370080821,-38.52461770098775,33.65339642321909,32.04706810668004,5.268267212065063,23.703547827303534,56.36119328377062,28.223923184304454,21.79849210023381,13.860932863493954,29.344551729118983,57.97356763957924,0.929487819039115,0.368852808390975,0.999130207711269,0.041699257053772,0.926215137313819,0.376995383805615,0.475187705414839,0.879884449585615,0.371438165695459,0.928457693739889,-0.248316302294647,-0.144692410161885,-0.042138333677528,-0.065925905524336,-0.126273645013254,5925.431079777815,15307.436084868908,31180.0608659522,57483.430555560415,94057.08762380885,2.35161352811126,-6.569661387365564,-5.784085303878752,-6.657642138426256,-8.026805926213592,53.02716588916179,0.024815469267619,0.999692048825551,-0.425689407309571,0.002388494906645,0.999997147541972,2.605655838689863,-0.000921829534788,0.999999575115064,114.42770153738294,0.023883775067504,0.999714741958187,,6.1868168917028,0.0,0.0,6.1868168917028,0.0,,641.7843665495468,133.0675365131125,818.7357986856226,,665.2422753192324,,20.576346068915193,15577.501037101028,1.140197917161847,,2160.0,5.365354251673618,212.866984,5.061624526977539,156.84673442880228,-56.02024957119772,-26.31702132407613,26.31702132407613,False,-0.53873444,-0.11606421,0.15254627,-0.09195327,-0.1795047,0.019710446,-0.11408132,-0.18004878,0.08693523,-0.040458765,-0.09727395
47,Monchique_03082018,2018,1671,p,2018-08-03 13:30:00,2018-08-03 17:00:00,215.5625,215.708333,sat,1,1,209.5,59.857143,503.036914,503.036914,5753.956298,5753.956298,3.5,3.5,3,252.54999628418548,-0.137630808186533,-0.990483599378567,31.0,4.0,0.0,0.0,81.64481525625746,15.0,223,18.53774647887324,0.177331467791641,0.183209606411901,0.084378824308508,0.142983249723907,0.196386760622257,0.186319732666007,38.88985595703127,7.769189453125023,15.344497401353081,5885.457568583911,986.4668750000001,2609.119384765625,5.037177056078185,53906.60308194435,3.539447784423828,74.89836472111581,683.2488072090163,97.99968653863326,6.485716475077934,0.159426026155746,-0.987209877474991,12.343180508053425,0.526770352355431,-0.850007644600527,0.280288652271251,0.317595029979515,33.59797668457031,26.88732147216797,13.808425903320312,-9.689582824707031,-37.6982421875,18.083741188049316,23.02666711807251,30.179558753967285,62.597665786743164,27.691486358642578,14.15055170751758,22.695436827945908,20.8502548606811,20.373687044721287,25.71169196318874,0.810444424229219,-0.585815530039764,0.996367708819308,0.085155086883649,0.823819830171089,0.5668517331868,0.605945340264681,0.795506281943467,-0.121840315049181,0.992549715444378,0.038036073942323,-0.157048721569016,-0.075678297400881,-0.003318187651616,-0.046074776666492,5801.6368408203125,15532.467041015625,31946.97998046875,58550.0634765625,95178.947265625,-17.396557053293034,-7.322299862999637,-8.41603926310044,-9.175768401649545,-7.807087639311172,15.922567839756681,-0.052343941012844,0.998629116258506,4.025967987651656,-0.012696997714515,0.999919389875523,1.99238755440295,-0.007595608377054,0.999971152950615,33.127083529485624,-0.036262550481628,0.999342297429948,,1.3493957519539,0.0,0.0,1.3493957519539,2.079999999999085,,800.2073248289355,122.83800862627152,629.6692425647145,,586.9564036708086,,7.907840876084485,7112.836718559265,3.036648635316513,,0.0,6.222649507452791,503.036914,6.486319541931152,655.1041502263746,152.06723622637458,30.22983641840141,30.22983641840141,False,-0.0017995154,0.22788544,-0.07864179,-0.1807024,0.21587926,0.03262767,-0.08064917,0.047165778,-0.14402333,0.12686871,-0.06888316
47,Monchique_03082018,2018,1672,p,2018-08-03 17:00:00,2018-08-04 01:30:00,215.708333,216.0625,sat,1,2,318.25,37.441176,192.572344,195.372516,1997.296163,2026.338612,8.5,8.5,3,282.3399569303054,0.065122514499437,0.997877276074203,22.0,4.0,0.0,0.0,88.32288401253918,15.0,223,19.107025316455694,0.176753628768518,0.18299310817506,0.083369147380186,0.142512110273039,0.195819785131343,0.186294420030374,30.1944281684028,11.568098958333357,33.10394104575614,3011.4304976535477,986.8120833333334,2609.119384765625,8.286485283291043,23948.551834560112,4.123989529079861,72.75595503514613,685.6376960979052,98.07111491730207,7.207895909868523,-0.730122431037021,0.683316351111687,13.129509164748042,-0.453229893096951,0.891393663878831,0.063791945162711,0.069063867811531,33.936557345920136,27.698954264322918,13.450975206163195,-9.805582682291666,-37.11177402072482,20.375391218397354,21.8216429816352,32.742748472425674,54.77212566799588,37.020923402574326,21.953476180496267,25.682660900059442,19.064789844779373,22.317084636135085,12.761527721616874,0.142900374001508,0.989737077768752,0.743768746330999,0.668437021701531,0.689170713647301,0.724599011489023,0.380079985634422,0.924953622902326,0.816032380294744,0.578006188816775,-0.000548178345268,-0.11834526043265,0.090429894360804,-0.011467999374609,-0.087154226398529,5825.235188802083,15585.0849609375,32007.98415798611,58568.35329861111,95234.4296875,16.403160451995618,-6.806131256067735,-9.168323926289297,-9.08148394504117,-7.611282857691524,56.1561212144488,-0.112585985590545,0.993641985751712,4.213807487194229,-0.025943001313097,0.999663423699631,2.889962381228023,-0.012473179444538,0.999922206871387,78.59211066444476,-0.003582213072155,0.999993583854169,8825.68613281253,12.5343560112846,0.0,5.908976236979,15.640014648437,40.96944444443674,,179.14670898434852,72.7289472743295,753.4318421521939,,616.680422129863,,15.15600792804969,18364.548542764453,2.26427051906282,503.036914,210.0,5.2800134472278,195.372516,5.795450687408447,327.80033676582013,132.42782076582014,67.78221598263092,67.78221598263092,True,-0.36403692,-0.067643344,-0.10823172,-0.04343245,0.09906713,0.0060968306,0.028536487,0.09441135,-0.13235106,0.13078253,-0.087912254
47,Monchique_03082018,2018,1673,p,2018-08-05 13:30:00,2018-08-06 00:30:00,217.5625,218.020833,sat,3,4,10123.0,920.272727,1634.616936,1634.616936,17692.008023,17692.008023,11.0,11.0,3,272.70932529882447,0.531096052845781,-0.847311620746247,21.0,7.0,0.0,0.0,90.23735366770487,15.0,223,19.661722096121583,0.183699250430913,0.189300210423833,0.088785607358294,0.148246382000527,0.203267385688503,0.192263681319558,33.86742195098147,11.283858515943502,26.881864813067057,4089.1399766667,989.6053464098416,2138.327803473,7.085427689852839,65121.2155873975,4.464109873985572,66.18236784811141,716.0433392758349,98.01676874632939,15.24164802626108,-0.548198372098137,0.836348339407063,23.04543086315052,-0.448449705537414,0.893808067542135,0.021518758080388,0.026672231066545,34.967048244447895,27.465416501049052,12.53719675307791,-9.704812026452084,-35.93321902721617,16.338366762956152,19.456949590139505,31.01569393322733,42.460681258987236,19.418956507269076,39.17406190015909,32.57859328028743,43.24390995682379,34.73662465385324,34.538353864981694,-0.143758766983063,0.989612761091685,0.360214460545957,0.932869520572725,0.450029462144168,0.893013708294689,0.51268387012026,0.858577456796131,0.170032396066022,0.985438473111359,-0.009114682039715,-0.13641963031283,-0.191037106619134,-0.019472635248502,-0.088884737992405,5653.301359194406,15414.554989154172,31797.426602564392,58280.54534758462,94989.158217287,2.52766293015552,-8.185370183442783,-9.606046845910091,-8.685311326188968,-7.310863024258253,81.09899382423937,-0.009891505806475,0.999951077859752,10.279599539589828,-0.028915181475464,0.999581868723238,3.751631425202693,-0.014830602126955,0.999890020572539,105.89966321681399,0.020706027342804,0.99978560723371,5473.252180148715,15.2255137913232,0.0,3.415945024722,16.6593459281991,1.261163024344565,,634.0571435399698,152.3302548064974,715.4671052375837,,616.5730132582889,,11.092079271938225,20507.730812773218,2.226212217426389,,2880.0,7.399775343046808,1634.616936,6.0558624267578125,425.60666385143884,-1209.010272148561,-73.96291115807703,73.96291115807703,True,-0.4823631,0.46778235,-0.07447341,-0.06163667,-0.12465626,0.04759804,0.0566576,0.10987675,0.13398105,0.15523751,-0.07310138
47,Monchique_03082018,2018,1674,p,2018-08-06 15:00:00,2018-08-07 03:00:00,218.625,219.125,sat,5,5,783.25,65.270833,407.230975,407.230975,4929.027761,4929.027761,12.0,12.0,3,265.7704654895666,0.741736638268691,0.670691254937666,22.0,4.0,0.0,0.0,99.48519948519949,15.0,223,20.38291560102302,0.187698997735821,0.194921188971229,0.097544102712829,0.151679636749562,0.206969703928493,0.198742454175149,25.56436175329206,14.086078689693323,51.538477643741075,1814.8887549349417,989.0783689957791,2224.4308981546897,11.928748322347614,30987.69147635548,4.088811346175868,61.64413601255399,718.0788521081593,95.82825774322671,15.729180539308278,-0.45890369418235,0.888486015346214,25.746870546317137,-0.393353210751435,0.919387432800524,0.03416741702497,0.033853658224427,28.08061028616535,26.14517213423628,11.967549441884541,-8.639673010977832,-36.51886967653886,18.54043915652331,16.70342007090075,22.750840326363196,8.425669605120747,15.651763138544109,35.59460196814995,17.966201469155788,12.08385058925548,24.792125813374867,33.22072775545853,-0.140645221188989,0.990060059671483,-0.736861203537329,0.676044056790324,-0.905452310869535,0.424448009467613,-0.99780272298336,-0.066255007410703,-0.96887808601006,0.247538389849903,-0.122254706096182,-0.04442817345539,0.164128556772333,-0.025175207655028,0.037430880347661,5544.102713244151,15193.168652587301,31527.45592729934,57919.93990586919,94585.31597557555,9.741622090195664,-2.111844233708016,-9.123050842340264,-8.0469414586268,-7.77100142003807,60.698605888667885,-0.062191993558643,0.998064204316136,-1.031328427648883,-0.003875258389114,0.999992491158017,1.421996683557903,-0.003595944331186,0.999993534571283,101.8456522084034,0.013501141870088,0.999908855430436,,0.0,0.905245287252,1.2083814485251,2.1136267357771,26.889905285786362,,369.11196544850907,63.71211419046286,837.9962043214057,,656.063910926714,,19.604865303250428,21321.9078749764,1.221025186181272,,4410.0,6.011833129417484,407.230975,5.505193710327148,244.96609723750532,-162.26487776249468,-39.845907537484024,39.845907537484024,True,-0.51416606,0.23282696,-0.08719609,-0.06507722,-0.21128434,-0.08682689,0.022118602,0.14232084,0.14665467,-0.024636015,-0.08665634
47,Monchique_03082018,2018,1676,p,2018-08-06 15:00:00,2018-08-07 03:00:00,218.625,219.125,sat,6,5,106.75,8.895833,53.82022,53.82022,523.984691,523.984691,12.0,12.0,3,230.93469551282053,0.893936198401286,-0.448194236004723,22.0,4.0,0.0,0.0,100.0,15.0,223,16.992962962962967,0.185045502546267,0.190803247785774,0.090398958938792,0.149961018624449,0.204480224318635,0.193849673838424,25.918740137398757,13.960154238751526,50.11425618771045,1903.3698360633161,989.7463578439118,2126.727389037197,11.601593619781095,32051.45195118123,4.095617293904849,62.12547317942022,729.2653495377568,96.08395249824993,15.804829966894662,-0.449258312721837,0.893401907570343,25.877960995467042,-0.381447849012414,0.92439036044509,0.03398537675347,0.03417608256263,28.569067808222883,26.18253183808111,11.991297250271419,-8.6112772983459,-36.51343762310242,17.446150855002514,16.564385410795598,22.579596189561194,8.52975197217309,15.593520851625586,35.68653471624626,17.020975773941203,11.192291168213996,24.188141954104655,32.552538242387875,-0.147164406539602,0.989112044941242,-0.703370700825366,0.710823225014795,-0.865596398905695,0.500742323157823,-0.999148911548281,-0.041248667274057,-0.966408197039106,0.257012055545308,-0.15080224901294,-0.048377748671337,0.17185149446073,-0.027991479525422,0.039965982153028,5539.713789046769,15194.903440724824,31529.914750476917,57922.933743746886,94590.31131765789,9.935554325449477,-2.604057495744432,-9.131809857657451,-8.045126492371605,-7.777402272629272,58.683793636886044,-0.059955091736645,0.998201075422608,-1.385568290543946,-0.0035476187989,0.999993707180629,1.297900129504735,-0.003479067305824,0.999993948027028,102.50885463664015,0.014129909700495,0.999900167842698,,0.0,0.5899867468259,0.9637722177136,1.5537589645394,29.010878693399555,,368.44862927094806,68.07064051549638,832.8063963084987,,653.4682027415796,,19.371792047641332,21295.186568867117,1.272618206104137,,4410.0,4.00405910400048,53.82022,5.480344772338867,238.92941414120975,185.10919414120974,343.93986895856193,343.93986895856193,True,-0.4547133,0.20581728,-0.08843713,-0.06299766,-0.20790134,-0.24339376,0.034361538,-0.1472738,0.122951895,-0.051892746,-0.10003949
47,Monchique_03082018,2018,1678,p,2018-08-06 15:00:00,2018-08-07 03:00:00,218.625,219.125,sat,7,5,2043.5,170.291667,809.459734,809.459734,9922.540049,9922.540049,12.0,12.0,3,127.7736688193006,-0.475170127598728,-0.879893942380449,21.0,7.0,1.498637602179836,0.0,94.56279415407481,15.0,236,20.1296875,0.163555951951586,0.168137697930094,0.076379532406294,0.132656743607289,0.181043706285575,0.170561902151526,26.137382079923256,14.271222243222224,50.22485963251139,1903.6929342163971,998.8211068464024,1229.9125391391021,11.594728409595776,33458.73329310087,4.097805802839677,59.11416066610315,737.3296743316096,95.17729012929463,16.841714302289567,-0.458677835985685,0.888602634913654,27.058630584909974,-0.383509456832776,0.923536949190355,0.033729701767226,0.035007270290368,29.109103392838417,26.207929316801746,12.01231771112239,-8.58183509922269,-36.506315692812,16.506487285379492,16.420190878794116,22.433278389593436,8.650171661853124,15.534864692107314,35.07897339477013,15.845114511087598,10.32289649266378,23.447480364739963,31.850944135998663,-0.156012104838551,0.987755143314296,-0.663667633655222,0.748027587752269,-0.804187288952506,0.594375978894856,-0.999933003278844,-0.011575359767713,-0.963028341012713,0.269400100976784,-0.166189536740022,-0.045859624866111,0.16728061217973,-0.030854084985822,0.040163207913042,5536.135549097713,15197.478829283966,31532.57591026655,57926.59005017039,94596.10508089126,9.555279813495416,-3.165602443743574,-9.1346263916723,-8.041837876692727,-7.783623787649093,43.12572638365368,-0.035882803470335,0.999356004842673,-2.017050968898686,-0.004688662462842,0.999989008161745,0.955751608095701,-0.003197031137335,0.999994889482895,103.97011698432893,0.017290389082063,0.999850510049073,,0.0,0.3759600531407,0.750922864848,1.1268829179887,27.724058620214972,,348.88773532541666,51.70143957633686,841.3892926383025,,655.836190271115,,19.715610705417554,20738.44457410148,1.207245364680108,,4410.0,6.697601659497447,809.459734,5.799267292022705,329.05763542802794,-480.4020985719721,-59.34848620548827,59.34848620548827,True,-0.49670327,0.2455936,-0.0864739,-0.06255694,-0.20706744,0.03394182,0.045298807,0.13999887,0.21025681,-0.0411753,-0.07970166
47,Monchique_03082018,2018,1679,p,2018-08-06 15:00:00,2018-08-07 03:00:00,218.625,219.125,sat,8,5,1284.0,107.0,502.816011,502.816011,5668.87869,5668.87869,12.0,12.0,3,156.41885110114987,0.179835865036154,-0.983696630901366,21.0,7.0,2.783421373425437,0.0,91.99512393336042,15.0,236,20.648515624999998,0.162403907228282,0.169257071359127,0.072015936821202,0.130696255870262,0.180439691552837,0.17288308412677,24.435870357037643,14.536565973094458,56.083156198634384,1514.9541253744558,987.1120167053871,2345.6612263089637,12.886739944627383,26444.734132459897,4.109077917242032,61.681152563549176,737.7879034847143,95.02890616272234,16.270421853979443,-0.438497503001594,0.89873240726112,27.61486310079573,-0.342371958952251,0.939564495776207,0.024666286183159,0.024492083649228,28.303636840519736,26.178543218564826,11.960387384080763,-8.630189487000372,-36.48700731830141,16.551263826837584,16.40330758736675,22.800299259315103,8.57500336751312,15.566711247655716,36.415917212955385,17.97636526707245,11.679664340503429,24.271809646049572,33.01525192439156,-0.113908454433692,0.993491250091579,-0.725995331866078,0.68769962782356,-0.897130506582544,0.441765609977675,-0.997932871719375,-0.064264948003733,-0.966001804065597,0.25853532552054,-0.146115082450921,-0.042716083092274,0.15453514434171,-0.02454271187993,0.035735572702856,5546.064476875226,15196.862429786308,31530.98945841313,57925.483959578174,94592.57355937384,14.128728055066876,-2.318785907543492,-9.149133206393621,-8.040441503455993,-7.764763580587408,62.26337854248318,-0.065540257688576,0.997849925901744,-1.729241522862552,-0.00411337213019,0.999991540049074,1.046640561969943,-0.003760970694686,0.999992927524707,103.79046684941449,0.014910069134418,0.999888838740791,,0.0,0.8773811257884,1.1919835038681,2.0694179383511,22.96697538452918,,343.8647372274244,43.30101172582581,855.0463597260252,,661.8866979685671,,20.59325995628277,21369.06316453472,1.077763617892963,,4410.0,6.222211143881961,502.816011,5.308531284332275,201.05325157797796,-301.76275942202204,-60.01454862622146,60.01454862622146,True,-0.53018683,-0.12036976,-0.08492965,-0.07483483,-0.25026998,0.026640845,-0.00850493,0.15671974,0.20069954,-0.18745543,-0.071850404
47,Monchique_03082018,2018,1677,p,2018-08-06 15:00:00,2018-08-07 03:00:00,218.625,219.125,sat,9,5,337.5,28.125,254.243841,254.243841,2432.297607,2432.297607,12.0,12.0,3,640.8503216911764,0.998312823396261,-0.058064676375452,22.0,4.0,0.0,0.0,64.88616462346761,15.0,223,17.718846153846155,0.165329839012709,0.172682214019169,0.073164243193763,0.132944700717921,0.183736048386641,0.176572359525232,24.19346829927887,14.50499173677887,56.726944200594325,1470.0069874547792,983.6902403846155,2667.38037109375,13.0349842398709,25467.170242057997,4.110060471754807,62.52273757588634,736.6182405863698,95.15328379908526,16.009729337706872,-0.433631309617962,0.901090387985029,27.465852114165024,-0.336240472217949,0.941776164936579,0.024422510564475,0.024124148954834,28.121248685396633,26.17022235576923,11.950101412259615,-8.641730675330528,-36.48662625826322,16.70182939676138,16.42973151573768,22.87099970304049,8.560912609100342,15.585190186133751,36.66163544253849,18.424110359339533,12.043385183080023,24.504332754969234,33.29429477020607,-0.10722526096008,0.99423475266762,-0.738437497505839,0.674321927774349,-0.912387984207616,0.409326478832684,-0.997185131755958,-0.074978750355365,-0.96685795353081,0.255314899083885,-0.140050905669282,-0.042744242810825,0.152071114799885,-0.023204017301961,0.034766940157781,5547.8761643629805,15196.357046274039,31530.276141826922,57924.68539663462,94591.06490384616,15.234314362240845,-2.128853200464935,-9.150397719488648,-8.040931654605135,-7.761440392688137,68.68708822180119,-0.075218476369314,0.997167077681909,-1.580470319849681,-0.004389704295458,0.999990365201684,1.117158614261257,-0.003877748455871,0.999992481505193,103.44792875455222,0.014205828533598,0.999899092126638,,0.0,1.0004037710331,1.3001427283649,2.3006028395423,22.60230769231009,,345.9622439340386,42.277626778741386,854.611617096029,,662.4029658648435,,20.654394165188513,21600.47343327449,1.079242225849526,,4410.0,5.542219327468644,254.243841,5.113011837005615,165.17007914554242,-89.07376185445759,-35.034776655398936,35.034776655398936,True,-0.5276511,-0.099026844,-0.08718484,-0.08374801,-0.2473182,0.13391647,-0.022338767,-0.009141904,0.137571,-0.20367123,-0.0786225
47,Monchique_03082018,2018,1675,p,2018-08-06 15:00:00,2018-08-07 03:00:00,218.625,219.125,sat,10,5,193.75,16.145833,110.890409,110.890409,1623.528003,1623.528003,12.0,12.0,3,350.5056891025641,0.127118999876448,0.991887473391217,22.0,7.0,0.0,0.0,100.0,15.0,233,20.555572916666666,0.167449406909383,0.175613793224545,0.077354445216943,0.134624532332455,0.185782561047752,0.179933574343679,24.08169989564209,14.578658502092338,57.34954803204476,1439.2436049747807,984.1572175178787,2646.452256957905,13.183462452129955,25202.38837626811,4.104952875629537,62.26545356647429,728.715026426828,95.01442156465083,16.02258595898475,-0.437618319112468,0.899160834766049,27.433752451544056,-0.342237182620421,0.93961359655554,0.025905641191013,0.02553315793892,27.835557231400035,26.144404414450516,11.934498663191448,-8.661060611929436,-36.49287941643838,17.34193698910736,16.538315867181637,22.977002086431206,8.52764221639584,15.637250147030024,36.57972677094522,18.973219726015525,12.677981602141275,24.907025046794544,33.76197392172923,-0.103416021981862,0.994638188688453,-0.758842128045337,0.651274615430099,-0.932270006227888,0.361763231254718,-0.99593983177042,-0.090021394640978,-0.968420719260683,0.249321700833724,-0.120592847757474,-0.040483844834198,0.143565483739311,-0.021223474863794,0.032395047569123,5550.490956753326,15195.195890750883,31528.510568034075,57922.57318428235,94587.54055626957,14.681244094698842,-1.84529343974862,-9.143824422943224,-8.042387088976934,-7.757795392980304,67.97258972177575,-0.074296945135593,0.997236162573098,-1.344343170790474,-0.004574935197752,0.999989534929209,1.189806658878874,-0.003938998534393,0.999992242115181,103.32635942960638,0.013872791321498,0.999903768200195,,0.0,1.2580283223661,1.5037719692978,2.761829647645,21.41303575055552,,348.14045739055604,40.62678563840293,857.3103310375199,,663.7258061717782,,20.76759249755363,21632.256160606405,1.051152607204884,,4410.0,4.717519901188765,110.890409,5.297170162200928,198.77069068804704,87.88028168804703,79.24966864180925,79.24966864180925,True,-0.5031884,-0.0965875,-0.086025186,-0.07754279,-0.24865134,-0.23453985,-0.01982361,0.1459967,0.19323218,-0.18829449,-0.0750918
47,Monchique_03082018,2018,1681,p,2018-08-07 03:00:00,2018-08-07 12:00:00,219.125,219.5,sat,7,6,125.75,13.972222,148.958651,140.636579,1450.236604,1608.662716,9.0,9.0,3,33.50063029133466,-0.902392909540299,-0.430914187294169,21.0,4.0,0.0,0.0,93.55555555555556,17.0,223,15.17015503875969,0.151917299343221,0.155723142681984,0.070261458754514,0.123271417878526,0.168211110383215,0.157736816406197,22.497949218750023,14.834277343750022,63.697601384392485,1097.4840805146541,1003.7286250000001,757.8229370117188,14.507960394997388,23833.54288329531,3.783869934082031,64.60148633331019,748.135495104254,92.86215712355788,21.39554034895084,-0.11368726720728,0.993516585304413,34.726784200218724,-0.070757492591772,0.997493547468917,0.001945844276589,0.001867113992598,22.612457275390625,24.404324340820313,10.83658447265625,-9.580938720703125,-37.62162322998047,42.16150798797607,13.07293767929077,25.381065368652344,13.36883716583252,26.73221912384033,42.3456627471579,17.52562179434805,27.546832957625178,36.71876388815867,45.43588120461366,0.113200890401933,0.993572120387951,-0.955974388721589,0.293450111787992,-0.820055475585325,-0.572284035215492,-0.99950046346422,0.031604169579497,-0.978215084608459,0.207593950404305,-0.157575197223612,-0.015204378789553,0.048306911658767,-0.025015134543746,0.053617248718782,5480.002197265625,15029.0986328125,31285.9921875,57609.6625,94235.83671875,1.53900296750003,1.955187318141522,-8.730601971773568,-7.972865544735091,-7.816014275964029,40.38277665200332,-0.202812270288834,0.97921763822977,1.355526988895394,-0.012191838345159,0.999925676776912,2.363558721879564,-0.004460371209374,0.999990052494861,122.69799407886349,0.011472127852507,0.999934192975986,,0.0,1.6304931640621,0.0,1.6304931640621,0.0,,446.7311328124718,36.971237521689886,897.6926918829995,,679.9339545452318,,21.494849506789254,21218.86692047119,0.572607167596154,809.459734,5130.0,4.95326447417032,140.636579,5.223886013031006,184.65423888492154,44.01765988492153,31.298869894241044,31.298869894241044,False,-0.5082119,-0.10677846,-0.093275405,0.07117158,-0.24551874,0.017422121,-0.07169689,-0.15321596,0.18177517,-0.18401013,-0.09180203
47,Monchique_03082018,2018,1683,p,2018-08-07 03:00:00,2018-08-07 12:00:00,219.125,219.5,sat,9,6,334.0,37.111111,465.874733,467.530659,4970.981063,5150.328085,9.0,9.0,3,365.1508507853403,0.457149008056218,-0.889390119370131,31.0,4.0,3.451327433628319,0.0,75.22123893805309,15.0,233,19.23890855457227,0.165777660134429,0.172835032398099,0.075328047096719,0.133432978272433,0.184005238056177,0.176569091796867,21.837207031250024,15.309082031250023,68.27587545442206,934.0396549545036,983.6566250000002,2667.38037109375,15.282045638711935,20325.39286064898,3.659538269042969,65.78005260789531,742.4179873100918,92.88276633656548,20.43262598641522,-0.077458176508862,0.99699560224302,34.79045048485556,-0.044009037449754,0.999031132959702,0.001915094431751,0.001700832994594,20.681787109375,24.10316162109375,10.784085083007813,-9.681536865234374,-37.58546752929688,53.56486759185791,12.402328205108642,25.57051830291748,14.25676679611206,26.181673049926758,45.22119870316185,18.766358942847923,32.066383244186525,37.902754594797905,46.33611877451949,0.125803440347066,0.992055187172993,-0.90739142482112,0.420286571473676,-0.826463568980385,-0.562990203421165,-0.999923097618782,0.012401566371212,-0.978165819154426,0.207825961414714,-0.13977968611878,-0.034012539443915,0.066453343300882,-0.010898964687617,0.049968549303319,5499.8283203125,15022.8701171875,31273.6580078125,57598.660546875,94224.353125,-2.574268750161179,3.733216701720574,-8.57059149243191,-7.991647690929719,-7.77789573409539,79.39677158912203,-0.347116877190644,0.937821877314352,2.998104244470186,-0.013253368147447,0.999912170259342,2.628835784294596,-0.004826090575716,0.999988354357067,120.49754044041883,-0.232881670386284,0.972505078443344,401.1240252685788,0.0,7.1403808593711,0.0,7.1403808593711,0.005999999999991,,484.9871336669756,37.38262641059032,894.4787306152891,,683.6864312590909,,21.814345851285807,22643.93367767334,0.563257312860337,4.178756,5130.0,6.149601540305733,467.530659,5.304169178009033,200.1737933513089,-267.35686564869116,-57.18488413584255,57.18488413584255,True,-0.49796158,-0.12808916,-0.09133688,0.09218196,-0.23388815,0.11547835,-0.07629326,0.1090345,0.18118499,-0.17819493,-0.086505525
47,Monchique_03082018,2018,1686,p,2018-08-07 14:30:00,2018-08-08 03:00:00,219.604167,220.125,sat,11,7,536.5,42.92,99.000816,99.000816,963.855441,963.855441,12.5,12.5,3,189.18595858538856,0.986586703503219,0.163238097485393,22.0,4.0,0.0,0.0,99.15769770706598,15.0,223,18.106040515653778,0.18759527198,0.191532818389515,0.102309649708609,0.153647127720647,0.205788471776475,0.193616176278147,23.9946608806621,13.498279951726438,54.708123375930654,1555.595793032549,992.7779159037816,1849.3261819108602,12.577211933957784,33575.17655311689,1.989478567184452,65.62071875495214,729.568180393211,94.0758864851328,20.53405893250536,-0.337977823779441,0.941154073801582,35.117424827290485,-0.281567654337102,0.959541377967153,0.006194469490676,0.006160812618314,21.238885371736867,20.424000002199406,10.445042867830502,-9.03887589986062,-36.39682464311493,52.38233758291217,14.785305944060582,11.405954808239812,15.250269875624769,22.056659403643383,44.716219495346905,15.74368739406642,43.55964421413363,35.63837659257258,28.876172873896245,-0.077434478117379,0.996997443125452,-0.622562657152789,0.782569957204376,-0.755425234192307,-0.655234855258402,-0.948953124231721,-0.315417133350196,-0.965942816058446,0.258755630093491,-0.152325191160172,-0.089336262793435,-0.008596325231845,0.000110993005329,-0.040906606504829,5446.430689731171,14894.360556260934,31007.522326653547,57461.12544530401,94227.38647632136,-5.240636590209214,-0.88915833713181,-6.421283403140167,-7.608301121943422,-7.62570963157556,62.93270137502862,-0.0945025034422,0.995524623926077,7.328212885734354,-0.012169274853003,0.999925951633196,2.358792005465775,-0.005060553466148,0.999987195317328,135.5849618533884,0.008579682601503,0.999963193845882,304.5980132104852,0.0,3.9093928202978,0.0,3.9093928202978,0.003672841604168,,543.8750237781608,50.17095928391304,853.0802422034078,,669.3656743084905,,20.67015834796043,22533.2008870156,0.902001957272201,,5820.0,4.605178345954799,99.000816,5.914999008178711,369.55393518087203,270.55311918087205,273.2837264501659,273.2837264501659,True,-0.49717507,0.22099376,-0.08407358,-0.08743984,-0.21484096,-0.07785429,-0.0318591,-0.029357392,0.1651871,-0.15643652,-0.08081129
47,Monchique_03082018,2018,1687,p,2018-08-07 14:30:00,2018-08-08 03:00:00,219.604167,220.125,sat,12,7,1415.5,113.24,225.598858,225.598858,2341.590939,2341.590939,12.5,12.5,3,171.04168878273177,-0.73634043427627,-0.676611236124434,21.0,7.0,0.0,0.0,97.99822852081488,15.0,236,20.68621030345801,0.175442540945486,0.17812972634051,0.093368244752253,0.144356409185414,0.192488774838738,0.179551517554808,24.26011666301582,13.483394093637685,53.76902150407031,1605.185440552425,997.8672600216448,1333.6310764389511,12.342007182595697,35547.311229232975,2.068071418517811,65.94090811568574,736.4134066831446,94.043305890661,21.274273100826687,-0.342827464901417,0.939398386899439,36.07751431597972,-0.283880643913165,0.958859624768635,0.006400244886715,0.006353634826508,21.785629892736406,20.614773887817016,10.478631050781397,-9.04507150469834,-36.38396497944272,49.25204892556053,14.13281716315143,12.179279215379388,15.314893230524916,21.872942917996504,44.363398571122914,14.854433220996334,44.089872857122614,35.487910781041215,28.391328895831677,-0.073916855531081,0.997264407501039,-0.66801531122502,0.74414752836312,-0.749269132450542,-0.662265631870485,-0.949049932366464,-0.315125730265254,-0.966281931647906,0.257486365795923,-0.178501359505121,-0.085173166039086,-0.008245027297073,-0.00184282272245,-0.042935744447173,5438.855781083329,14895.36322987034,31014.97537705674,57466.79987014014,94232.27754939797,-3.7857995158901,-1.277574021172873,-6.522429638177938,-7.623836345677221,-7.620398197375134,52.617547058454946,-0.074135371571766,0.99724818710385,7.115399471741368,-0.011961441591819,0.999928459398494,2.165028548862305,-0.004987079302412,0.999987564442694,137.49786645684785,0.009486586329964,0.999955001327462,314.5373352051034,0.0,3.024903550968,0.0,3.024903550968,0.001512264938034,,533.4487309436852,49.00471325153169,853.978950753107,,669.343820184405,,20.56951540479872,22333.99207974044,0.903974812318548,,5820.0,5.423181308863643,225.598858,6.0271735191345215,413.5416778149804,187.9428198149804,83.30840921853444,83.30840921853444,True,-0.51952416,0.23432045,-0.07915651,-0.056099024,-0.20010707,-0.024690669,-0.0077395276,0.15162493,0.19286561,-0.04634526,-0.07017478
47,Monchique_03082018,2018,1685,p,2018-08-07 14:30:00,2018-08-08 03:00:00,219.604167,220.125,sat,14,7,177.75,14.22,148.624027,148.624027,1655.485886,1655.485886,12.5,12.5,3,627.277139321075,0.489861762316659,0.871800122631338,22.0,4.0,0.0,0.0,100.0,15.0,233,20.392620320855617,0.166156074333185,0.172934456567094,0.07633680990108,0.134149544468288,0.184223740696901,0.176520902193501,22.60747445913464,14.384855769230793,61.71510427156762,1179.3356546850666,983.184471153846,2667.38037109375,13.943599001660456,28980.246908566132,1.846989558293269,64.66556842380444,744.8159964902958,92.58922984855111,23.010741574519358,-0.344222780202526,0.938888000556852,38.78573474992034,-0.273775631321509,0.961793586844136,0.005689191866487,0.005651010448251,20.59137667142428,20.05437528170072,10.360396165114183,-8.991241455078125,-36.385985154371994,53.10543852586012,15.756858899043156,9.96410663311298,14.973290003263033,22.029634328988884,47.723611747136346,18.255588059712746,40.97674010562051,35.476934648186024,28.209084881180146,-0.02052150154877,0.9997894118134,-0.543086463622062,0.839676778903932,-0.780110921747183,-0.62564123087498,-0.950502472705229,-0.31071699242437,-0.967286279101585,0.253687315926143,-0.147315763585922,-0.099055106884688,-0.013151064233099,0.000687089996221,-0.03699865924052,5462.50732421875,14899.532602163461,30999.687650240383,57459.29627403846,94230.65805288461,-4.904374989324671,-0.585946539934925,-6.237905060974215,-7.556646482292795,-7.635965797097965,82.19839467036715,-0.168741915100395,0.985660269103027,5.543757103902779,-0.012340390873719,0.999923854477472,1.821696586810324,-0.005146869867858,0.999986754777564,144.69021002011033,0.009136317303681,0.999958262982074,319.07733520510135,0.0,5.6576772836523,0.0,5.6576772836523,0.037692307692286,,505.60860483021565,32.56480029296849,872.2710873152355,,680.1902191956179,,22.031294099655653,23988.379405095027,0.750811932626901,,5820.0,5.0081256609330165,148.624027,5.371204853057861,214.12190190524834,65.49787490524832,44.0695062752191,44.0695062752191,True,-0.47993934,-0.0148880845,-0.07836941,-0.07878541,-0.2518153,-0.26315162,-0.031252407,0.13675521,0.18208764,-0.20193122,-0.066895515
47,Monchique_03082018,2018,1689,p,2018-08-08 14:30:00,2018-08-08 18:00:00,220.604167,220.75,rep,16,8,2117.75,605.071429,1169.883337,1169.883337,15162.464636,15162.464636,3.5,3.5,3,189.04409685401203,-0.002421244103848,-0.999997068784199,21.0,7.0,0.0,0.0,99.97623856480932,15.0,236,22.58217803030303,0.180332767621135,0.183187450887183,0.096647848906098,0.148716429260205,0.197690233407034,0.184697865313663,26.787966937675282,12.137913483357742,41.09886323483046,2103.9674102589497,997.2899209345703,1489.219969138581,9.698450979699755,54393.06625864843,0.72441087251875,63.69063915265346,739.9441795968864,93.48110315510269,25.983948859735154,-0.58303731783654,0.812445374169842,36.99036508150466,-0.587134417578409,0.809489453726769,0.000638838694139,0.000647561841199,20.351693593550586,16.628656965190416,9.179835220152917,-8.792124665528016,-37.32189014983132,54.57997987755439,29.34539534991005,11.66943060893656,27.88142899693555,27.156658175831744,41.29258005941611,22.340548267588492,35.29702362741366,40.00741682127396,55.44199409756125,-0.528882657905263,0.848694959433049,-0.648806309133704,0.760953594661528,-0.975459222521275,-0.220180165315113,-0.98525285191712,-0.171104698325853,-0.927773651487653,-0.3731434732181,-0.124888544325516,-0.14938747311195,-0.041040292681047,-0.00404607255167,-0.015396471930613,5521.900330764323,14871.92763881024,30840.73851615463,57250.63814707027,93898.39105926789,-14.598571417192314,-4.062373901046406,-4.793185780869059,-7.017894305148135,-7.952339902452945,36.36894078769129,0.004324325280658,0.999990650061723,2.769173116007706,-0.006932528515712,0.999975969735463,2.333885354404374,-0.003491856578794,0.999993903450233,106.88386577940034,0.005672962106139,0.999983908621005,,0.0,0.0,0.0,0.0,0.0,,800.1513201697239,70.10423344590008,804.88057990415,,665.9700958248534,,18.636429477331095,20671.33605503903,1.106672145719696,,7260.0,7.065513731819948,1169.883337,6.41447639465332,609.6209527031498,-560.2623842968502,-47.890449122351264,47.890449122351264,True,-0.0127192605,0.2716605,-0.06927322,0.025812816,-0.15202406,-0.26350158,0.16776708,0.100721814,0.280765,0.025531828,-0.09165926
47,Monchique_03082018,2018,1690,p,2018-08-08 18:00:00,2018-08-08 22:00:00,220.75,220.916667,"rep,s",15,9,675.25,168.8125,1093.696906,1102.02342,13574.295775,13708.032582,4.0,4.0,3,202.23813496477567,0.075400192560952,-0.997153353783545,21.0,7.0,0.0,0.0,99.92567818654776,15.0,236,21.905270863836016,0.186775546325441,0.189957126942055,0.101031188368785,0.153917051076887,0.204695531129834,0.191640502929682,21.521142578125023,15.528027343750022,69.7219385847408,816.9346486371858,996.7958750000001,1699.0408935546875,15.329118751417946,17741.186570794984,0.582266235351563,63.89860245081435,737.2875128220005,93.64395174883815,20.06324172342812,-0.549713358113167,0.835353352726824,34.31055020657171,-0.522979461941139,0.852345283548726,0.000650745381894,0.000719572612381,18.138665771484376,15.71727294921875,8.552740478515625,-9.164111328125,-37.714508056640625,73.14476928710937,40.26353912353515,17.902747344970702,38.847032928466795,32.72232551574707,48.64930516339721,28.385155906317816,35.694553100421,43.42731665965423,58.268394241595495,-0.365752054175628,0.930712326589859,-0.534574217642898,0.845121533172291,-0.999970447299409,-0.007687946918442,-0.981916980676278,-0.189312025660236,-0.960660978674787,-0.277723754928526,-0.174394360223321,-0.168445544314641,0.011044626924856,-0.005832217871488,-0.059505116112852,5604.123828125,14918.1505859375,30866.485546875,57270.8953125,93895.1859375,-7.879880469428679,-2.642091385946303,-4.610250632998065,-6.918276815097944,-7.958090621528332,72.2871636923062,0.009894995818905,0.999951043330494,4.769732983512275,-0.006085998978319,0.999981480136725,3.909750299464399,-0.003806743240707,0.9999927543267,133.26137219266803,0.007083103132357,0.999974914510367,,0.0,2.3028320312489,0.0,2.3028320312489,0.0,,578.4643505859333,58.033160400387146,912.8467864906245,,762.1486275137548,,22.337889574527697,24433.746337890625,0.298039084550274,443.759333,7470.0,7.005810252028992,1102.02342,5.87563419342041,355.2505207800078,-746.7728992199923,-67.76379572949477,67.76379572949477,True,-0.12916061,-0.12092262,-0.0662491,0.10237644,-0.184743,-0.2664966,0.17248636,0.14782728,0.244213,-0.17646144,-0.06731029
78,Monchique_17072021,2021,2205,p,2021-07-17 13:30:00,2021-07-17 14:00:00,198.5625,198.583333,airb,1,1,3.0,6.0,294.145437,294.145437,3852.488151,3852.488151,0.5,0.5,4,175.3272216796875,0.993769029595787,0.111459032008397,22.0,7.0,0.0,0.0,100.0,18.0,236,23.0,0.134723381143803,0.137850064639395,0.067414675951002,0.112865681052204,0.147642445564265,0.139504394531242,30.110498046875023,10.778466796875023,30.319397897736977,2969.46409055462,992.49875,2261.561767578125,7.921749513609253,55535.109841674355,2.835433959960938,57.41475900151703,847.4775560596361,93.91393366124458,18.702064799612316,-0.785171387716473,0.619278525311017,18.428127684262716,-0.801635354658943,0.597813313803591,,,25.193603515625,21.32049560546875,9.649627685546875,-4.755401611328125,-32.90898132324219,37.48421859741211,20.18985366821289,15.428008079528809,5.458881855010986,5.714468955993652,16.058950792884314,15.569396958746633,27.713265046633712,44.59030170402612,31.575193848722535,-0.858141334046143,0.513413528066321,-0.625231231129085,0.780439560517538,-0.919312601211196,0.393528069207654,-0.997644635011251,-0.068594330912025,-0.949146668579583,-0.314834244522859,-0.020554684273189,-0.088257967092118,-0.104063976805634,0.013898044159038,-0.008795761160004,5894.314453125,15400.4208984375,31515.521484375,58073.96484375,95347.0546875,-13.6237803610538,-4.226123474129037,-7.509998235820149,-5.625038877845283,-7.847482499045548,1.765787987308207,-0.000571258416762,0.999999836831897,4.388832884599697,-0.000909204576637,0.999999586673433,5.444434331940183,-0.002019339447068,0.99999796113202,32.39517986187208,0.017740177378215,0.999842630670742,,0.0,2.7515869140631,0.0,2.7515869140631,0.0,,528.203798828116,,747.8284981299892,,651.0140442992871,,20.579222480972447,8029.475212097168,1.959768566017881,,0.0,5.687468241631566,294.145437,6.8209662437438965,915.8705025985528,621.7250655985528,211.36655116582776,211.36655116582776,True,0.2537763,0.24362345,-0.080622785,0.085597135,0.15247622,-0.26770732,0.056668244,-0.0017078803,-0.0921531,0.0905228,-0.09008623
78,Monchique_17072021,2021,2206,p,2021-07-17 14:00:00,2021-07-17 14:30:00,198.583333,198.604167,sat,1,1,25.5,51.0,899.70334,1808.89708,10629.663957,15945.418346,1.0,0.5,4,154.99213222287736,0.981182663079701,-0.193081800467639,41.0,7.0,0.0,0.0,100.0,18.0,236,20.03304347826087,0.134723381143803,0.137850064639395,0.067414675951002,0.112865681052204,0.147642445564265,0.139504394531242,30.110498046875023,10.778466796875023,30.319397897736977,2969.46409055462,992.49875,2261.561767578125,7.921749513609253,55535.109841674355,2.835433959960938,57.41475900151703,847.4775560596361,93.91393366124458,18.702064799612316,-0.785171387716473,0.619278525311017,18.428127684262716,-0.801635354658943,0.597813313803591,,,25.193603515625,21.32049560546875,9.649627685546875,-4.755401611328125,-32.90898132324219,37.48421859741211,20.18985366821289,15.428008079528809,5.458881855010986,5.714468955993652,16.058950792884314,15.569396958746633,27.713265046633712,44.59030170402612,31.575193848722535,-0.858141334046143,0.513413528066321,-0.625231231129085,0.780439560517538,-0.919312601211196,0.393528069207654,-0.997644635011251,-0.068594330912025,-0.949146668579583,-0.314834244522859,-0.020554684273189,-0.088257967092118,-0.104063976805634,0.013898044159038,-0.008795761160004,5894.314453125,15400.4208984375,31515.521484375,58073.96484375,95347.0546875,-13.6237803610538,-4.226123474129037,-7.509998235820149,-5.625038877845283,-7.847482499045548,1.765787987308207,-0.000571258416762,0.999999836831897,4.388832884599697,-0.000909204576637,0.999999586673433,5.444434331940183,-0.002019339447068,0.99999796113202,32.39517986187208,0.017740177378215,0.999842630670742,,0.0,2.7515869140631,0.0,2.7515869140631,0.0,,528.203798828116,,747.8284981299892,,651.0140442992871,,20.579222480972447,8029.475212097168,1.959768566017881,,30.0,7.50102526076472,1808.89708,6.79982328414917,896.6886418207409,-912.208438179259,-50.42898505752793,50.42898505752793,True,0.26364937,0.2449768,-0.077905245,0.07951593,0.12728676,-0.28003344,0.04998436,0.115626395,-0.087962955,0.09678467,-0.08455724
78,Monchique_17072021,2021,2207,p,2021-07-17 14:30:00,2021-07-17 15:00:00,198.604167,198.625,"fops, sat",1,1,122.0,244.0,1550.915354,3030.215555,19133.757949,37469.810383,1.5,0.5,4,165.54555954825463,-0.207784602691672,-0.978174605520029,21.0,7.0,0.0,0.0,100.0,18.0,236,20.525409836065574,0.118372497373197,0.120432226308804,0.05932817831656,0.099087425186272,0.129737730002668,0.121522029978437,29.784178938685876,11.26109352938364,31.90098371040422,2848.2395154214973,1000.0305341868564,1497.1400095459026,8.166313923325577,59749.11933926433,3.097636635100831,54.02923544363003,852.4016023698077,93.02481481353735,20.978460815901823,-0.75086653258721,0.660453972840242,22.02080032041404,-0.73224013179592,0.681046539810235,,,25.549892422112084,21.87684471950674,9.681571449305078,-4.696743234648722,-32.8668866284925,33.600457098555324,17.668137655947906,14.474577246235405,6.006491274427517,5.581906231445247,18.38374797437905,17.761267627805232,29.81086711230088,43.34143140201437,34.20503139146024,-0.780289969039071,0.625417911653484,-0.515594029182346,0.856833004191315,-0.874266368880884,0.48544651223779,-0.99979522527633,0.020236292018375,-0.957029197623246,-0.289991577285627,-0.045950125333812,-0.098663141765543,-0.12449116600764,0.027900025969711,-0.029798400565095,5867.525520802528,15382.650346170089,31508.957370396398,58087.95871371189,95347.22413975485,-7.651183577408861,-4.007828719894859,-7.847443855330014,-5.614607053432337,-7.852099432501021,1.841924068104689,0.001148389818734,0.999999340600195,4.213992782830729,-0.000871952756222,0.999999619849123,4.720688258770893,-0.002027130929391,0.999997945367987,47.2071033837306,0.0193355944177,0.999813049919091,,0.0,0.301626746348,0.0,0.301626746348,0.0,,449.6997108353313,,762.4289798985884,,654.1625757732539,,21.56743769307944,9191.932224770244,1.884376195278303,294.145437,60.0,8.01671899132226,3030.215555,7.024417877197266,1122.740213766213,-1907.4753412337873,-62.94850338571993,62.94850338571993,True,0.30374414,0.3364128,-0.06304831,0.07113194,0.12640005,-0.2611441,0.048885826,0.12331858,0.20027559,0.11011608,-0.071152456
78,Monchique_17072021,2021,2208,p,2021-07-17 15:00:00,2021-07-17 16:00:00,198.625,198.666667,"fops, sat",1,1,169.5,169.5,1300.70124,945.307176,16134.063924,11129.7631,2.5,1.0,4,161.35509293002914,0.245669745697748,-0.969353586700335,21.0,7.0,0.0,0.0,100.0,18.0,236,19.465823529411768,0.118406922774257,0.120336183060065,0.059650050952906,0.099233062282314,0.129711772400371,0.121356955698059,29.43017143329599,11.49671287149936,33.11851326360321,2745.226065512035,1000.8081488509537,1412.7021826125267,8.364863633993231,58691.829931215616,3.221208799508602,54.17638023395772,854.0706342966969,93.11794480867161,21.406148476544097,-0.739660259783465,0.672980460412527,23.019048132991415,-0.698766319732754,0.715350005526765,0.000368717737118,0.000368990894732,25.84640013723648,22.120474038382362,9.67805643936516,-4.705548226285787,-32.83470234664253,30.839256220198454,16.58848770618707,14.00755904220495,5.84928377714516,5.586572090546534,19.385660677142294,17.79676299126983,30.429364038250085,42.66385413134822,34.83734217454605,-0.736855664084444,0.676050094524565,-0.485431417668035,0.874274750144828,-0.862720258564523,0.505681476289533,-0.998841441106413,0.048122505425891,-0.953575161685027,-0.301155127828458,-0.05820929868927,-0.098516840078558,-0.138084806748929,0.02091654246369,-0.038195710462653,5865.493176670504,15385.058515232664,31514.857353389987,58103.92155351502,95361.20786879148,-5.685025432912616,-4.065526733181612,-8.006476884075841,-5.616672745358142,-7.840674149832543,3.036636145075537,0.00184580291864,0.999998296504342,4.224815983149096,-0.001014328566844,0.999999485568647,4.488863539763729,-0.002082095575925,0.999997832436657,52.68263178766006,0.018886498615386,0.999821634177842,,0.0,0.4847105186566,0.0,0.4847105186566,0.0,,440.82658566456587,44.396024247337834,769.5986894277696,,657.0074898966745,,21.847608771337953,9717.845931146163,1.818876123976638,1808.89708,90.0,6.852567226704287,945.307176,6.90866231918335,999.9074516865777,54.600275686577675,5.775929462168567,5.775929462168567,False,0.28877968,0.34219217,-0.06804806,0.03818728,0.02494105,-0.25971767,0.06500524,0.129217,0.25195765,0.095503986,-0.06691256
78,Monchique_17072021,2021,2209,p,2021-07-17 16:00:00,2021-07-17 20:00:00,198.666667,198.833333,fops,1,1,874.5,218.625,1181.291121,1138.90853,12203.926677,12442.015432,6.5,4.0,4,121.98112836290784,0.527483706369965,-0.849565147304316,21.0,7.0,0.0,2.649414664202095,92.88354898336414,18.0,236,18.882075256556444,0.120913764166689,0.122492719839589,0.06207703638089,0.101792681438727,0.132210984052631,0.123328146121546,26.46886893551507,12.66111562906308,43.31856513491965,2013.7176779646202,1003.1203558918071,1199.0518944276832,10.14882419055689,38534.64832221657,3.541058160556935,55.235561666378,859.7767393812819,93.60579340885323,18.563853263736966,-0.681105352236002,0.732185426757097,24.786510189048318,-0.618403390802095,0.78586083134641,0.002146253955983,0.002113674381493,26.042229812898917,22.63006579630268,9.547949475188805,-4.853340673078749,-32.62721541976541,26.450946435303063,14.316796199949437,12.187925834188189,4.970923174114471,5.110554315356841,29.74828444252541,20.038288142884188,34.058050141930124,35.8813742134176,40.32890896735738,-0.531555794659993,0.847023280177932,-0.622130485416829,0.782913570654527,-0.792635023557044,0.609696415792913,-0.98950027693282,0.144530972285776,-0.936558998815706,-0.350509973805771,-0.111704164966083,-0.075317132207079,-0.128738087205797,-0.008386509844025,-0.042567443221312,5852.944452569911,15380.210968523668,31512.407931662292,58130.314903886276,95380.30602563452,1.642185008686377,-3.723166713300803,-8.418111760536213,-5.623578772776874,-7.741644161615167,27.565148942872565,0.007577818290024,0.99997128792279,5.411606409693704,-0.000909935441294,0.999999586008661,3.189389620979284,-0.002087855313276,0.99999782042772,69.9921115319372,0.019504840986521,0.999809762493891,,0.0,0.2212194916214,0.0,0.2212194916214,0.0,,362.7910313915016,49.10785688574116,819.6571082632342,,672.1290902703107,,23.817959458110924,14978.5739173987,1.39655064022061,945.307176,150.0,7.038703301327288,1138.90853,6.785473823547363,883.8992737399127,-255.00925626008723,-22.390670501000397,22.390670501000397,False,-0.13902302,0.15208071,0.12481262,0.01536268,0.05728461,0.048989724,0.16426687,0.07512066,0.1525027,-0.0013647801,-0.09185393
78,Monchique_17072021,2021,2212,p,2021-07-17 20:00:00,2021-07-18 01:00:00,198.833333,199.041667,sat,1,2,31.25,6.25,43.932508,53.910875,468.758046,524.867298,5.0,5.0,4,149.8150221456693,0.766081545759407,0.64274338988968,42.0,4.0,0.0,0.0,98.30508474576271,18.0,223,16.545,0.134344226264164,0.136982240968353,0.069645240393019,0.11247293546345,0.147013531929623,0.138378015944114,20.000318869741466,14.640131945711765,71.79961610218689,677.6111625668847,995.3622159154821,2062.1931329358563,16.167291771074535,9414.61209342946,3.600731983709402,55.351000498197685,854.1106999723611,92.79834043340968,13.333445264531596,-0.48041368209112,0.877042013850906,23.458665615029727,-0.439080984529325,0.898447488184345,0.006228361926309,0.006307309094994,24.748853620807342,22.95708537963853,9.755621412219728,-5.058463123172095,-31.97177523088062,29.24451314496781,12.169767720298111,9.414727004057129,3.971086244085265,4.206678757450493,37.21392670112976,24.192890960075747,33.622895976923765,27.81946779493461,48.260849895789505,-0.401902982513728,0.915682255286499,-0.651349576195526,0.758777786700368,-0.732097403313093,0.68119996481373,-0.990599321987625,0.136795406639471,-0.967719390743121,-0.252030118794883,-0.118162806452348,-0.144012962920198,-0.067686803480153,-0.054901006345201,-0.04426463110913,5928.992672880228,15454.121225473764,31587.96349802878,58185.42071400704,95398.26976870924,16.367544100856865,-1.955079486514204,-8.494909871812013,-5.784771397121905,-7.501772347166804,68.31261798614663,0.007072766203134,0.99997498767631,6.622611563217355,-0.00172321449038,0.999998515264808,2.362428948649347,-0.002892871271789,0.999995815639148,92.99632964383629,0.018131168816373,0.999835616847766,,0.0,6.009048492951799,0.0,6.009048492951799,0.010361356570733,,232.63147004767453,14.616165518164262,919.4320971167896,,691.509473670289,,28.50364943410942,18622.532902497736,0.581497330462829,1138.90853,390.0,4.005711416330454,53.910875,5.146125316619873,170.76466558872144,116.85379058872144,216.75365237296083,216.75365237296083,True,-0.16600695,-0.18415926,-0.099927224,-0.072494045,-0.07450835,-0.032042954,-0.016172491,-0.16427264,0.13359012,-0.34407738,-0.087877005
23,Mortagua_07102017,2017,301,p,2017-10-07 14:30:00,2017-10-08 00:30:00,280.604167,281.020833,"fops,sat",1,1,953.0,95.3,681.294552,681.294552,6632.970211,6632.970211,10.0,10.0,2,277.2783080543933,0.172944674590443,-0.984931540530003,21.0,4.0,5.595143837424123,0.0,13.644761150699395,24.0,223,15.655160621761658,0.16106706581063,0.226005180617703,0.081407636445749,0.129784781292757,0.177935732205484,0.260363971520916,23.421370213888547,-3.056947963301271,18.224117197782206,2517.5489267791013,987.2400227150632,2099.481731228315,6.969894683113961,20158.349254931167,2.568903906362398,60.787114055334015,1091.580758193446,96.3639362608407,7.308948370466333,0.829750466442299,0.558134538833414,12.049385017052387,0.767407114161532,0.641160136888024,0.093031388638581,0.094025691991353,25.490497184838397,17.6822416966642,6.544433883939408,-9.162389391361708,-37.91300232184569,9.677770516313704,13.08470902823411,17.584137420546796,6.056535259183571,18.329160665630994,14.88753101109146,7.82153582575809,14.059836016047942,23.424132091518736,40.04865412082984,0.909893177085743,0.414842628345754,0.877067789493108,-0.480366623147021,0.977915883927839,0.208998861149132,0.252722491809572,0.967538806525899,0.312523299347337,0.949910094358964,-0.060453247206904,-0.03838095523235,-0.005316107060351,-0.026401948707548,-0.009167713109363,5856.492878912774,15276.843475610984,31188.302356635326,57505.959002716445,94133.45243916792,10.717350611300688,-8.519941239963698,-7.16698343245641,-6.133378124415253,-8.013898556329144,23.901345727925168,0.010554321856441,0.999944301593919,2.015107787144462,0.002819492954033,0.999996025221842,2.811720240471211,-0.002087235397651,0.999997821721825,56.53850923665694,-0.010523230593431,0.99994462927598,,0.0,0.0,0.0,0.0,0.0,,360.1529521909665,134.11538438973045,667.6366137042293,,472.813083780561,,21.097698284058644,8101.973505673978,3.043831563208189,,0.0,6.525461459032061,681.294552,5.393100261688232,218.88402795171982,-462.41052404828014,-67.87233549583414,67.87233549583414,True,-0.44342345,-0.10757414,-0.09337437,-0.10236828,0.26339433,0.021992045,-0.1194286,-0.057212315,-0.084404476,0.16009213,-0.14748171
85,Murca_17072022,2022,2403,p,2022-07-17 16:35:00,2022-07-17 17:35:00,198.690972,198.732639,airb,1,1,49.75,49.75,1690.050827,1690.050827,21538.514758,21538.514758,1.0,1.0,4,748.6508084577115,-0.989289947361415,0.145963694286107,22.0,6.0,0.0,0.0,0.0,0.0,233,23.12625,0.177915755748752,0.232553528089426,0.14840094447136,0.16520866751671,0.184491485357288,0.261462402343751,36.08046875000002,8.653222656250023,18.821118845881827,4832.248770153919,934.57125,6657.2607421875,5.783983050348163,55722.60845443478,4.206466674804688,54.19806407856911,590.5815912447324,95.08725825998577,11.531403101305953,0.293074424376782,-0.956089630618499,19.175988963433316,0.112629407409228,-0.993637064821279,,,35.2138671875,25.710540771484375,11.297607421875,-10.380035400390625,-36.61973571777344,11.757439613342285,19.100427627563477,30.442136764526367,67.78861236572266,69.24646759033203,14.068767134714351,30.839044731215832,47.399866548557725,65.35054873655673,49.59878406695925,0.074737784873827,-0.997203220769043,0.311583183282564,-0.950218879993186,0.346434397595722,-0.938074201842524,0.142318403235725,-0.989820929310162,-0.304174996625501,-0.952616172142735,0.019446797694939,-0.438435112222564,-1.092870321791779,-0.001345031779638,-0.1314708767813,5520.80322265625,15232.0029296875,31527.37890625,57969.4765625,94565.828125,,-10.369509907978259,-9.27446911157267,-8.464931319628818,-7.314010904756171,-7.373009986230231,-0.004018040301611,0.999991927643486,14.733638730373064,-0.001848886066171,0.999998290808697,10.690713152939244,-0.000128556905328,0.999999991736561,68.11822009684734,-0.001182852943548,0.999999300429212,,80.9741210937495,0.0,36.6424560546872,84.7161865234367,2.899e-11,,2045.1976318359216,,627.8034220722072,,936.1344559176068,,5.216819324006735,7034.383296966553,1.811843458797327,,0.0,7.433105405809374,1690.050827,7.059399127960205,1162.7456933985588,-527.3051336014412,-31.200548834229892,31.200548834229892,False,0.27331194,0.34629953,-0.08365987,0.10878147,0.11197958,-0.087150805,-0.018249497,-0.0029612402,-0.056526247,0.1170528,0.25866714
85,Murca_17072022,2022,2405,p,2022-07-17 17:35:00,2022-07-17 19:00:00,198.732639,198.791667,airb,1,1,207.0,146.117647,1424.479744,1262.330282,18007.519133,16547.084679,2.416667,1.416667,4,707.8616071428571,-0.680405055573921,0.732836243883618,22.0,6.0,0.0,0.0,0.0,0.0,233,21.900769230769235,0.173662671942294,0.230641251696856,0.149023503512695,0.161890688193537,0.179491641910781,0.260788648392391,33.96346068745997,7.454641674652249,19.500909430734925,4270.22854133371,931.8628841820743,6997.828269060973,6.086775794972484,33514.75561542399,3.857727163514967,54.192343496112585,579.7579600547294,95.09791165165743,5.424245282522323,-0.056262585373881,-0.998416006225384,11.626902739678156,-0.050639317429563,-0.998717006729268,0.299281569110326,0.316566531993077,34.673943812011444,25.80810779260819,12.092653465578259,-11.044145020089948,-36.02089176468378,14.048114043549983,20.990166185068382,26.373308859545002,89.70912642418841,42.21258547646673,8.118958308462886,22.714773452958212,48.696207379323795,57.23101893091475,60.857531842416726,0.128647369232898,-0.991690402489333,0.255490093334608,-0.966811673599297,0.457062738082513,-0.889434457088613,0.031099756586351,-0.999516285580315,-0.355556288993489,-0.934654869648246,-0.002965149641087,0.061796491041656,-0.031467023027981,0.193046080618148,-0.001022943012479,5488.235144165395,15189.032525377015,31515.62255760207,57979.62765179637,94644.36921989075,,-9.673915260953127,-8.82565362800851,-9.034718937988487,-6.961977303310653,-4.589101574614759,0.016747259855336,0.999859754809312,18.04311819362221,-0.003882514015824,0.999992463014055,10.266311415826962,-0.000246004233623,0.999999969740958,47.30516685465015,0.003352207499997,0.999994381336654,4316.18247634105,86.3027332017259,0.0,70.5722315285218,87.9191764632993,0.600073881195522,,1052.0770065807542,534.237952591335,633.3327465616965,,948.9489020548424,,6.616311185122951,4068.055957500347,2.737512605539893,1690.050827,60.0,7.141506594102015,1262.330282,6.741946220397949,846.2079858386671,-416.12229616133277,-32.96461331039611,32.96461331039611,False,0.24004456,0.09229358,-0.076377995,-0.17279473,0.10938912,-0.08336378,-0.0053537595,0.0928725,-0.17248496,0.11468147,0.22320487
85,Murca_17072022,2022,2407,p,2022-07-17 19:00:00,2022-07-18 03:00:00,198.791667,199.125,sat,1,2,455.75,56.96875,311.305353,315.647238,4476.927186,4591.352122,8.0,8.0,4,681.4193437671609,0.890141639659785,0.455683948964399,22.0,7.0,0.0,0.0,0.0,0.0,233,23.59668831168831,0.174812611749095,0.23105946734495,0.150160779759617,0.162751800945374,0.18072705412138,0.260819708400958,24.757788836566665,13.496714914314644,54.17996760253954,1636.256118769317,932.4799033382432,6975.315278517124,12.625675526282723,10893.119006614574,3.042954013842695,51.52863876157633,584.5090727903557,94.10290945376778,6.551425761322442,-0.988880722832512,-0.148710846982488,10.560998231661014,-0.9464096319673,-0.322968742325817,0.013422344024655,0.013539888812305,26.886098844274144,24.40862226479065,12.322714237105263,-11.29538295632647,-35.690716278743814,54.1736080949723,30.256032167648655,29.12147598476934,81.7222209115749,46.69340137669944,7.387538911200948,25.284188245805,65.6692409521215,65.17267707213811,78.20048555719072,-0.937056789148519,-0.349176995105159,0.276439155172473,-0.961031421696257,0.473565619249471,-0.880758539138205,0.073316648443264,-0.997308713017713,-0.319293797217175,-0.947655776671381,-0.049308517795074,0.097526915059828,0.258919620862361,0.156285074854756,-0.071720685418829,5564.39618176093,15163.32554394169,31471.25256645155,57911.399867136875,94617.1865128204,,-2.703286913774037,-7.777069245318771,-9.222661904797574,-6.799915082380738,-8.409895680109303,0.00624881712816,0.999980475951655,25.940561006869007,-0.013086257987539,0.999914371259801,12.052656910037957,-0.004642666040556,0.999989222767944,52.39135649600646,-0.002629224582246,0.999996543583075,4819.164087409902,21.4481570564839,0.0,35.058006033352,39.790132319628604,307.3101539441098,,209.59782059776413,165.72402917716775,794.4377215787786,,860.2435074861372,,13.755238373533981,10411.073129707136,1.829834026117976,1262.330282,145.0,5.757788340360052,315.647238,5.70071268081665,298.0804739479461,-17.56676405205394,-5.56531530684705,5.56531530684705,False,-0.2600975,-0.21454123,-0.13061589,-0.028861135,0.020026485,-0.08615334,0.11832693,0.02885991,-0.09239558,-0.107569315,0.27121386
85,Murca_17072022,2022,2408,p,2022-07-18 03:00:00,2022-07-18 10:00:00,199.125,199.416667,airb,1,3,106.75,15.25,124.273943,130.600073,2237.994717,2351.919217,7.0,7.0,4,574.1706788277512,0.990091681098498,-0.140422444856761,32.0,7.0,0.0,0.0,0.0,0.0,233,22.54704761904762,0.175753988331079,0.231437427831308,0.150733196455454,0.163340309691933,0.181807221588737,0.260899565133017,21.91899766098403,15.594580367817446,68.57436778698943,880.849949853572,933.3430623980605,6921.831878823011,15.379881982427914,5297.953667769769,1.290689140213055,48.05413444552309,591.2539017254264,92.82329906648812,4.57070069820537,-0.621744145344418,-0.783220414525783,7.185479737876145,-0.500216016116547,-0.865900650895061,0.120664212839342,0.101620909723912,22.770657736095757,19.167565992570026,10.586187712143916,-10.703664816945883,-35.868628287660954,71.42837860678144,48.96620663172929,39.02464914514303,47.35408372971955,43.96183765738416,5.439356925045372,36.9543999388497,86.54254187148251,93.43606736810787,101.7966566667393,-0.507473310930013,-0.861667475708426,-0.139613888433208,-0.990206020056715,0.242394850158897,-0.970177683012986,0.031172272754021,-0.999514026620612,-0.108921010214139,-0.99405040794415,0.00524946734576,0.000358078846028,0.24086514277698,0.131288469537385,0.158644678611357,5623.52701215187,15071.46883002229,31201.527192181973,57548.13843180619,94273.55897136504,,-3.931496604271044,-5.521965991654957,-8.313502576888375,-7.014440523951793,-4.353929423670751,-0.008216821786749,0.999966241350039,35.37579964226493,-0.006215888551836,0.999980681178147,18.1276886273704,-0.002160847042652,0.999997665367304,31.465776781462477,0.003767893627927,0.99999290146361,4180.419821992591,4.9854347771384,0.3115766430659,23.0883325111221,24.0626335132081,154.15477963938906,,406.8297490189955,260.7260541086148,850.7731386550395,,896.8003246097705,,16.732888306083353,7359.207250388017,1.048829140155796,315.647238,625.0,4.879767573602309,130.600073,5.125387668609619,167.23935012633618,36.63927712633617,28.054560985074,28.054560985074,False,-0.2798457,-0.2566414,-0.11751639,-0.13410518,-0.014725529,-0.09278275,0.09021369,0.06920741,-0.22490743,-0.24072225,0.2746744
85,Murca_17072022,2022,2409,p,2022-07-18 10:00:00,2022-07-18 12:15:00,199.416667,199.510417,airb,1,4,196.0,87.111111,533.08311,515.044665,9439.914536,9093.63284,2.25,2.25,4,578.1667191435769,0.791389722503195,-0.611311955646474,32.0,6.0,0.0,0.0,0.0,0.0,233,28.544422110552766,0.171093289386103,0.229448070986394,0.145190768784107,0.159521908768514,0.17698657601365,0.260323616806654,27.720318232387356,13.200138023605357,41.02057398407533,2201.1493953406675,931.1546006528764,7192.976691892068,9.594725090627358,25755.031871804385,1.193047645715279,48.78620275172623,582.6338940855138,93.0095493861548,11.508883709675013,-0.079510350897061,-0.996834040400019,20.84969620166669,-0.169312711537857,-0.985562380426373,0.000568407113799,0.000560957583267,26.762985965537954,17.81286076237002,9.42676547093946,-11.56110588272567,-36.08418007635681,38.38702578459376,58.707503700171,19.84527172500292,33.50390410429839,24.38270820046552,15.580043766968291,32.09194653983007,95.1634000963049,103.17524015445481,130.7000427948217,-0.140424688597147,-0.990091362871323,-0.092953422502979,-0.995670458156203,0.019096362399929,-0.999817647845391,-0.023106501100406,-0.999733009161395,-0.119487402511634,-0.992835716843941,0.021927580593836,0.015025361481121,0.042893423094478,0.178602652481785,0.388873661541351,5612.708762910147,15093.801659037912,31107.99939659024,57405.05969682024,94030.38798103582,,-9.765887007257701,-5.396304822930833,-8.195581549646196,-6.835521362701775,0.073929338502618,0.004011700266172,0.999991953098111,34.934162115194006,-0.001489657527524,0.99999889045961,18.084270532894205,-0.000550760208539,0.999999848331585,58.2546513414138,-0.002975560169775,0.999995573011039,1836.6751637869515,3.0141241622559,5.7080508426152,1.9502517750523,9.215410726918199,52.781567072180614,,1739.224301102692,366.6631800839841,752.5004551112214,,922.3083345216055,,9.910361288858192,11756.120699203811,0.700831360263807,130.600073,1045.0,6.246193321812974,515.044665,6.5278544425964355,682.9292267438328,167.88456174383282,32.59611702682773,32.59611702682773,False,0.26244667,-0.094500296,-0.09434948,0.0012335503,0.039447688,-0.094854504,0.018646942,0.04257346,0.05087679,0.026194667,0.2980015
85,Murca_17072022,2022,2410,p,2022-07-18 12:15:00,2022-07-18 14:30:00,199.510417,199.604167,sat,1,4,929.25,413.0,782.894035,1112.348193,13301.470108,16762.970797,4.5,2.25,4,636.8237627756859,0.629008276408434,-0.777398603169372,22.0,6.0,0.0,0.0,0.0,0.0,233,27.593529411764706,0.169087161727745,0.228577961827949,0.142038461742636,0.157624359745006,0.175060213693485,0.260054575637581,30.038241081607485,10.599580236109672,30.181542506726416,2964.7854093146725,929.2482786208468,7306.3670207038185,7.910502587740591,49772.29248932513,2.838960975796727,49.09234715114683,579.0290842070357,93.08743759928072,16.67038084983528,-0.2908098019852,-0.956780883520009,25.139665853896464,-0.328110077321167,-0.944639495871466,0.00305189254178,0.003072057656508,28.835600519522885,19.579307332138544,7.901385380545088,-10.309321165343427,-36.314275440303035,26.768873006133518,43.91729888953721,23.725478606908318,18.935867283063963,22.09153890123275,18.763960569861514,32.35258360606813,85.23478728668984,106.4295390171705,141.6029439389246,-0.29103737660817,-0.956711683537435,-0.168536050523273,-0.985695490338683,-0.069453544807751,-0.997585186895654,-0.119070377432071,-0.992885816807846,-0.253742171066352,-0.967271890743515,0.007884877324917,0.155333226713759,0.059050813793868,0.336359005392469,0.526739343029651,5499.206811363163,15029.732321356412,31013.082859125847,57317.526764388786,93893.97403264271,,-10.099960762788953,-7.514537381132432,-7.111122803191851,-7.248578179025143,0.283430235953257,0.005137758694444,0.9999868016307,29.277899309839583,-0.002165655409749,0.999997654965573,18.13506124610198,-0.000834763621181,0.999999651584788,70.49734503723997,-0.003966417919825,0.999992133733504,,4.3702789110002,0.8248160651403,1.8915808655613,6.0184392266411,1.42e-12,,2411.9621750597003,181.9084550308462,699.1251667268396,,918.6142574383688,,8.997267029785357,9420.626085033771,0.609568405822861,515.044665,1180.0,7.015127144219554,1112.348193,6.968900203704834,1062.0529656802541,-50.29522731974589,-4.52153629917803,4.52153629917803,False,0.23014136,0.19832505,-0.07170567,-0.0086954795,0.013634484,-0.1334099,0.04249477,0.041752674,0.17276898,0.101735085,0.29291517
85,Murca_17072022,2022,2411,p,2022-07-18 14:30:00,2022-07-18 15:20:00,199.604167,199.638889,sat,1,4,1024.25,1229.1,957.750054,2662.195415,14536.213792,40097.831037,5.333333,0.833333,4,635.6274390243902,-0.509535313063965,-0.860449745621908,22.0,7.0,0.0,0.0,0.0,0.0,233,25.655417475728157,0.169187112989387,0.228630232025407,0.142052853887092,0.157349357274529,0.175277844707833,0.260081617758751,29.56262329853563,9.90447600284415,29.514101855815895,2910.9727832673225,928.9268049441769,7276.3831866031405,7.868627318825768,54772.44044371184,2.578015924466934,49.011393308087435,579.9823050195462,93.06684159885248,18.81244591265335,-0.628422344261701,-0.777872327077283,25.034571999133043,-0.729404113876068,-0.684083064152789,,,27.62947322627113,18.588775725629027,7.432743876695159,-9.957559421346371,-35.99647318287544,35.613834777456034,56.19388985434972,22.91479690918499,22.50439918571475,15.352867204404042,18.514503150152517,28.760185525104276,77.53943009282654,106.41688396573348,146.08526049324334,-0.708170892136866,-0.706041066461488,-0.572346403236981,-0.820011947901792,-0.014311742237439,-0.999897581772318,-0.175193592595313,-0.984534004041276,-0.406101927502271,-0.913827787101563,-0.066402229942019,0.041616118311501,0.051637908173097,0.301586189817264,0.439962397270695,5476.298039840138,14980.450024247222,30941.85178264485,57250.49689338262,93809.42131820775,,-9.864714543525835,-7.178710279227253,-6.790762457541533,-7.258043990451519,1.026904826782517,0.004996494358913,0.999987517444154,25.919599655838795,-0.006381219110637,0.999979639814062,18.15386011596108,-0.002412515794513,0.999997089879536,69.8498274430646,-0.005078011236979,0.999987106817821,,0.0,0.057746646341,1.6778630945963,1.6778630945963,27.993766282721463,,2196.421378035961,,696.2826949469435,,912.1548455564878,,9.617396283672946,14811.890498702202,0.855959423788035,1112.348193,1315.0,7.887281964646236,2662.195415,7.477015495300293,1765.9594000731486,-896.2360149268516,-33.66529781687163,33.66529781687163,False,0.32498434,0.23666969,-0.070310086,0.11405072,0.022431009,-0.13411397,0.057445765,0.03591793,0.20061427,0.07523959,0.2697444
85,Murca_17072022,2022,2412,p,2022-07-18 15:20:00,2022-07-18 18:30:00,199.638889,199.770833,airb,1,4,1850.75,584.447368,1043.58537,1250.538216,15028.782268,16739.443606,8.5,3.166667,4,652.9070192047607,-0.073106515547613,-0.997324138575061,22.0,7.0,0.0,0.0,0.0,0.0,233,24.453491379310346,0.170401088260168,0.22764772672732,0.142192179672711,0.159553306836551,0.176307557288059,0.257936953429517,26.041903417118046,11.893367018430249,41.734013434936706,1991.8990439271408,934.6061310286829,6676.356525514048,9.858167458569712,36188.06310530146,1.714915427933569,48.298870112362586,601.3758424629074,92.86301762411148,17.715400266499202,-0.943825050636471,-0.330445568575316,25.435005904477613,-0.934287812339752,-0.356519682084174,0.015804861575153,0.01576414828482,25.129450016957133,16.487331401263972,7.057500545396832,-10.159280674347428,-35.57880951604265,46.36549532717252,70.48610454203045,28.383243664193657,25.029750800375286,14.331602350321058,18.794722782573732,30.44754531337618,76.85980756936844,105.82720374533359,147.35703396273001,-0.928249664805812,-0.371957739249901,-0.746752712783871,-0.665101786157524,-0.129292602041549,-0.991606485989944,-0.256066305932188,-0.966659219666498,-0.540525429611524,-0.841327676915051,-0.110699996579097,-0.244626974913454,0.170358238451296,0.362428451408947,0.326813133135576,5508.300338021636,14944.318782798582,30891.618098573552,57173.91555685606,93759.13587260495,,-9.42980706843125,-6.067930301118399,-6.723003592462487,-7.085397656723949,-10.310253870230945,0.003658578683531,0.999993307378613,24.985432824653277,-0.008114046371037,0.9999670805839,17.80815175221009,-0.003403669725385,0.999994207499424,75.63969087682727,-0.000928948052246,0.999999568527665,,0.0,0.0,0.0008277148842,0.0008277148842,28.20945995861293,,1368.0577171219902,346.94627534347785,759.0501614468288,,919.2467260533153,,12.374237212513407,14926.340716577906,1.004195790097518,1112.348193,1365.0,7.132128646562222,1250.538216,6.715785503387451,824.331813277953,-426.20640272204696,-34.08183750555985,34.08183750555985,False,0.07127629,0.1245792,-0.07806902,-0.047257017,0.001200222,-0.12265891,0.06518268,0.048673093,0.15108639,0.034648836,0.2889258
85,Murca_17072022,2022,2413,p,2022-07-18 18:30:00,2022-07-19 02:30:00,199.770833,200.104167,sat,1,5,1785.25,223.15625,534.546754,538.354156,4255.375252,3983.613789,8.0,8.0,4,629.173961527739,0.786906113340231,-0.617072741893346,22.0,7.0,0.0,0.0,0.0,0.0,233,23.154288901282765,0.173580859040082,0.227448381428937,0.143392637982818,0.163053758403293,0.179586229328602,0.255949716026214,18.55956842176036,12.769845877237104,69.9706997829547,682.6215217678429,942.9959651168024,5963.187240306151,15.913332085341601,7843.16759109839,0.2767797170831,44.072349539196196,630.0916022724359,92.03686891579456,10.111553191405092,-0.987317232861257,-0.15875982393285,17.031335097589015,-0.982848116448772,-0.184416864719855,0.003322960522885,0.003795219920403,18.335863630061375,13.109106000795931,6.555546566629731,-10.248723159676448,-35.62679553980365,73.20798645562319,59.97892929913594,24.079540161465342,17.669749683978807,25.59426728667244,11.960311632563364,41.28266186624591,66.8745738982481,99.87581908704485,140.13148002901963,-0.980534717699341,-0.196345785252127,-0.755126242038294,-0.655579406773218,-0.438602915252015,-0.898680968270962,-0.600074949532213,-0.799943782364681,-0.741229443192491,-0.671251750496451,-0.042622582548665,-0.073082098294613,0.12161312947014,0.297010883729878,0.08852482259141,5681.868994255765,14928.23413693717,30779.58127363003,57023.28945665467,93743.40781829617,,-5.703151996539807,-4.2171002299596,-6.561921435645867,-7.073842150818257,12.076741572429903,-0.00031579265517,0.999999950137498,23.445761205880814,-0.006381614176509,0.999979637292931,18.11691081732607,-0.002417233236743,0.999997078487472,62.48612803230429,0.003007253070915,0.99999547820426,472.25598376692795,0.0,23.717117092158798,0.0,23.717117092158798,2.379513981189147,,719.6457391256125,49.9957059807342,865.6089099380781,,838.5428371484855,,20.129675769777894,6044.1007769190355,0.593030112803063,1250.538216,1555.0,6.2903724163632715,538.354156,5.3929123878479,218.84272137529493,-319.5114346247051,-59.34967364210431,59.34967364210431,True,-0.29669172,-0.19562532,-0.120096825,-0.024519747,0.014512774,-0.09751219,0.16754755,0.051528558,-0.010255029,-0.2670747,-0.025914585
150,Nelas_16092024,2024,2990,p,2024-09-16 11:40:00,2024-09-16 14:20:00,260.486111,260.597222,sat,1,1,555.25,208.21875,1696.270022,1696.270022,15989.260727,15989.260727,2.666667,2.666667,4,305.73250336473757,0.579536558791751,-0.814946241799921,21.0,7.0,0.0,91.00719424460432,8.723021582733812,7.0,234,15.140854545454545,0.200063458060661,0.277621629553839,0.089183831757037,0.150489750067597,0.225302419893712,0.318657699126949,28.863201993298507,-1.803711622168005,13.521235486383276,3437.9661193069064,977.8564690260928,2682.259897930127,5.795525355845508,53168.91432718929,2.840210698763624,65.79238200123123,854.8514169453588,95.47541520886108,15.532113452198093,0.883373104191481,0.468670415954653,22.41070906770093,0.904685712452599,0.426079525070302,4.9925878736e-05,5.0903317462e-05,25.453193560194382,19.322304064032483,7.641882666505239,-7.3702918213917,-36.850411395289754,13.820886421513825,14.842178854169992,11.45858339189681,11.869722954553138,55.050267928926985,22.04100124740846,9.054438174866059,18.208392083751026,40.148135414823656,80.15704846717243,0.907178753186577,0.420745421563739,0.998473933700707,0.055225028023864,0.999462876397131,-0.032771309158667,0.979567416999475,0.201116074824906,0.91033319732613,0.413876152787263,-0.147806963071447,-0.079549296077487,-0.120542055773645,0.024958356860478,0.023580646327447,5690.401372050602,15122.84064489465,31105.07156428826,57560.325715977844,94392.98022353351,-12.096460781010874,-6.689691229381645,-7.516145730629838,-5.862123803784037,-8.217240038148129,19.375010701860173,0.0017894390804,0.999998398952607,0.538423765446112,0.003221973793248,0.999994809428967,4.395049484705805,0.000862895067365,0.999999627705982,61.58940890005226,0.004602693758332,0.999989407548983,,20.880935935704002,0.0,0.0,20.880935935704002,0.0,,749.1911245106581,162.6823106791233,621.5108122406433,,468.7305288157854,,15.179060356701205,11024.124874346106,3.186091907202088,,0.0,7.43677636984218,1696.270022,6.993347644805908,1088.3621765321122,-607.9078454678877,-35.83791717023504,35.83791717023504,True,0.16245832,0.237691,0.13836052,0.1427918,0.21307318,0.038784776,-0.07645948,-0.075009316,0.09372212,0.13187861,-0.08514268
150,Nelas_16092024,2024,2991,p,2024-09-16 14:20:00,2024-09-16 16:20:00,260.597222,260.680556,sat,1,1,308.75,154.375,1303.795454,814.579993,10868.812601,7364.322729,4.666667,2.0,4,341.9352029483037,-0.086907386421557,-0.996216395260274,21.0,6.0,0.0,40.959409594095945,37.17712177121771,7.0,234,17.816945337620577,0.199030430249871,0.276506270976113,0.089512679725886,0.149612674117089,0.224091501533987,0.317498779296875,30.818139648437523,-1.931005859374977,11.950368731865003,3906.98719848558,979.044375,2397.16943359375,5.389535445226159,53143.761121311676,2.541015625,65.85220919550879,861.1613935873092,95.46155941244022,13.600198218701065,0.857765261968719,0.514041589134317,19.5777045838561,0.88723822633158,0.461311532194885,0.000188620925973,0.000188645688099,27.764083862304688,19.257217407226562,8.175186157226562,-7.305267333984375,-36.7979736328125,12.0969557762146,14.13671064376831,9.615729331970215,28.32362937927246,65.63843536376953,19.037352040870076,18.17594736283599,13.944559064995396,38.99327594214966,75.52482612328902,0.884735361075433,0.466093703950958,0.981716107781951,0.190350948832561,0.996547380116474,-0.083026015097634,0.965021330566422,0.26217137820863,0.885335011397163,0.464953672524892,-0.12074213440922,-0.137966735009151,-0.024681301818581,-0.021444225285186,-0.090575036857714,5576.6171875,15051.74267578125,31057.0830078125,57536.8828125,94386.16796875,-9.633985135223986,-9.282227309704929,-7.131092195357557,-6.044982689040961,-8.220748441151219,14.908083137503914,0.001504195116377,0.999998868697886,-0.244195216257066,0.003732749669012,0.999993033265687,4.581336336379955,0.000805229272289,0.999999675802857,54.95989471859668,0.006004370074331,0.99998197360753,,16.133117675782298,0.0,0.0,16.133117675782298,0.0,,1104.5479492187856,80.69677734374204,604.3013336125509,,464.98618697396955,,13.730268610302304,9520.267486572266,3.045086909305381,1696.270022,160.0,6.703899507992363,814.579993,7.0054545402526855,1101.6311313549459,287.0511383549459,35.23915893118995,35.23915893118995,True,0.21865073,0.24238798,0.1403197,0.08995335,0.040205814,0.12911749,-0.09620626,0.0464958,-0.050932124,0.11236714,-0.10448224
150,Nelas_16092024,2024,2996,p,2024-09-16 22:30:00,2024-09-17 04:00:00,260.9375,261.166667,sat,1,1,1428.5,259.727273,975.443475,1221.83433,7600.273253,11927.963509,16.333333,5.5,4,273.4801027516545,0.39013642489718,-0.920757063490934,21.0,7.0,0.0,74.71930459978269,17.80152118797537,7.0,234,15.67465877437326,0.200842142981046,0.277096751755507,0.090906380528831,0.150751290661894,0.226140174034764,0.317443105604429,20.071895625698662,3.587500456397308,34.37284732925671,1561.7057572543924,979.3707918522405,2359.3586814903792,9.468771979550533,25578.762178489123,2.505717635238337,58.09679319398314,849.8371065767548,94.44498620729092,16.50862166697974,0.89778345181605,0.4404371392665,35.32042444515008,0.90162637926358,0.432515747939942,0.000171644138415,0.000168280570662,20.08741059180161,19.257534178114216,8.246098907637544,-7.36659639566258,-36.43864532970107,30.549972988180006,15.189951282753404,20.90982843616517,34.8299412758792,32.96447212388083,35.671348532672006,39.46701167843044,19.834623212598775,42.68692641724189,63.19313892563451,0.911500644410166,0.411298644831042,0.992582635896301,0.121571834390832,0.527124149385383,0.849788286065851,0.509154858648577,0.860674926969845,0.732720628433883,0.680529558996122,-0.250714463198637,-0.329179260203772,0.100677078961797,-0.071287317613142,-0.03273694688555,5452.150396366738,14831.358304358751,30845.96394400189,57337.068977712515,94245.60089802362,5.197073566762427,-0.90551574442676,-7.0856649241971,-6.096621968555635,-8.103495099229503,57.71144158776187,0.003331148662346,0.999994451708903,0.816953149869429,0.00279878966978,0.999996083380522,4.742881483126088,-0.001784449294052,0.999998407869091,188.1839434883808,0.00607788357594,0.999981529495039,,2.2386252741454,0.0,0.0,2.2386252741454,0.0,,468.24900122657505,31.27011600972137,766.1175596406725,,515.3051309852294,,23.692579230608818,17839.410717004186,1.833896135510493,612.570728,650.0,7.108926664532629,1221.83433,5.967719078063965,389.61369452817456,-832.2206354718253,-68.11239584926587,68.11239584926587,True,-0.1680451,-0.06486825,0.14238028,0.20490837,-0.035160866,0.103014246,-0.12735066,-0.10338333,0.15678734,0.012567887,-0.11315856
150,Nelas_16092024,2024,2994,p,2024-09-16 22:30:00,2024-09-17 04:00:00,260.9375,261.166667,sat,2,1,296.25,53.863636,950.756861,742.185873,9595.612676,6983.168579,10.5,5.5,4,250.08324535472974,-0.669172746809536,0.74310687988161,32.0,3.0,0.0,86.3556338028169,6.073943661971831,7.0,234,15.121279461279462,0.199448722822938,0.275307636515877,0.091872134303352,0.14963828979621,0.224435600784026,0.315444627887803,20.258601076173402,3.469853213375904,33.708328400066044,1594.0529878566788,980.3647217539184,2264.868870614415,9.361055897991509,26792.590407130658,2.612162543537957,58.8858018161456,854.8373434219831,94.54302103088338,16.971701234746288,0.905182430839322,0.42502325454005,36.1564566300123,0.91144879365726,0.411413534707751,0.000167462271246,0.000163400278132,20.21926099899896,19.47980634290465,8.255481255828732,-7.348515125435792,-36.44510583298842,29.679359213490795,14.401529365508244,20.89227618752794,34.60166755173123,32.85221314135578,40.333986066809956,37.72826191768167,20.361926052891967,42.09165041679416,62.799208683268226,0.913532756603248,0.406765168878642,0.995275534079526,0.097090737265273,0.505196823989024,0.863004153542382,0.522046816325352,0.852916831563643,0.737497563805184,0.675349793352614,-0.269655500672038,-0.299228753482545,0.117250262090252,-0.079708410564566,-0.03773534195848,5439.29556130406,14831.743733097048,30850.342201065392,57342.73409696652,94252.00532866,4.004445739643876,-0.806852469041616,-7.222655776810147,-6.093225115023638,-8.110335832810046,71.77985826409387,0.002116612927428,0.999997759972349,0.773699757053423,0.002526355297655,0.999996808759363,4.509030223644007,-0.001813582655091,0.999998355457624,190.84571545729173,0.005912870224187,0.99998251883006,,2.4127474297438,0.0,0.0,2.4127474297438,0.0,,475.8860107603295,28.25435870219485,763.4703237956661,,514.3262854259195,,23.807115154420188,20170.37391230382,1.854080222028933,1180.184864,650.0,6.610946178976665,742.185873,6.207889556884766,495.6519887015335,-246.5338842984665,-33.217269860169715,33.217269860169715,False,-0.17623322,-0.08222837,0.14238028,0.20359436,-0.046684403,0.019809475,-0.12262888,-0.10338333,0.14984128,0.012567887,-0.099911176
150,Nelas_16092024,2024,2998,p,2024-09-17 04:00:00,2024-09-17 11:40:00,261.166667,261.486111,sat,1,2,560.5,73.108696,534.988781,538.050224,5170.325754,5360.792618,7.666667,7.666667,4,207.43055087601078,0.350016902268971,-0.936743384351357,21.0,4.0,0.0,43.62084456424079,56.289308176100626,12.0,223,17.398877005347593,0.201278924500802,0.276521812483059,0.092379777690933,0.150841190319985,0.226577347354499,0.316332864325523,18.965946514912115,6.214107100577296,43.61337122031634,1261.3589351005378,983.0879321886663,1944.4394476875095,10.817597092031178,22603.691206784904,2.39098691936602,56.117914482737284,846.5466274334443,94.3844759150952,17.82163339704299,0.922419132826672,0.386190294278987,32.9782594457711,0.910386294076549,0.41375934497914,0.000585347110318,0.000575407015448,17.272044980174435,17.420782366302106,6.638808527570067,-7.568318119662033,-36.27186024187691,43.734455706848294,19.44052597907985,26.74955769843885,28.66622855283023,41.933622338186254,34.8448224303174,14.120445766653225,25.97855492624547,53.31423167974671,74.00552981797117,0.910664126923147,0.413147489324698,0.999751583512674,-0.022288366111081,0.19167452071358,0.981458546301992,0.492714324804658,0.870191125059484,0.49204717519451,0.870568536867203,-0.241302006349092,-0.052705250322447,-0.019152447344692,0.045644702489639,0.235608642945439,5371.340895615215,14687.783602805815,30597.35151707684,57032.872316285444,93900.84017331152,-4.119180481261347,0.162294099099707,-6.938010528704419,-5.547759611324707,-8.00077811665904,41.93107619270317,0.001062074417312,0.999999435998807,2.278440527034379,0.009126960853892,0.999958348425359,6.170957222895904,-0.001983004416184,0.99999803384481,138.58428428787136,0.003746936050578,0.999992980210478,11265.657983583122,13.3289543764324,0.0,0.0,13.3289543764324,0.0,,436.58238754360883,69.62951336032322,812.5811764013474,,569.7140258435527,,23.658691611765985,17427.860595553564,1.38773037903968,1221.83433,980.0,6.289808746530908,538.050224,5.97475004196167,392.3697628671285,-145.68046113287147,-27.07562503177612,27.07562503177612,False,-0.3277164,-0.07674427,0.13688065,0.071110114,-0.018359676,0.13592987,-0.14253324,0.011440931,0.1566469,-0.021471,-0.11161985
150,Nelas_16092024,2024,2999,p,2024-09-17 11:40:00,2024-09-17 14:00:00,261.486111,261.583333,airb,1,3,775.25,332.25,1856.431031,1631.936862,17237.907529,13327.484373,2.333333,2.333333,4,203.30463938411668,-0.788032316644261,0.615633874899911,32.0,5.0,0.0,31.725049570389952,63.31791143423662,12.0,223,19.106494178525224,0.2009688224556,0.276616038940516,0.092121092567344,0.150567717524419,0.226251562910775,0.316641021207666,26.74907637611187,6.056546888154855,26.86245973848862,2573.2531058393447,978.686918322142,2118.4271587718645,7.794661967346289,34728.22247041689,1.118258735321075,56.091316555472,845.4732696594305,94.34570813017415,13.651078035748258,0.949392574918755,0.31409192713143,21.42396553648526,0.943407791800808,0.331634947449032,0.00010301661472,0.000106715893649,23.10430769791478,15.597985824458135,7.361468353815986,-7.886377993121418,-36.33046630953361,28.809441325563288,24.64528206257897,5.448416579523067,22.073509654873266,45.7501387416767,20.850984211583388,19.148228529068902,19.044603895649033,46.355284951322375,113.6289691874939,0.943484862971548,0.331415620246781,0.982162569146956,0.188033741032427,0.468384940295128,0.88352450317166,0.202749866526973,0.979230561013745,0.462984715229277,0.886366263721756,-0.142024487122882,-0.068809468077704,-0.04308780351258,0.274955240374764,0.126552599976158,5191.991166997199,14535.386363935366,30406.952566574317,56790.82771023458,93571.67660908632,-9.429124210613358,-8.190487796789432,-5.300054126072095,-5.954151618667016,-7.928458389605443,14.153872695082782,0.001557086596202,0.999998787739931,1.019065594940616,-0.0046316540388,0.999989273832907,5.635861951217787,-0.003270233535904,0.999994652772014,57.40050655524806,0.005427237832461,0.999985272436304,,1.4285758512249,0.0,0.0,1.4285758512249,0.0,,1065.9370215562521,257.0908901906587,721.208421075726,,599.4309071826483,,16.880679665228087,10442.34197880261,1.710995659598489,538.050224,1440.0,7.398135428414061,1631.936862,6.833938121795654,927.8415103110104,-704.0953516889896,-43.14476669312404,43.14476669312404,True,0.18779784,0.10025513,0.09261955,0.13837264,-0.017330837,0.1495774,-0.11265046,0.1302133,0.10965008,0.078964345,-0.19802274
150,Nelas_16092024,2024,3000,p,2024-09-17 11:40:00,2024-09-17 14:00:00,261.486111,261.583333,sat,2,3,58.0,24.857143,321.527543,338.747235,3249.765959,2953.503767,2.333333,2.333333,4,268.3428782188841,-0.177702723525916,0.984084214918353,22.0,1.0,0.0,83.06010928961749,0.0,7.0,234,15.267142857142858,0.200717417508365,0.27603489792677,0.092722016572953,0.15028363565604,0.225926823417347,0.315885416666667,26.97101236979169,6.251123046875023,26.870046438477914,2606.172340602879,981.4870833333333,1845.6981201171875,7.773484985776872,34984.7098326739,1.156539916992188,56.12949885797773,847.1277107597754,94.40674660302948,13.580304364956834,0.948853385546227,0.315717045370475,21.284578589052252,0.944437392555914,0.328691362135038,3.4784193287e-05,3.6160912305e-05,23.178456624348957,15.716461181640625,7.40338134765625,-7.894032796223958,-36.325408935546875,28.75049082438151,23.71024481455485,5.526882171630859,22.13697687784831,46.146775563557945,21.159994967056555,18.220267504186612,19.07985792280474,46.05642866049056,113.29362779742958,0.944854856501879,0.327489389362179,0.982274643115957,0.18744739393072,0.475829571722371,0.87953750271066,0.20191427835165,0.979403197971975,0.465143691110293,0.885235192827473,-0.145407204914088,-0.059086677828098,-0.044463550056853,0.268555396599421,0.102434426252202,5189.147135416667,14535.1318359375,30408.75390625,56795.088541666664,93577.76302083333,-8.903726772672306,-8.142121220423567,-5.349320660281504,-5.973507413032038,-7.924915018273853,14.200784921761796,0.001561445227498,0.999998780943658,1.055517742469277,-0.004546909349076,0.999989662754256,5.569684359559087,-0.003261374863682,0.999994681702857,56.84433049404188,0.005647603357524,0.999984052160991,,1.3985188802088,0.0,0.0,1.3985188802088,0.0,,1066.5415893554843,259.5414184570426,723.0891985370814,,601.1773216665553,,16.901362547445228,10596.367200215658,1.689714612355511,187.978663,1440.0,5.828201914661124,338.747235,6.354207515716553,573.9065556722704,235.15932067227044,69.42029229324055,69.42029229324055,True,0.19489174,0.076127365,0.15051757,0.15589632,-0.02109149,-0.10403207,-0.10048715,-0.11439814,0.017016985,0.07560644,-0.18789198
150,Nelas_16092024,2024,3002,p,2024-09-17 14:00:00,2024-09-17 16:20:00,261.583333,261.680556,sat,2,3,352.75,151.178571,653.905933,630.062627,6103.570804,5361.832955,4.666667,2.333333,4,240.87909544159544,-0.993518590896888,0.113669738902934,21.0,4.0,0.0,99.7134670487106,0.143266475644699,7.0,223,14.818563218390807,0.199271723526007,0.275177945698039,0.092268049034375,0.149320988226361,0.224243823008423,0.315339968011284,28.064842666264727,4.929311731954169,22.924150687951414,2920.310691683279,977.1927328747174,2122.327862861072,7.135351925559017,29697.212912759194,1.012176367236869,57.192806325865924,853.0647085892168,94.35895903545885,10.188349455258365,0.94339128099892,0.331681912282261,17.22575305498857,0.978008424659665,0.208565388534918,0.00200507083208,0.002179783086496,24.74475885325815,15.292150878551745,7.267798144078005,-8.826270573258766,-36.64695451883946,24.196054566311716,36.182028831679865,4.230169900655835,25.884242582553764,25.660752012318028,16.83784624794888,20.763274323000353,11.853053075898893,48.87335352266914,113.24612678980199,0.980319710377567,0.197416477137149,0.998197878697798,-0.060008290787329,0.212919497386525,0.977069745531336,0.132834688179498,0.991138207121618,0.407501405278484,0.913204579870283,-0.115260751053522,-0.095810537810288,0.039783941771585,0.226694924407169,0.024653943571541,5083.454463322374,14467.71503294919,30313.243015167925,56648.88778613571,93326.19568392797,-7.143806909553938,-10.31416871936173,-5.163529849963358,-6.284594107515787,-7.754691680718388,11.837257634959792,0.003145773497391,0.99999505204231,-0.443034162573803,0.002290016138369,0.999997377909605,6.664878036947026,-0.003860798433537,0.999992547089955,45.04278140841698,0.008817983344537,0.999961120829073,,0.0,0.0,0.0,0.0,0.0,,1515.3516202247185,176.2109811950778,694.8446020638452,,593.1316124135188,,15.203026234587947,8424.414476035958,1.553571619329732,265.742857,1580.0,6.447405108012415,630.062627,6.006260395050049,404.96233933883053,-225.1002876611695,-35.726652877820904,35.726652877820904,True,0.20472562,0.08380987,0.110351525,-0.008493958,-0.023131486,-0.07843435,-0.1314131,-0.12024514,-0.032885496,0.1538941,-0.17448366
110,Nelas_23082023,2023,2645,p,2023-08-23 12:25:00,2023-08-23 14:05:00,235.517361,235.586806,airb,1,1,196.0,117.6,1788.813545,1788.813545,14938.872957,14938.872957,1.666667,1.666667,4,367.26356960408685,0.635709110389163,-0.771928705884306,21.0,7.0,0.383141762452107,98.33971902937421,1.277139208173691,6.0,234,14.317587939698491,0.201045850828291,0.274602140960603,0.094862458109856,0.153562854230404,0.225218443572522,0.313520812988281,37.41469726562502,13.422265625000023,24.022175941727703,4863.787757574468,970.188125,3185.703125,6.34750184962901,42326.44498853353,3.536392211914062,53.852577450408894,717.220304653093,96.00972014089245,8.636560900311947,-0.644107345349953,-0.76493511336991,9.64430861326269,-0.38443285672437,-0.923152955187135,0.007348013584542,0.007351131592677,34.07350158691406,24.769088745117188,11.696304321289062,-7.915634155273438,-36.77690887451172,23.990436553955078,35.33595085144043,39.39803123474121,44.932437896728516,70.4111557006836,8.355922415056211,9.769874857775365,26.673470524241623,45.35098602886268,67.16789489356333,-0.509443760162445,-0.860503954221914,0.055884804502836,-0.998437223177141,0.743396306341379,-0.668851202972675,-0.108119830792355,-0.994137868803635,-0.338592878533917,-0.940932974555635,0.052396098123276,0.170914014720431,0.003707574280563,-0.05852448006015,0.022404786151303,5535.086669921875,15233.3857421875,31526.69140625,58132.74609375,94874.7109375,-8.087650571365907,-10.152466297309829,-8.412106848764983,-7.658291706807289,-8.044744241298826,2.394968724217436,0.00533537433657,0.999985766789052,6.953007354035622,-0.008392578899128,0.999964781689546,7.125727079906064,-0.001147111688466,0.999999342067171,19.932045083333435,-0.013013261164641,0.999915323931912,,2.5500488281249,0.0,0.0,2.5500488281249,102.20000000001598,,1798.8974365234435,422.7090820312494,686.1274318851241,,675.5358143599174,,8.232345212156872,11596.228981018066,1.36863863984253,,0.0,7.4898667286048015,1788.813545,6.994817733764648,1089.964813560772,-698.848731439228,-39.06772359772287,39.06772359772287,True,0.22515294,0.123258,0.1377038,-0.060693562,0.13856933,0.02375997,0.031039122,-0.080666326,-0.15132509,0.115071125,0.23992203
110,Nelas_23082023,2023,2647,p,2023-08-23 14:35:00,2023-08-23 16:00:00,235.607639,235.666667,airb,1,2,91.25,64.411765,297.535563,298.946782,2620.871309,2563.771937,1.416667,1.416667,4,319.99107752732243,0.738371428374047,-0.674394271743814,21.0,7.0,4.166666666666666,78.88888888888889,16.38888888888889,6.0,234,13.732380952380952,0.200779615201057,0.274431184349279,0.095756263285876,0.153247295320034,0.224853812158109,0.313400268554688,37.11513671875002,14.136987304687523,25.58056188695045,4687.696938834246,969.7646875,3185.703125,6.586281620976358,44668.266781178594,4.009719848632812,53.852577450408894,717.220304653093,96.00972014089245,9.434004993724393,-0.975123445888284,-0.221662503096393,12.494792015783279,-0.8817758780822,-0.47166863456495,0.008902039370598,0.008930197463724,34.5247802734375,25.198944091796875,11.17950439453125,-8.0643310546875,-36.49305725097656,25.32417869567871,37.606937408447266,47.75797653198242,48.36569595336914,62.088348388671875,12.202898580958758,9.648534930991639,23.62536335919291,43.131959880174065,66.02742938051854,-0.937796161122196,-0.34718634792352,-0.737657790762329,-0.675174780132996,0.661091440906392,-0.750305342350906,-0.220005420375511,-0.975498649412389,-0.383857489664647,-0.923392347611975,0.095427554894301,0.220597842471988,-0.08064376334425,-0.072980275555504,0.000981087259358,5475.447998046875,15191.23291015625,31484.8486328125,58095.232421875,94876.8828125,,-10.175842273788692,-9.021262867171288,-7.514550670451999,-7.92417637751149,9.849254182442976,0.009386023474538,0.99995595031148,5.001127196912776,-0.01171739253461,0.999931348999615,6.270011542281549,-0.002867682148463,0.999995888191094,27.174360641211152,-0.003389566457671,0.999994255403114,3256.5181884765507,0.032958984375,0.0,0.0,0.032958984375,285.1500000000232,-363.778124999986,2098.7830322265772,142.28330078124168,695.9012994195989,,698.0686386270113,,8.469063502576432,14827.355003356934,0.957952852585069,1788.813545,130.0,5.703605065586809,298.946782,6.91681432723999,1008.1002056238306,709.1534236238306,237.21727957045903,237.21727957045903,True,0.22279164,0.12011238,0.13650882,-0.07368543,-0.019909523,0.03891678,0.023941986,-0.15468685,-0.12118986,0.10326985,0.2461048
110,Nelas_23082023,2023,2648,p,2023-08-23 16:00:00,2023-08-23 18:00:00,235.666667,235.75,airb,1,2,226.75,113.375,553.798067,823.004003,4276.236448,7295.168448,3.416667,2.0,4,308.3217794759825,-0.478296774132902,-0.878198266824787,21.0,7.0,0.0,86.52792990142387,13.362541073384445,7.0,234,14.89698275862069,0.200629926929872,0.274339473374712,0.095863271752994,0.153099848826726,0.224678513407708,0.313339233398438,35.92283528645836,14.683414713541689,28.366765810364754,4238.530899199479,969.7370833333333,3185.703125,7.078863089943042,40016.196111320554,3.793777465820312,53.852577450408894,717.220304653093,96.00972014089245,9.39697466159719,-0.995422624673838,0.09557090711847,16.53447407563191,-0.999995189179794,0.003101873187047,0.007582930235951,0.007748999012944,33.237813313802086,24.83856201171875,11.251007080078125,-8.087025960286459,-36.27544148763021,31.276177088419598,41.10525258382162,49.7403933207194,43.426265716552734,50.92315800984701,17.297359097311624,9.761079854376158,21.36148544685561,41.83961897984514,67.97774526103892,-0.995999601359987,0.089357675052265,-0.924329325139794,-0.381595726766709,0.547369086746732,-0.836891320826097,-0.227152885352949,-0.973859110280245,-0.411834386920578,-0.911258710657819,0.132156054727185,0.166018709302345,-0.173194075866113,-0.042525937290367,0.024702691946392,5468.064290364583,15159.925455729166,31461.125,58065.16015625,94890.1484375,,-9.164803541817983,-8.743352616607586,-7.551334011983253,-7.857192576936949,22.26212379233928,0.007836806556527,0.99996929176,3.19050106634801,-0.013683013038861,0.999906383195036,5.527507252078155,-0.004324755124672,0.999990648202828,45.6685488201958,0.002138949466267,0.999997712444974,2830.885058594017,0.0,0.0,0.0,0.0,508.40000000001265,-242.18541666665735,1412.1294270833403,679.3534912109474,713.3101858303426,,681.1912030864322,,9.752368196437041,21160.742950439453,1.451328054547423,298.946782,215.0,6.71417538790738,823.004003,6.912045001983643,1003.2989370337244,180.29493403372442,21.906932818858284,21.906932818858284,False,0.19907892,0.1013966,0.14206044,-0.062653,0.012551515,0.040948987,0.045781203,-0.094934,-0.039675638,0.1122706,0.26223347
110,Nelas_23082023,2023,2649,p,2023-08-23 18:00:00,2023-08-23 19:00:00,235.75,235.791667,airb,1,2,210.5,210.5,673.935516,1556.883976,4936.111262,12985.998073,4.416667,1.0,4,393.912132793765,-0.292330814490832,-0.956317256405596,21.0,7.0,0.0,95.0920245398773,3.558282208588957,7.0,234,14.003365853658536,0.200538129277528,0.27428475793928,0.095831836014987,0.153016145527363,0.224578486382962,0.313304138183594,33.09865722656252,16.439477539062523,37.50939190332064,3192.1797245424473,970.0699999999999,3185.703125,8.586392792388713,28760.45550766583,3.452812194824219,53.852577450408894,717.220304653093,96.00972014089245,8.811565874307332,-0.981842356616975,0.18969867356633,16.32665795535825,-0.965625747001431,0.259936370536962,0.000153284385028,0.000155547855186,30.524932861328125,24.3604736328125,11.454849243164062,-8.14801025390625,-36.21868133544922,41.88773155212402,43.961509704589844,47.10472106933594,38.17597198486328,39.354434967041016,16.396716137445832,9.791603990361413,19.04072133327985,41.97965057466538,69.28477282734544,-0.956226712402607,0.292626851959458,-0.941028466265316,-0.338327394218008,0.36450291631208,-0.931202246560858,-0.256385558770744,-0.966574593734914,-0.423037576835052,-0.906112139078562,0.104019593405132,-0.007501790562586,-0.145130531183,0.009365940660611,0.027392923211741,5507.147705078125,15153.015625,31458.3564453125,58048.0703125,94889.5,-3.072427970519648,-6.726320684901926,-8.304542306830086,-7.654746444138105,-7.824372683792404,25.817872270533044,0.007502587878563,0.999971855191497,3.107515442756013,-0.01393929250562,0.999902843342513,5.935292325950639,-0.005056733977583,0.999987214639007,61.06896331797364,0.011982070058897,0.999928212421824,,0.0,0.0,0.0,0.0,729.4749999999954,,535.7262054443356,266.4163879394521,762.175289990569,,679.6410777184519,,11.802045974059453,18455.98430633545,1.805956399223135,823.004003,335.0,7.351083753824558,1556.883976,6.981438159942627,1075.4653836948612,-481.4185923051389,-30.92193122457436,30.92193122457436,False,0.2705336,-0.035508007,0.16493288,0.15846165,0.0074591986,0.023291329,0.03007273,-0.15760492,-0.043025807,0.039909445,0.2707308
51,Nisa_01082019,2019,1785,p,2019-08-01 14:30:00,2019-08-01 16:30:00,213.604167,213.6875,"airb,fops",1,1,374.75,187.375,1813.607593,1813.607593,10475.537283,10475.537283,2.0,2.0,5,307.1185402684564,-0.613864449010467,-0.789411450538359,24.0,2.0,0.0,0.0,10.716771050800277,16.0,232,9.232213333333332,0.195126218703846,0.229275653028863,0.116098199117032,0.161801620414116,0.212529172887068,0.247344136798714,31.218025636958494,7.487681136408336,22.819477618090033,3504.8793567962825,980.7621799788386,2691.8320462580386,6.806007437128216,59530.411977276766,0.88415592233912,57.947842348175016,878.7298432938945,95.40859104781505,16.974890534040675,-0.932496393003546,0.361179286553613,22.96920244998371,-0.944578889276273,0.328284513697497,0.000931743934963,0.000931949069618,26.377608586649437,17.13630528368991,9.367993439011673,-8.291420824925513,-37.08719364921593,27.741524654147533,40.41677715361689,14.26575923097651,9.850032476617915,47.88774159233981,24.64129137086186,19.86851038272772,26.168939070272714,49.01577088837725,77.56474285691453,-0.939589155817017,0.342304277319267,-0.971022486165266,0.238988140629248,-0.963470295245239,-0.267815216483404,-0.991759764407386,-0.128111551792206,-0.995032128196222,0.099554326160626,0.03875007849249,-0.092878597524019,-0.032874078067006,-0.038642690293741,0.060050399299952,5485.568071244368,14930.448406082243,30888.753771760057,57370.09841608139,94045.37640860441,-18.29051481311799,-10.083604620922607,-4.998772040702255,-6.895847953337501,-8.026486350845197,26.530600496999757,0.001826894428537,0.999998331226981,3.130352699835218,-0.003776562210752,0.999992868763507,5.928073996642493,-0.001479475462643,0.999998905575579,59.578033279262385,0.00255898210358,0.999996725799937,,0.0605643396223,0.0,0.0,0.0605643396223,0.0,,1721.8117477375868,145.6742802766214,692.9960669420353,,607.7820035729279,,13.746731606530886,12327.07472236582,1.367987356848245,,0.0,7.503624521120028,1813.607593,7.0368170738220215,1136.7604297170303,-676.8471632829696,-37.320485748703504,37.320485748703504,True,0.23079008,0.35300836,-0.06213694,-0.014774013,0.18701123,0.02410364,0.032289013,-0.14702043,0.16555178,0.14108855,-0.069345884
93,Odemira_05082023,2023,2519,p,2023-08-05 14:50:00,2023-08-05 15:10:00,217.618056,217.631944,airb,1,1,1.25,3.75,503.724871,503.724871,6597.396572,6597.396572,0.333333,0.333333,4,83.93165893554688,0.942422314685386,-0.334425149746605,21.0,2.0,0.0,0.0,0.0,0.0,236,23.0,0.094263401230327,0.099480723149546,0.047220208495854,0.086422671256582,0.101123924544076,0.102241210937493,30.552998046874393,7.382871093750623,23.51107821143933,3343.0872629531227,1005.8051999999999,855.2595825195312,6.965184675645431,54943.65042984961,-0.310699462890625,43.35939734835004,1082.0825777187513,91.63147579847755,16.435003369105903,-0.294096089078492,0.955775857818524,22.835923041002953,-0.153782555461393,0.988104713902208,,,30.30670166015625,21.636871337890625,16.258270263671875,-3.2960205078125,-33.58732604980469,16.137441635131836,22.84202003479004,12.637734413146973,16.15064239501953,27.117633819580078,20.19920616738191,32.71662277738068,25.2825880999167,16.932040376225956,11.52606984687318,0.413083692508994,0.910693067385019,0.858998880144525,0.511977464260345,0.972537402453051,0.232746645152778,-0.550416449000065,0.834890251871561,-0.716567889137228,-0.697517354807332,0.289818526686177,0.115433872305607,-0.132346875742801,-0.010895921431857,0.018985432075661,5729.47216796875,15310.2578125,31633.4609375,58647.8671875,96068.796875,-0.543900471420156,-9.460044566680905,-3.46103519084582,-7.635780778464134,-8.44334868057402,8.312550929476311,-0.212615737130075,0.977135890408614,3.026526528710625,-0.027751098772397,0.999614864093629,0.090630499501678,-0.000904937202985,0.999999590544245,71.121329687745,0.027943817366708,0.999609495288523,,0.0,0.0,0.0,0.0,0.0,,891.909898681393,,716.2186032207543,,509.66208256404957,,21.12736504042377,10099.602699279785,1.938286086036988,,0.0,6.2240134709115305,503.724871,7.304579257965088,1486.0941471881038,982.3692761881038,195.02099910967146,195.02099910967146,True,0.3341517,0.24351895,-0.065073065,0.11567326,0.14887238,-0.104944766,0.0050328854,0.002582775,0.18632604,0.15129188,-0.07074372
93,Odemira_05082023,2023,2520,p,2023-08-05 15:10:00,2023-08-06 00:00:00,217.631944,218.0,airb,1,1,55.5,6.283019,137.493394,126.043365,1399.081218,1209.95188,9.166667,8.833333,4,52.6718219739819,0.988866064594253,-0.148808287047044,21.0,2.0,0.0,0.0,0.0,0.0,236,12.927962962962964,0.094200969024699,0.099448121310445,0.047220796760584,0.086389582228273,0.101046806921557,0.102224392361104,26.937408854166215,10.167619357639264,36.019868227447034,2326.527383209756,1005.2374555555554,855.2595825195312,9.002921457061282,44365.17841141618,0.78759765625,43.02986951656607,1083.0358094640978,91.60047922965629,18.529744734093082,-0.191406304395157,0.98151088971941,29.786213756630435,-0.039647510368392,0.99921372834924,0.018545855591128,0.019825386581462,31.685082329644096,23.37893337673611,15.80373806423611,-3.31101820203993,-33.84056260850694,15.366091516282824,20.46735276116265,14.105567508273655,14.02957926856147,26.198677486843533,33.08747220547572,33.493935988191005,14.624597325708656,10.741828132715897,15.88142470855087,0.524407727099256,0.85146728402129,0.918111566919588,0.396322029022434,0.799253691996967,0.600993790175254,-0.87038164679542,0.492377689301305,-0.715333783309163,-0.698782926563464,0.093156535434183,0.018047128757769,0.010832549050475,-0.005302324189216,0.016907866434681,5676.773980034723,15310.217881944445,31689.914713541668,58663.50434027778,96068.66753472222,10.48436753729758,-9.063215351539387,-4.874504948835791,-7.464146370161491,-8.509754989778372,33.84592154825264,-0.160617072687804,0.987016796190014,-1.315273250472897,-0.022814757502714,0.999739709544486,-1.247345257627678,0.001668846914693,0.999998607474018,129.6321393115455,-0.108878659961694,0.994055047472194,,0.0,0.0,0.0,0.0,0.0,,329.13554090702604,87.24439437862573,786.6637665706226,,543.0317940274003,,24.033624479122924,17103.228780958387,1.764711992699343,,20.0,4.844528484868435,126.043365,6.212473392486572,497.93378546433144,371.89042046433144,295.04958112180793,295.04958112180793,True,-0.4581863,0.2300617,-0.068758324,-0.06028887,0.20544769,-0.09981085,-0.047182642,-0.16602874,0.15054478,0.0541823,-0.06385919
93,Odemira_05082023,2023,2521,p,2023-08-06 00:00:00,2023-08-06 11:45:00,218.0,218.489583,airb,2,2,44.25,3.765957,94.482119,29.496231,882.489233,326.89653,11.75,11.75,4,64.98319227430555,-0.802956425829626,0.596037732210732,22.0,7.0,0.0,0.0,0.0,0.0,236,17.360851063829788,0.127343887014682,0.133619015066779,0.067108246535061,0.116040602922435,0.136496921032662,0.136939188639316,25.87054850260419,9.000268554687523,36.58274107830106,2259.4116548057928,992.5082812500001,1969.2518310546875,9.185032454231923,19014.10365014824,1.641743977864583,52.685617671720614,1137.1289237888202,95.88935034561833,8.299108545820678,0.523757197592217,0.851867594154366,16.040322977326447,0.771284133363893,0.636490994139829,0.142569341391047,0.280701024456963,30.994888305664062,24.211278279622395,14.927790323893229,-4.115956624348958,-34.34027353922526,15.903860807418823,17.71637185414632,17.799843311309814,15.752931435902914,22.251530011494953,26.088647822021358,20.86592388197914,6.712525488985016,15.681376996043866,30.954280728165976,0.968776286191282,0.247936498550388,0.99714619938791,0.075494748467992,0.393560165539519,0.919298861143919,-0.996964597039226,-0.07785622807723,-0.674229059308074,-0.738522291867043,0.000113001939601,0.018033555549104,-0.049717945090265,0.013988460549711,0.01728685097342,5649.4841715494795,15287.030354817709,31653.056640625,58542.549153645836,95808.45442708333,14.961798774156435,-7.401904164667394,-5.973761218801484,-7.436417847962904,-8.424676380841403,52.04478948567772,0.023054005176231,0.999734221103456,-0.889856753504491,-0.000596253513814,0.999999822240858,1.303634588614756,0.011852539706469,0.999929756184156,93.63983508290848,0.028318879425643,0.99959894010952,,0.0,0.0,0.0,0.0,0.0,,177.56790888466756,124.64215209960051,776.6958151724403,,536.9010460061714,,23.83818549336185,13480.878790219625,2.030060036722551,,550.0,3.4176031022070066,29.496231,5.203313827514648,180.87394323454976,151.37771223454976,513.2103563826502,513.2103563826502,True,-0.51908964,-0.13500342,-0.0846884,-0.19661173,-0.056009986,-0.080067694,-0.1377073,0.0074208057,-0.01704617,0.033622295,-0.08299612
93,Odemira_05082023,2023,2522,p,2023-08-06 11:45:00,2023-08-06 14:30:00,218.489583,218.604167,sat,3,3,336.75,122.454545,1064.793527,1064.793527,10487.327885,10487.327885,2.75,2.75,4,119.2074074074074,-0.81574040183124,0.578418185070462,22.0,4.0,0.0,0.0,65.9071729957806,20.0,223,17.16722713864307,0.12494154579937,0.132767863794382,0.062729262411592,0.113487328092253,0.134330775737758,0.136908772786452,34.15875651041669,8.025455729166689,20.05655116516076,4280.246289795374,992.4047916666667,1969.2518310546875,6.141702205089874,36704.62283330864,1.688959757486979,52.68561767172062,1137.1289237888204,95.88935034561833,8.421968973733374,-0.993349740357786,-0.115135977570519,4.407473215314024,-0.995206434354259,-0.097796487768637,0.017053322373076,0.018627992870958,32.18616739908854,24.759541829427082,15.381622314453125,-4.78753662109375,-33.834442138671875,17.951908111572266,18.62216059366862,17.259502410888672,17.459715525309246,14.793658574422201,3.896196057001396,22.808073945260073,4.445383569235383,15.6478456118094,25.458083446571933,0.812071175186882,-0.58355840018853,0.943496362066246,0.331382882430216,-0.705459749138387,-0.708749985781731,-0.580339686304605,-0.814374513660559,-0.976138267188088,-0.217149909811257,0.173440458842368,-0.003441993721527,-0.032076024258615,0.029054603033972,-0.00454401209665,5641.444498697917,15298.176432291666,31686.39453125,58532.165364583336,95772.50260416667,-8.824258123263485,-8.103527549855187,-6.034526266285535,-7.875881458325384,-8.096486664683775,-2.194218562444032,-0.089335382594056,0.996001601111551,-0.438488629764638,-0.003795996213936,0.999992795180417,1.849534693238453,-0.002900048215663,0.999995794851332,-4.466401907601775,-0.075880343517033,0.997116930689544,,0.0,0.0,0.0,0.0,0.0,,821.5268229165522,264.5882910155808,678.3728065890351,,528.4441595580643,,15.523361488254201,2485.2837721506753,2.434944950488025,,1255.0,6.971474896472124,1064.793527,5.9325785636901855,376.12570379546514,-688.6678232045349,-64.67618423121151,64.67618423121151,True,0.17936704,0.10185959,-0.08179001,-0.03312501,0.0037490288,0.15266454,0.08518297,-0.029765142,-0.2198489,0.12077617,-0.009888934
93,Odemira_05082023,2023,2524,p,2023-08-06 14:30:00,2023-08-06 17:00:00,218.604167,218.708333,airb,3,3,380.75,152.3,882.108849,717.181357,8802.102513,7045.759981,5.25,2.5,4,171.6240375163827,-0.317188887004853,0.94836238324842,22.0,7.0,0.0,0.0,80.7171853856563,20.0,222,17.957927461139896,0.124782024536526,0.132696965940403,0.062612342635788,0.113406732082363,0.134144092798228,0.136884765624994,32.48492838541669,10.146223958333357,25.5147896801043,3643.608407548671,991.6727083333334,1969.2518310546875,7.040488978592307,57854.38316482529,1.874160766601562,52.68561767172062,1137.1289237888204,95.88935034561833,15.731741887970513,-0.915418988975294,0.402502266606601,19.35857804209091,-0.86307941616612,0.505068234390512,0.011120770561,0.011420464327902,31.727579752604168,25.450714111328125,15.702392578125,-5.040568033854167,-33.15050252278646,20.06620915730794,21.569281895955402,15.613911310831705,13.391451835632324,14.306500116984049,15.563867239905502,23.83890676041031,16.160085912611507,19.188843597357955,22.010043543038165,-0.752787441425703,0.658263676676561,0.869946562152354,0.493146001706696,-0.905775398453022,-0.423758100285138,-0.565175510763591,-0.824970691620687,-0.928007130283263,0.372562432544431,0.154217325389659,-0.024904570431732,-0.061865367117748,0.002169827231718,-0.055990343230279,5561.27783203125,15236.736328125,31663.501953125,58499.264322916664,95759.05208333333,-5.520909270559166,-6.848972413340412,-6.272873450276619,-8.099946031300924,-7.835316901383684,1.450676658614642,0.010122797830397,0.999948763169436,0.284472635913716,-0.005649076759812,0.999984043838581,0.694874361154575,-0.004608459736438,0.999989380993047,44.6130299991321,0.013392955815612,0.999910310345143,,0.0,0.0,0.0,0.0,0.0,,484.47403645828103,53.20953613280892,716.1245791832557,,553.1814908017444,,16.510573718348223,7975.342750549316,2.348257765359071,1064.793527,1420.0,6.576722123504638,717.181357,6.903828144073486,995.0805662012472,277.8992092012471,38.748805513254176,38.748805513254176,True,0.15536672,0.38369384,-0.083027035,-0.05074961,0.0043478366,0.0024493004,0.09666587,0.03500933,-0.06825659,0.12960738,0.009896349
93,Odemira_05082023,2023,2525,p,2023-08-06 17:00:00,2023-08-07 02:00:00,218.708333,219.083333,"sat,fops",3,3,1044.75,116.083333,501.313029,293.760341,4506.527122,2847.257232,14.25,9.0,4,209.2825748502994,-0.907909777783892,0.419165641965564,21.0,4.0,0.0,0.0,80.64985451018428,20.0,223,18.250953757225435,0.124606393148895,0.132629927065127,0.062354571163652,0.113312645256515,0.133952663421626,0.136875183105462,26.788989257812524,13.496264648437522,45.199803533672664,2000.876655902537,990.9476874999998,1969.2518310546875,10.41472630496732,17489.183890866814,2.228034973144531,61.76201741988065,1139.7560837629198,95.02392006993156,4.519422180764317,-0.936550841782675,0.350531768540546,10.308808455393645,-0.249285216234441,0.968430111555267,0.402050532402627,0.553855798085785,32.23310546875,26.54398193359375,16.087911987304686,-6.139141845703125,-32.86444244384766,20.579656028747557,18.432364749908448,18.340545463562012,18.926262283325194,13.000550651550293,25.50449187301216,21.344490974479278,23.000970821257287,30.461966307904135,25.66394134296145,0.302041010879993,0.95329493219391,0.985442558617491,0.170008716439518,-0.906000925532424,-0.423275705580171,-0.699774991585679,-0.714363325732265,-0.838785226157348,0.544462436151629,0.056445881618667,0.04203880204478,-0.028060540278767,-0.015207670625223,-0.070097819691993,5514.481591796875,15219.82421875,31686.850390625,58501.833203125,95762.79609375,15.946462625290177,-6.207660379432559,-6.728297106010655,-8.679471549408948,-7.449366328251271,63.23963426871952,-0.040577892995286,0.999176378123534,5.371313976322488,0.004119506372117,0.999991514797626,4.031049572171481,0.000971702124851,0.999999527897379,64.4823284060762,-0.084639029690864,0.996411679303785,,0.0,0.0,0.0,0.0,0.0,,131.34277824400243,43.22287007649206,816.3934786133192,,590.5323966682142,,20.948787124239907,15202.391815185547,1.662986937419663,717.181357,1570.0,5.686162622771517,293.760341,4.892984867095947,132.35101565986554,-161.40932534013444,-54.945921151464916,54.945921151464916,True,-0.40221527,-0.13514346,-0.11402841,-0.20517164,0.002131477,0.06419988,0.015209967,0.013960177,-0.105867624,-0.008182403,-0.05269965
93,Odemira_05082023,2023,2527,p,2023-08-07 09:20:00,2023-08-07 12:30:00,219.388889,219.520833,sat,4,4,811.5,256.263158,518.037001,518.037001,6358.0273,6358.0273,3.166667,3.166667,4,104.31354807692308,-0.542635251050815,-0.839968442453059,21.0,7.0,0.0,0.0,8.289611752360965,20.0,236,17.31896551724138,0.126869758329164,0.136024304032985,0.063268679913434,0.115476302042228,0.136376287925494,0.140867979008552,31.810159154369813,11.988269288324199,29.97344573094233,3294.1807804870728,997.455438505851,1386.2808121206083,7.705425812509291,90674.51145235113,3.110757598716893,87.28842620925589,1130.5035723152878,93.81960865925596,27.507937636022323,0.730911693702042,-0.68247204778629,31.353715470827883,0.810070429514822,-0.586332584141178,0.002034341231645,0.002049857216691,27.61506925717134,28.05223840657563,15.830723209141846,-8.367968518199644,-32.98990747523887,31.213305626427395,13.18301729452628,21.571107110806384,58.331099070317464,12.153574368195398,42.66737854219576,24.667718805849105,43.124959545752915,75.55835806244289,22.997566306634372,0.845329464745502,-0.534245351905923,0.929784338756248,-0.368104717986075,-0.290566360005322,-0.956854842927211,-0.593696804841979,-0.804688824279563,-0.310168409471131,-0.950681627973397,-0.055889197417928,0.083632689848033,0.17145869928724,0.002749620034814,0.002434271434946,5517.459477549564,15193.541234052813,31675.456866998764,58430.66298088309,95574.47021848925,-8.893071410816649,0.477015060597159,-7.86433007395317,-9.449379029643364,-6.863078764231392,50.01462989149305,-0.00385955435911,0.999992551892337,6.926685172399587,0.007381941837835,0.999972753096155,9.649276301970767,0.004999995427274,0.999987499944738,91.6415966106743,-0.005738271192158,0.999983535986331,,0.0,0.1124030179254,0.0,0.1124030179254,0.0,,595.5094054550668,91.32164000742668,747.1006204571034,,607.8440440037402,,15.21531160407983,21348.59908869104,1.90144089780165,,2550.0,6.251975173495579,518.037001,6.833743572235107,927.6608221803298,409.62382118032974,79.07230958205815,79.07230958205815,True,0.045503482,0.40608665,-0.08012035,0.04022737,-0.13091332,-0.0005122076,-0.12589338,-0.03406024,0.18485709,0.14250728,0.016493594
93,Odemira_05082023,2023,2528,p,2023-08-07 09:20:00,2023-08-07 12:30:00,219.388889,219.520833,sat,6,4,196.75,62.131579,555.563204,555.563204,6664.666509,6664.666509,3.166667,3.166667,4,80.85521657436709,-0.138651288495709,-0.990341264513642,31.0,6.0,0.0,0.150375939849624,23.308270676691727,20.0,236,17.701675126903552,0.124369692668314,0.132539388682803,0.062117888033388,0.11317932605743,0.13368580838044,0.13686197916666,30.96490885416669,12.802555338541689,33.04795148911601,2994.7910582590066,991.5914583333333,1969.2518310546875,8.201934614124879,84582.54931217212,3.191762288411458,82.94028349892072,1145.8861237024853,93.0045827599958,28.19615624838537,0.748440430129739,-0.663202022423945,33.51976888924727,0.82268556419904,-0.568496668819182,0.002102722012196,0.002121257457579,27.135152180989582,28.252970377604168,15.86944580078125,-8.404571533203125,-32.943461100260414,33.11238797505697,12.618465105692545,21.605492273966473,59.15628178914388,12.020634651184082,45.30468673986546,24.431374148366356,43.029415525179076,75.74553347854398,22.981840695462797,0.848363580195523,-0.52941404949041,0.902612470930367,-0.430454094324792,-0.285164388130943,-0.958478623518493,-0.587141977508733,-0.809483970346007,-0.290969771578041,-0.956732246779538,-0.066732032530823,0.078005950823744,0.190004523180089,0.011061144031264,0.002000443763477,5512.02783203125,15188.7021484375,31679.208333333332,58435.282552083336,95577.0078125,-9.611800601692435,1.219702066171169,-7.968580260121573,-9.478793025070324,-6.839929713875857,60.72930450104653,-0.003760757560175,0.999992928326283,6.516160784460591,0.007632516888466,0.999970871918751,9.515082693692163,0.005098277109723,0.999987003700804,99.07127422115991,-0.005984831422855,0.999982090736049,,0.0,0.2591145833335,0.0,0.2591145833335,0.0,,584.207985026024,79.60406005857672,760.5896387321408,,614.4360481085255,,15.783414122489981,22666.760126749676,1.769436155336225,,2550.0,6.321780738390537,555.563204,6.996334552764893,1091.620865366489,536.0576613664889,96.48905066190973,96.48905066190973,True,0.05807582,0.3942017,-0.0027924906,0.049422637,-0.12030124,0.11210835,-0.14240862,-0.0022710916,0.16545972,0.105555356,0.02818757
93,Odemira_05082023,2023,2530,p,2023-08-07 12:30:00,2023-08-07 17:00:00,219.520833,219.708333,airb,8,4,1155.0,256.666667,543.532078,543.532078,4319.635683,4319.635683,4.5,4.5,4,137.00133442265795,-0.630722593878963,-0.776008382410005,21.0,4.0,0.0,0.0,13.621169916434539,20.0,223,15.154204152249136,0.124078123518842,0.133584022180161,0.061431770588072,0.113146602752686,0.133357101388352,0.138613598191441,32.08442248313518,15.78498618941639,37.77358170461916,2979.6549233634396,1000.1962150482007,1031.4554600477518,8.723217700105451,84554.74372767468,2.526481054292253,87.2386775176756,1118.7588759345258,93.83849773173374,28.308736418820548,0.605968148564146,-0.795488908109812,36.1233604695121,0.635631336646497,-0.771992748588345,0.000187682267951,0.000183481962434,27.76206304159205,27.09749954637657,16.044537437792066,-8.574541325245903,-32.2473139546113,41.84538839245271,22.663085717656543,20.76082293362607,51.16711794965248,9.480309245662347,43.81613109544015,30.41339722710993,48.041512722386514,82.60017285326207,37.23842965834284,0.732731812160577,-0.68051751737033,0.749511764461204,-0.661991023303377,-0.379125296992823,-0.92534534590071,-0.582532621767135,-0.812807323156668,-0.378381991380701,-0.925649538755773,-0.099863251727399,0.046127741615225,0.17864445410283,-0.12599749113303,0.08823288650577,5486.017334651226,15126.47779486354,31637.569822967293,58395.05348940638,95542.92712951986,-9.114332744486271,-0.725135331193515,-7.112386714133275,-9.613536517337456,-6.598509703340296,39.743140025891435,-0.007505974034398,0.999971829780117,7.331506902745969,0.006162613071817,0.999981010919771,10.217595815559093,0.004014767176568,0.999991940789784,103.56607690547305,-0.010462480996403,0.999945266747835,,0.0,0.1097412222575,0.3596100396653,0.4693512619228,16.753011649001948,,731.7103617214482,62.04285138483586,789.1350659081503,,642.0983419621894,,14.560012874619229,28655.98039425702,1.328076059150386,,2740.0,6.29992685340173,543.532078,6.5287933349609375,683.5716642153072,140.03958621530728,25.76473254910767,25.76473254910767,False,-0.2166966,0.41422424,-0.10297149,0.07978015,-0.1392438,0.02295371,-0.11932568,-0.12326589,0.16477597,0.01764322,0.022690076
93,Odemira_05082023,2023,2529,p,2023-08-07 12:30:00,2023-08-07 17:00:00,219.520833,219.708333,airb,9,4,330.5,73.444444,438.551785,438.551785,4406.856474,4406.856474,4.5,4.5,4,173.8372237042683,-0.257357092495675,-0.96631637000631,21.0,4.0,0.0,0.0,97.7116704805492,20.0,223,17.364126506024096,0.124256249343749,0.132485179845638,0.062082253754137,0.1131593132019,0.133537549734111,0.136839111328119,30.918798828125023,16.582177734375023,42.28605535991175,2578.376817047588,990.9592499999999,1969.2518310546875,9.444451535415674,72911.16490287687,2.597003173828125,82.94028349892072,1145.8861237024853,93.0045827599958,28.193150042826044,0.637800971953874,-0.770201220574658,36.97922283583029,0.673417682664257,-0.739262216453068,0.000180962518171,0.000173793209262,26.876470947265624,27.27669677734375,16.0826904296875,-8.634912109375,-32.160830688476565,45.61025848388672,23.732908058166505,20.59925308227539,53.78352584838867,9.249013900756836,46.619767888514026,29.78419213747648,47.51100086286441,83.18557772025117,36.786722282594255,0.742867959595249,-0.669437969200128,0.662471008002084,-0.749087553999332,-0.388538419136919,-0.92143252430907,-0.58478343940681,-0.811189453207783,-0.374702149475273,-0.927145241684716,-0.110988929035405,0.037631459264024,0.204310099263127,-0.099906014356412,0.089598674896905,5481.77880859375,15120.938671875,31642.72578125,58401.48203125,95547.5734375,-11.478183785514673,0.436704531523809,-7.203146201248478,-9.652009196504471,-6.557575846930139,56.99182247628837,-0.007249135655621,0.999973724670927,7.223735796990783,0.006814629508466,0.99997678014275,10.420182948940552,0.00429502298352,0.999990776346248,107.56199753359667,-0.0081869490002,0.999966486371452,,0.0,0.4794921875004,0.5413085937502,1.0208007812506,36.5680000000187,,695.0662377929193,58.919911295567545,804.0394754701689,,649.7192110012633,,15.219024761260147,35801.95426940918,1.212778960078007,,2740.0,6.08575553726039,438.551785,6.468217849731445,643.3344024064323,204.78261740643234,46.695196419376636,46.695196419376636,True,-0.21642736,0.43734822,-0.09567385,0.110177256,-0.15107618,-0.00818675,-0.12963992,-0.03213409,0.19618045,0.017563382,0.011924384
93,Odemira_05082023,2023,2532,p,2023-08-07 17:00:00,2023-08-08 03:00:00,219.708333,220.125,sat,7,5,12.5,1.25,104.425519,92.923468,1016.669446,904.687402,10.0,10.0,4,161.93877156575522,-0.966446712271545,-0.256867188133326,31.0,4.0,0.0,0.0,22.916666666666664,20.0,223,16.69,0.124217187048626,0.132462040162111,0.062646819244729,0.11326508169824,0.133397559090089,0.136824396306812,24.46725408380684,18.54577858664775,71.44985796188736,971.163256678126,990.8450568181819,1969.2518310546875,15.557751876262175,18891.243633152135,2.639567982066761,72.59296396278462,1149.056180815069,92.41225993040692,15.628501240154506,0.533250679978183,-0.845957275695886,27.56487981618754,0.609381500004694,-0.7928771578574,0.002636833607625,0.00199577524895,25.681501908735797,27.34164983575994,16.06251387162642,-9.222922585227273,-31.31308538263494,49.649721665815875,18.074605161493476,18.13610128922896,74.36694960160689,5.942340850830078,46.6920466267698,29.07445184656029,63.99739208011137,81.35434007636876,42.5760805770846,0.52920425320476,-0.848494465739166,-0.107270292390477,-0.994229895130126,-0.574047944383892,-0.818821688494282,-0.650324428295044,-0.759656592127472,-0.81271481255016,-0.582661680103951,-0.061275005270578,0.04370617157755,0.184635337353885,0.158011068224612,0.021394011580387,5435.589399857955,15097.117631392046,31616.306640625,58365.50355113636,95434.02698863637,3.389664875199742,1.811462599977073,-7.257925612166928,-9.873743411541964,-6.157375642017004,87.19344065795516,0.003912589462502,0.999992345792555,16.694301359530947,0.007584211454026,0.999971239454726,11.87442825904913,0.004323822098594,0.999990652237539,110.77811886179144,-0.005709836604966,0.999983698750107,4628.6364221187705,5.9730446555401,1.3318314985801,5.0341242009946,9.529174804688601,56.1536363636408,,403.2855037064823,29.08412536620832,909.6117514266235,,660.7017041690037,,19.754569760043463,39654.17785644531,0.507036236967489,429.638794,3010.0,4.542480280440663,92.923468,5.095160484313965,162.230038383216,69.306570383216,74.58457144885725,74.58457144885725,True,-0.535967,-0.16258664,-0.10351174,0.0722663,-0.18964607,0.074788354,-0.16133812,-0.13999087,0.14915273,-0.24889919,-0.016936198
93,Odemira_05082023,2023,2536,p,2023-08-07 17:00:00,2023-08-08 03:00:00,219.708333,220.125,sat,7,5,588.25,58.825,190.764509,193.75656,2061.713267,2304.768977,10.0,10.0,4,133.45423438836613,0.557243299416565,0.830349267028845,21.0,4.0,0.0,0.0,37.34617442482611,42.0,236,19.28169284467714,0.120304961043343,0.128380003155425,0.060318286822095,0.109758474488326,0.1292130573934,0.132652512209436,24.342806762499187,18.502202348462678,71.69359228946408,952.9600978875574,992.3575607461819,1835.2902472862552,15.621758133259284,18666.4701991998,2.635410877451306,70.84762734964104,1143.375037186499,92.03818685543833,15.924893930672237,0.533763049948885,-0.845634085470343,27.617280685444577,0.606117428737603,-0.795375170960546,0.002376361394132,0.001765503151174,25.714328038861268,27.33151504790967,16.06069329300706,-9.218910439638774,-31.311031101372578,49.41756899178825,17.98489148556328,18.13291045996855,73.8744855038339,5.939343048317698,46.66132338945113,29.083768094596124,64.11619018465952,81.3632500851121,42.59411892628363,0.528022161267124,-0.849230591306504,-0.107046167788168,-0.994254051016071,-0.572948303097663,-0.819591509215114,-0.648352860368742,-0.761339982170692,-0.812749603750959,-0.582613149184481,-0.060083559605143,0.044296845805504,0.183269767905596,0.156559975266562,0.021292345194352,5434.840761381993,15096.26936519579,31615.100581520706,58364.2326037676,95433.60251390869,3.651808379497531,1.764585996448588,-7.25257556475959,-9.871465783377745,-6.157921373898777,84.39164405365774,0.003632340840546,0.999993403028249,16.638914754879195,0.007500947248107,0.999971867499472,11.835763077993915,0.004284211603305,0.999990822723358,110.72142856913132,-0.006207013547856,0.999980736305863,4541.282399489129,5.7105944189019,1.3520370187382,4.836540876967501,9.1996677565831,55.10207324911592,,398.6364993592816,28.706769517188917,911.9993692360127,,660.6828822803647,,19.892387082180264,39523.70805556012,0.489655482754684,429.638794,3010.0,5.271750368394084,193.75656,5.121685981750488,166.6177319624884,-27.138828037511615,-14.006662813125715,14.006662813125715,False,-0.54253244,-0.17343622,-0.09785541,0.088138096,-0.19043548,0.11241869,-0.16736452,0.0944391,0.16022962,-0.23954685,-0.029186785
93,Odemira_05082023,2023,2534,p,2023-08-07 17:00:00,2023-08-08 03:00:00,219.708333,220.125,sat,9,5,607.25,60.725,224.301714,227.219516,2802.772689,2610.095117,10.0,10.0,4,153.44071105630908,0.65595241758827,0.754802242882269,22.0,7.0,0.0,0.0,95.29015979814972,20.0,236,20.469799666110184,0.124217187048626,0.132462040162111,0.062646819244729,0.11326508169824,0.133397559090089,0.136824396306812,24.46725408380684,18.54577858664775,71.44985796188736,971.163256678126,990.8450568181819,1969.2518310546875,15.557751876262175,18891.243633152135,2.639567982066761,72.59296396278462,1149.056180815069,92.41225993040692,15.628501240154506,0.533250679978183,-0.845957275695886,27.56487981618754,0.609381500004694,-0.7928771578574,0.002636833607625,0.00199577524895,25.681501908735797,27.34164983575994,16.06251387162642,-9.222922585227273,-31.31308538263494,49.649721665815875,18.074605161493476,18.13610128922896,74.36694960160689,5.942340850830078,46.6920466267698,29.07445184656029,63.99739208011137,81.35434007636876,42.5760805770846,0.52920425320476,-0.848494465739166,-0.107270292390477,-0.994229895130126,-0.574047944383892,-0.818821688494282,-0.650324428295044,-0.759656592127472,-0.81271481255016,-0.582661680103951,-0.061275005270578,0.04370617157755,0.184635337353885,0.158011068224612,0.021394011580387,5435.589399857955,15097.117631392046,31616.306640625,58365.50355113636,95434.02698863637,3.389664875199742,1.811462599977073,-7.257925612166928,-9.873743411541964,-6.157375642017004,87.19344065795516,0.003912589462502,0.999992345792555,16.694301359530947,0.007584211454026,0.999971239454726,11.87442825904913,0.004323822098594,0.999990652237539,110.77811886179144,-0.005709836604966,0.999983698750107,4628.6364221187705,5.9730446555401,1.3318314985801,5.0341242009946,9.529174804688601,56.1536363636408,,403.2855037064823,29.08412536620832,909.6117514266235,,660.7017041690037,,19.754569760043463,39654.17785644531,0.507036236967489,438.551785,3010.0,5.430307955243615,227.219516,5.1436848640441895,170.3459931510828,-56.87352284891719,-25.03021036666463,25.03021036666463,False,-0.54087985,-0.16856886,-0.09785541,0.10292717,-0.19262882,0.017834168,-0.17738512,0.13628377,0.19296893,-0.23138274,-0.028897349
93,Odemira_05082023,2023,2537,p,2023-08-08 03:00:00,2023-08-08 14:10:00,220.125,220.590278,airb,8,6,21.75,1.947761,38.39688,40.446939,392.518191,407.864003,11.166667,11.166667,4,159.62943892045453,-0.24010430511554,-0.970747095110247,21.0,7.0,0.0,0.0,97.72727272727273,20.0,222,19.422857142857143,0.129632267297551,0.138953118609321,0.065940926348167,0.118556599815682,0.139054884016509,0.143884785970046,25.395735677083355,19.097619628906273,71.33670094901728,1116.952205436283,1001.9990104166668,939.6377563476562,15.392004729557215,20249.17584282898,2.402127583821615,58.741952075916835,1127.6760802690335,92.33894739653648,14.761475315998325,0.34940747215156,-0.936970873829415,19.622990070172946,0.414563756066753,-0.91002027018953,0.006458869265162,0.005738763189555,24.176775614420574,26.680160522460938,15.875905354817709,-9.54919179280599,-31.411256154378254,61.18757152557373,21.250642776489258,22.616826852162678,67.77299086252849,5.900867064793904,28.27929060379419,37.13916265060242,59.23534232373857,73.51260022166015,45.85709542420845,0.383966055035226,-0.923347209115123,-0.357565774153351,-0.933887957494963,-0.548036126954184,-0.836454663178499,-0.663070051485237,-0.748557350390312,-0.961568351437386,-0.274565667034295,0.002709580980857,0.054680191470397,0.029554967626681,0.047614700626369,0.00571282344714,5481.8316650390625,15101.990559895834,31615.518391927082,58335.21484375,95371.20442708333,-1.982129412917394,2.731556664586435,-6.952348171968218,-9.928279698771762,-6.093795859211604,33.47910682011075,-0.001553562126828,0.999998793221631,15.796255768639341,0.005604319419215,0.999984295678611,10.933341180939912,0.00347670350514,0.999993956248105,69.16075897072959,-0.014121565440454,0.999900285723287,2738.4514407064344,1.1427307128907,17.1557108561262,6.9503784179704,23.5810852050855,141.0249999999895,,422.0335469563544,53.08329942490832,916.1072539662937,,673.7675538025579,,19.04117499838615,23721.783606211346,0.436529817791926,135.362305,3610.0,3.724414030844755,40.446939,4.983965873718262,145.05246021610392,104.60552121610392,258.6240734214867,258.6240734214867,True,-0.49808407,-0.15725312,-0.10436011,-0.08305117,-0.20718886,-0.04072838,-0.15732399,0.080997996,-0.051778045,-0.26202902,-0.076422654
93,Odemira_05082023,2023,2538,p,2023-08-08 14:10:00,2023-08-08 18:00:00,220.590278,220.75,sat,10,7,155.5,40.565217,242.501844,242.501844,3000.563817,3000.563817,3.833333,3.833333,4,165.65368394308942,-0.908020313151069,0.418926140154843,22.0,4.0,0.0,0.0,74.45109780439122,20.0,236,20.869612903225807,0.125715456675733,0.13296007925225,0.064890093877909,0.115043296217914,0.134741747081274,0.136793212890619,28.811059570312523,18.756005859375023,54.9859338680755,1804.8479287259136,992.13296875,1969.2518310546875,11.785557825284643,32187.24955842864,1.840438842773438,54.48515477454651,1154.6037807620908,91.37569497862641,16.933571281813855,-0.207888467876461,-0.978152536634229,18.69297498556403,-0.125221181245734,-0.992128850385585,0.026781096580012,0.027941507051355,24.94647216796875,25.88658905029297,16.205711364746094,-8.89630126953125,-31.43558120727539,64.26829719543457,31.593257427215576,23.07282829284668,84.6163272857666,9.206105709075928,23.92745566464709,24.329217944788223,52.056868360826236,62.62594185830077,52.72546269914621,0.428093929314811,-0.903734246160787,-0.233573274280746,-0.97233920292343,-0.514120626021104,-0.857717891791741,-0.625881703282964,-0.779918004341236,-0.82863327843329,-0.559791827265188,0.03959843636195,-0.002090798415489,0.001632687909671,0.0438244523178,0.061676337803275,5571.4996337890625,15183.28955078125,31696.05419921875,58466.646484375,95547.5078125,-8.621388117353284,1.025804113125034,-6.229474520532005,-9.802118001287589,-6.282561814961127,26.383847248514982,-0.037820749293527,0.999284539519589,13.219442110272308,0.001547783947053,0.999998802181709,8.870615742119666,0.001231173618434,0.999999242105473,49.473111412516246,-0.026050288516919,0.999660633649333,2637.005040893523,0.6088562011719,10.7275085449235,6.699493408203,16.7121887207046,189.23749999997779,,501.4784600829637,85.41124837238266,856.7649989117166,,668.8676575524186,,17.429985963418865,20702.395248413086,0.892666974283109,,4280.0,5.495124515389247,242.501844,6.0092315673828125,406.17031707597846,163.66847307597845,67.49164063097946,67.49164063097946,True,-0.12941658,0.18508111,-0.096766196,-0.07533733,-0.18926585,0.102645986,-0.03371271,0.14075898,-0.07058554,-0.027496338,-0.048542023
76,Odemira_18082021,2021,2158,p,2021-08-18 13:00:00,2021-08-18 14:30:00,230.541667,230.604167,"fops, ek",1,1,30.0,20.0,589.966963,589.966963,3761.285959,3761.285959,1.5,1.5,5,153.78560577876985,0.037822187258157,0.999284485094715,31.0,7.0,0.0,0.0,75.25773195876289,18.0,236,17.360344827586207,0.152444424538308,0.161420095933652,0.086452500075094,0.134122955501074,0.164204067885869,0.16616912841796,29.242456054687523,10.041406250000023,30.371807939436714,2823.2292690367785,987.0871875,2609.119384765625,8.015576658415767,53633.32145960395,2.348663330078125,58.25584326752608,1099.5070973634126,93.82568043128964,18.983788936002355,-0.677704659752128,0.735334205752903,21.17086308738689,-0.690091118376013,0.723722494011719,1.3875080663e-05,1.3885049659e-05,24.392684936523438,20.619415283203125,9.922088623046875,-11.0927734375,-34.57105255126953,29.889921188354492,22.034123420715332,24.488080978393555,30.81201171875,11.537950038909912,19.69669402490496,25.568178750647018,23.98487627634598,36.11035561241408,83.30109996056481,-0.495651153501841,0.868521694623856,-0.421306182544779,0.906918464113255,-0.743764873396286,0.668441331084342,-0.998071113080761,0.062081021526157,-0.945543669478064,-0.325495267415607,0.008199208250131,-0.081543627490939,-0.003305524052091,-0.02007902950671,-0.156743088161514,5767.656005859375,15247.79736328125,31359.126953125,57672.912109375,94403.984375,-15.89413993492309,-4.117185429897406,-6.883541558090314,-8.206121186353723,-6.544296900725696,9.687594936923691,0.019830634334872,0.999803353636042,2.531336200417577,-5.236421481e-05,0.999999998628994,3.595557774771567,-0.002228718596449,0.999997516403625,45.8776487094831,0.013134917010355,0.99991373325659,,0.0,0.0,0.0,0.0,0.0,,655.8831591796832,28.891791992188246,744.8216757524585,,649.2951299427068,,14.487418781102448,9848.347663879395,1.864522765233027,,0.0,6.381760115674421,589.966963,7.185201168060303,1318.754704067976,728.7877410679761,123.53026301033336,123.53026301033336,True,0.23011164,0.2528999,-0.095086254,0.072742775,0.14799596,0.06722656,0.04278169,-0.049045477,0.053224407,0.086722136,-0.083389156
76,Odemira_18082021,2021,2159,p,2021-08-18 14:30:00,2021-08-18 15:30:00,230.604167,230.645833,"airb, sat",1,1,63.5,63.5,696.186056,943.878535,6161.854792,10852.136983,2.5,1.0,5,179.1276257780083,0.767907938647299,0.640560221807799,32.0,7.0,0.0,0.0,91.17647058823529,18.0,236,18.484918032786883,0.15234310947954,0.161377255253512,0.086346682012074,0.134067170619959,0.164089910984033,0.166157226562492,28.825830078125023,9.199121093750023,29.369091026528025,2795.540681990398,986.385625,2609.119384765625,7.922875189742253,57327.19686799839,2.380706787109375,58.25584326752608,1099.5070973634126,93.82568043128964,20.50665806343479,-0.675056750649584,0.737765805254232,25.68574030258396,-0.665446047646686,0.746445950937779,,,25.11004638671875,20.848297119140625,10.086883544921875,-11.544647216796875,-35.28385925292969,19.742467880249023,20.614376068115234,22.868295669555664,24.109296798706055,13.29761791229248,23.99590719231345,25.89688879359579,24.965291552327482,42.95383656669349,86.55405251419667,-0.464547938632324,0.885547973128762,-0.438160046664153,0.89889697602521,-0.75848360404903,0.651692122392771,-0.999058219566861,0.043389790456903,-0.966041769140449,-0.258385952164571,-0.007893881879024,-0.076117727974576,0.011396777249918,0.001596349648992,-0.191811429539985,5704.77294921875,15188.3359375,31301.5234375,57598.796875,94300.28125,-11.410753337023717,-4.650187662816126,-6.924780360110083,-8.446924960324155,-6.617028914296394,13.970953830258306,0.019057311239083,0.999818392953609,1.747960120659968,-0.000500259720119,0.999999874870098,4.294854553927236,-0.002451105236321,0.999996996037048,61.30811235774374,0.010515855144078,0.999944706866629,,0.0,0.0971679687501,0.0,0.0971679687501,0.0,,627.053762207034,,739.3697176288088,,635.8368382533222,,14.407880971310277,11997.953414916992,1.951331678708836,589.966963,90.0,6.851056384840955,943.878535,7.45549201965332,1728.3346526164617,784.4561176164616,83.10985879305557,83.10985879305557,True,0.30272424,0.3615635,-0.0537504,0.07709641,0.020577833,0.05404188,0.06963146,0.04328721,0.2502518,0.094089285,-0.07527265
76,Odemira_18082021,2021,2160,p,2021-08-18 15:30:00,2021-08-18 16:30:00,230.645833,230.6875,"airb, sat",1,1,146.5,146.5,834.268926,1334.563742,9166.390303,16386.473341,3.5,1.0,5,190.05981067125646,0.529277903515187,0.848448525751897,32.0,4.0,0.0,0.0,98.7719298245614,18.0,236,19.591,0.152285402807587,0.161353295974452,0.086291510760777,0.134031315445895,0.164025584459298,0.166151123046867,27.675927734375023,9.696435546875023,32.46455832757354,2500.390178722135,986.019375,2609.119384765625,8.452658042457353,50588.45392374024,2.394119262695312,58.25584326752608,1099.5070973634126,93.82568043128964,20.232223896189794,-0.671686090410451,0.740835876526727,26.851579287703593,-0.661286746511403,0.750133214094912,,,25.4390869140625,20.959808349609375,10.17156982421875,-11.8089599609375,-35.73228454589844,13.49566650390625,19.96168327331543,22.181325912475586,15.17829704284668,14.610395431518555,26.93793398806738,25.65563518319619,26.132610424381667,45.36899205247584,88.23743220320367,-0.464397763803396,0.885626736822238,-0.447532384917053,0.894267725264898,-0.800535052123036,0.599285933693065,-0.998560014161991,0.053646044745198,-0.970472526750055,-0.241211680528462,-0.044889240463592,-0.083042335574295,-0.00103927742097,0.013641211382553,-0.209967295679356,5678.755859375,15160.546875,31274.40234375,57555.76171875,94239.828125,-6.668801796035333,-4.88754373167844,-6.942041744384072,-8.583206049012524,-6.668348143309816,22.335404075445314,0.018464361267601,0.99982951914963,1.936361098365736,-0.000987880438045,0.999999512046001,4.627516994513985,-0.002448502128545,0.99999700241417,67.03684097636291,0.009755806396278,0.999952410988422,,0.0,0.0649414062501,0.0,0.0649414062501,0.0,,536.8565893554735,,756.8330989402762,,636.8964753366008,,14.926334293456392,13468.966484069824,1.855774061991492,943.878535,150.0,7.197108760351497,1334.563742,7.196895122528076,1334.2784455452604,-0.28529645473963683,-0.021377506803240937,0.021377506803240937,False,0.32655963,0.2222483,-0.0577393,0.08481717,0.01780048,0.02261564,0.07087466,0.12851365,0.33003575,0.0989474,-0.07402925
76,Odemira_18082021,2021,2161,p,2021-08-18 16:30:00,2021-08-18 17:30:00,230.6875,230.729167,airb,1,1,196.5,196.5,1006.747951,1647.562434,11075.181689,19573.911822,4.5,1.0,5,208.59883860153258,0.560243265594026,0.828328125416819,32.0,7.0,0.0,0.0,97.92477302204928,18.0,236,20.400969387755104,0.162257307421631,0.170954047434495,0.095174483675492,0.142586274216701,0.174516633303944,0.17555549717675,26.938420332580222,10.05347987315448,34.864396462395206,2317.8041053815973,987.3154999236351,2468.377985276389,8.847987092702937,43127.246517437205,2.468864369305527,58.65288573753668,1093.8867442059416,94.24378609400529,18.64023229817494,-0.686720635865288,0.726921431983385,26.36605958972319,-0.685883294540962,0.727711554305438,,,24.825040135463738,21.048887379888377,10.111158641277324,-11.770473707219322,-36.20640263163712,17.092672400284265,19.071764138161637,22.10394899627734,8.626509984760702,16.54359327643502,29.585916541189416,26.043944987316383,27.786634313313744,44.34446260101486,88.1285844465967,-0.502663994048022,0.864481873197866,-0.46912882694942,0.883129743426786,-0.85383179919436,0.520548997390756,-0.999812455285792,0.019366317548658,-0.980772249562633,-0.195155821045267,-0.074481931629398,-0.085916648575738,-0.007200868112624,-0.01805827842198,-0.208856074762451,5645.776439963234,15127.821082195771,31242.683521612067,57507.47265625,94193.48074431851,-4.899115704245906,-4.120331313358702,-7.038236067313683,-8.544587458611588,-6.811230633706597,33.03999649174412,0.016538240462986,0.999863233948718,2.77970382861362,-0.00141825887118,0.999998994270381,4.553738667823525,-0.002468167395855,0.999996954070214,69.63565651442188,0.008228931627486,0.999966141768945,,0.0,0.0,0.0,0.0,0.0,,458.5170175146745,,770.0845360526024,,642.3669325109347,,15.645225076062768,14810.940065745002,1.796755658278431,1334.563742,210.0,7.407658935012691,1647.562434,7.254130840301514,1412.9335348589714,-234.62889914102857,-14.240971649941647,14.240971649941647,False,0.32649615,0.1794257,-0.054716986,0.064659365,0.049228445,0.028472139,0.064395055,0.14620234,0.2726188,0.036730226,-0.07334314
76,Odemira_18082021,2021,2162,p,2021-08-18 17:30:00,2021-08-18 18:30:00,230.729167,230.770833,"fops, ek",1,1,145.5,145.5,1022.45512,1174.837848,10537.764012,11871.736455,5.5,1.0,5,213.80400641025642,0.487108441244579,0.873341494759224,32.0,4.0,0.0,0.0,92.62435677530017,18.0,223,18.502285714285712,0.165875222071623,0.174444446292015,0.098397413805902,0.145684650478454,0.178324481256576,0.178978427361006,25.05441938713519,11.256056069013447,42.14518320088327,1840.7152195946685,987.4791548988206,2417.0531747015416,10.01201261020484,31239.344543991145,2.602315098750848,58.79767703304332,1091.8371442856778,94.39625860043928,17.00585176293469,-0.706486882565979,0.707726136836987,25.436421496391368,-0.686267846213345,0.727348914382703,,,24.341078212698118,21.013896241374894,9.809266043873198,-10.910274311636961,-36.66174668424319,17.666277634935685,19.086076927441663,22.167162857145147,4.824629390389992,15.972329955968542,32.90617675698062,27.348176367588458,28.41352386876475,43.46525722390548,83.68866847821103,-0.450933853738898,0.892557370454239,-0.479053307195487,0.877785810357553,-0.89283643334017,0.450381064544685,-0.99977491386724,-0.021216069422776,-0.995220914978254,-0.097649016328102,-0.09300461893794,-0.092267061469944,-0.003284805626228,-0.074354952240684,-0.16300001610748,5601.746774242443,15086.5570153255,31198.803310879422,57454.46935280453,94161.5072080536,-1.388453872344235,-3.630438954421168,-7.209982461768634,-8.090800624481385,-7.177923050515815,47.70470356062712,0.01956519695706,0.999808583213823,3.424418941783367,-0.001938202512655,0.999998121683746,4.604644425889974,-0.002606534641897,0.99999660298281,72.33436298925626,0.007663534172107,0.999970634690836,,0.0,0.0,0.0,0.0,0.0,,376.2779229569387,,805.5010668305267,,656.4689441245719,,17.671048985797334,16461.078610379074,1.517131513269982,1647.562434,270.0,7.069736234597909,1174.837848,7.0275726318359375,1126.290936302577,-48.546911697422956,-4.132222313067919,4.132222313067919,False,0.30317312,0.144365,-0.054716986,0.06476836,0.035467803,0.047940437,0.06880271,0.060895678,0.25519812,0.0015078341,-0.075611785
76,Odemira_18082021,2021,2169,p,2021-08-18 21:30:00,2021-08-19 03:30:00,230.895833,231.145833,fops,1,2,2.0,0.333333,31.63312,29.565136,362.280938,306.639733,6.0,6.0,5,369.30251242897725,0.534460309388955,-0.84519357409286,21.0,4.0,0.0,0.0,100.0,18.0,223,16.69,0.172759592063717,0.180988491945295,0.106314209848631,0.151346056163306,0.185465174416693,0.185342407226554,17.20038248697919,13.567407226562523,79.38217210602747,409.4955170418548,989.1217708333334,2321.831787109375,17.930491460372505,4565.848859251807,3.176294962565104,53.454448377010486,1093.5694399440813,94.00350310872096,11.04904282073165,-0.542316722425353,0.840174132295099,23.211738030131237,-0.400540002742929,0.916279273039991,0.000334744735832,0.000325928735592,21.907674153645832,20.733347574869793,8.380757649739584,-8.559504191080729,-37.15270233154297,27.304940541585285,18.135657628377277,29.5953852335612,16.859370072682697,29.29008976618449,37.247455478984584,18.41005167689507,13.371075028321494,34.788760502751224,63.684028263710616,-0.095204040121622,0.995457779488674,-0.417283152719664,0.908776523935526,-0.979248181704271,0.202664744415203,-0.859473097604451,0.511180980176502,-0.898690059754009,0.438584286653473,-0.080402359798912,-0.064250037335344,-0.022950235776696,-0.045599570758413,-0.013189486129899,5580.137044270833,15043.911783854166,31117.611979166668,57455.359375,94157.35286458333,17.735494280706565,-1.281360921508345,-7.948674355845045,-6.615025175697845,-7.970021016690244,79.620642570635,0.022480425075361,0.999747283311353,0.084932998129707,-0.005466905466984,0.999985056360651,4.060153469049484,-0.001798144374699,0.999998383337097,112.18576129325605,0.01412320912586,0.99990026250821,,0.0,8.0600992838524,0.0,8.0600992838524,0.0,,288.96549580891434,8.616345214845921,936.8824126170462,,690.2001636599169,,26.77055399472029,18653.929710388184,0.367391678245518,102.385266,510.0,3.41986001300457,29.565136,5.310323715209961,201.41574283825577,171.85060683825577,581.2610056596925,581.2610056596925,True,-0.36451778,-0.26994205,-0.12281604,0.038086433,-0.06830233,-0.20864153,-0.00553465,-0.19151959,0.13699447,-0.3129082,-0.100347
2,Oleiros_03082015,2015,12,p,2015-08-03 14:30:00,2015-08-04 03:00:00,215.604167,216.125,sat,1,1,807.5,64.6,409.333107,409.333107,6224.686217,6224.686217,12.5,12.5,2,693.0330848089469,0.875804826642862,0.482665417892216,22.0,4.0,0.0,0.0,100.0,12.0,233,25.908972431077697,0.207681092027603,0.275076902956718,0.117459102355364,0.163884728609169,0.229226613687225,0.310736062178472,21.49801594008501,15.176198270368745,71.47353805220126,917.8929801737582,953.4827232885277,5686.982819901139,15.873211269518313,15286.007944201121,0.647105654240714,40.89285038619115,693.1774336443304,92.33294436620119,12.535887909240758,-0.718837672022241,0.695177963748596,20.69450157971354,-0.668787311123196,0.743453786378552,0.01566869798075,0.013405655487854,20.4470149884468,16.43974371137787,9.14553240289644,-7.089529059153568,-35.87424381898555,73.29388888502793,47.3506553176351,18.39464959067195,6.538115175486871,24.325850389464936,18.92194379567949,15.361248044218815,27.851878667903737,53.04388132022624,64.8561889476836,-0.626663564569116,0.77928991834973,-0.841141887168062,0.540814502071968,-0.893841535289925,-0.448382994537649,-0.918179261858066,-0.396165171479998,-0.998299379475075,0.058295359503823,-0.050173197826217,-0.120064482598258,-0.030887159451472,0.048146415857939,0.044391349696401,5695.324970767185,15053.302774621536,31033.164536864664,57561.19546289298,94459.8444104359,,-4.372515200729545,-4.693696684278954,-6.339650550245697,-8.023404044147474,-27.585401759732974,-0.015303867743423,0.999882888958548,6.278207059174586,-0.008536866893239,0.999963560287897,8.637620837823851,-0.003809170048157,0.999992745085455,77.62712208632743,0.012860804672952,0.999917296431642,1184.507728802884,0.0,17.0799509871011,0.1594148592269,17.1487071913934,0.023582052045175,,594.7607188721958,121.95558173488509,871.6947047314568,381.63309814281024,739.8485715020347,,21.783494467457317,9702.576295764611,0.679135090843724,,0.0,6.016969285932114,409.333107,5.496644973754883,242.87236002146994,-166.46074697853004,-40.66632875081127,40.66632875081127,True,-0.4002583,-0.17640676,-0.10671333,-0.053796716,0.20282617,-0.2043304,0.16623865,0.042916868,0.07223547,-0.18123552,-0.03557732
36,Oleiros_23082017,2017,531,p,2017-08-23 13:30:00,2017-08-23 15:30:00,235.5625,235.645833,sat,1,1,77.5,38.75,697.674568,697.674568,10306.688246,10306.688246,2.0,2.0,3,433.2841546474359,0.857289342203168,-0.514834909213488,22.0,6.0,0.0,0.0,97.11538461538461,12.0,233,23.506233766233766,0.19739298277923,0.264488746859987,0.110583128057178,0.159037851583271,0.217019743031584,0.29998915113552,31.07427414424189,12.605484520105385,32.448800338661215,3045.8622143938846,948.8361186670309,5942.078853074344,8.110711830956413,42332.821346397744,2.443620933124899,47.113347426059306,841.0382464965952,93.99373661701827,13.887212898153962,-0.994282704943547,0.106779692124217,19.563648368144307,-0.974607875515415,0.223918487363884,0.003490937286043,0.003504620709396,27.67973429826213,19.768482929307076,8.88124106305728,-9.050917791778762,-38.04716992565831,36.1704163251065,41.34460304564276,27.225489738511325,14.724011582208306,12.960141187059742,16.52081241826959,12.98508705747007,42.857868473285926,49.52092194468494,53.1753117247418,-0.972154697743085,0.234340017188807,-0.959176727798631,-0.282807363499452,-0.655946290716337,-0.754807567327911,-0.920862045131212,-0.389888565922063,-0.996499896647616,0.083593994887741,0.040968024307374,-0.028038513166306,0.158713307721428,-0.02060687067194,-0.098095428231278,5620.548402177099,15135.730264467673,31234.715441545057,57565.32929051248,94217.31267081888,,-8.632324710706968,-7.00574865292714,-7.002352348150561,-8.08236762383144,-17.972526690234865,-0.007579750880229,0.999971273275684,11.434317673074283,-0.007715440614877,0.999970235545098,6.881941865615794,-0.002137034937874,0.99999771653823,47.213511426872444,0.00293740641324,0.999995685812476,,1e-13,0.0,0.0,1e-13,0.0,,1157.2867790740297,115.75170889730043,724.5819790965631,,695.3595915328906,,11.716457365341315,8278.488398381829,1.581892437688108,,0.0,6.549185065869181,697.674568,6.731411457061768,837.3296976538952,139.6551296538952,20.017230964035253,20.017230964035253,False,0.19709751,0.16114818,-0.079273514,0.0048342682,0.15828428,0.019254928,0.054174356,-0.001097132,-0.09552349,0.09617477,-0.03643528
36,Oleiros_23082017,2017,532,p,2017-08-23 15:30:00,2017-08-23 21:00:00,235.645833,235.875,fops,1,2,420.75,76.5,416.109567,421.679395,4654.813593,4235.542191,5.5,5.5,3,383.9530223880597,-0.23099191096921,-0.972955670658634,22.0,6.0,0.0,0.0,85.1829268292683,26.0,227,20.89925837320574,0.196378329021141,0.26575120415173,0.108768642241455,0.158748527947903,0.215871296104416,0.30245642908855,25.567620029184436,13.160873267522605,47.51014206063136,1821.3591381670278,952.9819984523324,5672.663799845913,10.99063173771196,23961.326593128993,2.439446694546038,48.904081346685366,868.8357111578244,94.52901422177814,11.85715559354153,-0.900099284340135,0.435684838306747,18.90920522903575,-0.88445805474732,0.466619705319639,0.011862789332089,0.012643554062306,23.68839563239437,19.61803211698484,8.739138727892767,-7.475133381167407,-37.56926299516169,50.251693180024034,24.156899594774625,28.298062751730438,6.368900679215506,19.06087717772169,14.617060134074269,21.46940371682644,40.58502868870792,32.978820112960264,31.427402405356503,-0.872073190156516,0.489375470380604,-0.972236298537268,-0.234001238899608,-0.69324603365157,-0.72070100376395,-0.967610154741962,-0.252449179915952,-0.999745735422645,-0.022549157506092,-0.038989269615069,-0.116366096611292,0.011230263797034,-0.041394348092238,-0.081143507675563,5621.846661282369,15065.155667682906,31119.575759142434,57562.39197856787,94319.89245087841,,-4.441357999761137,-7.000376554711612,-6.331532488393616,-8.38838818673878,-33.40011293792437,-0.031112252595209,0.999515896691219,11.149409438637008,-0.009168049637378,0.99995797254977,3.917117839219264,-0.002569066173379,0.999996699944053,62.13646495540841,0.007438253071932,0.999972335812965,,0.0,0.0175976360139,0.0,0.0175976360139,0.0,,581.8954677755951,158.51338698132093,795.0854855952134,,703.904680679259,,17.43560102104077,7379.585753904937,1.425310448624475,697.674568,120.0,6.046613960228946,421.679395,6.158539295196533,471.73704099292274,50.057645992922744,11.87102016045217,11.87102016045217,False,-0.053874068,-0.060302097,-0.08011274,-0.018946448,0.06358438,0.014049538,0.08178304,0.13845278,-0.06925142,-0.05306719,-0.07654805
36,Oleiros_23082017,2017,533,p,2017-08-23 21:00:00,2017-08-24 03:30:00,235.875,236.145833,"sat,fops",1,2,1706.5,262.538462,843.340801,1205.347551,10874.607081,16548.679444,12.0,6.5,3,579.777525289547,-0.606934866776121,0.794751575960346,22.0,6.0,0.0,0.073453797561334,94.66725429704715,26.0,233,21.925011668611436,0.196497019945734,0.265966023265798,0.107854583307592,0.158729884351117,0.216130449167317,0.30272210967853,18.444739066967664,14.15519003104337,76.548631367331,513.7626196719582,953.5860552861823,5641.58280330903,17.349855743443523,3512.905442161289,1.351932784636013,46.80288405605091,876.5727910186025,94.07303253322877,6.711192337576167,-0.732659205690112,0.680595686378876,12.435297897680504,-0.728282827499258,0.685276676364872,0.00080768238834,0.000788231111163,18.45692672751586,18.0377662976581,9.333900728386071,-7.4335558807188,-37.58742290342747,76.93175928225703,25.350752997603355,9.19343475267125,9.988675813157823,55.50868265521764,9.7130598640868,20.577381277883024,37.8938549479639,28.689680402480413,38.92216603813927,-0.710192511062235,0.704007526402323,-0.970537600576961,0.240949716468633,-0.771650897897089,-0.636046296879887,-0.853091355245142,-0.521761573523777,-0.924578709873664,-0.380991088148203,-0.052562800151067,-0.173082177005395,-0.009545415508104,-0.001247794787956,0.012486894223333,5659.842853640725,15021.356002586734,31031.16239053761,57509.438273136715,94284.04030911879,,-0.457364930990643,-5.600784407684927,-6.547546232985435,-8.405039293781702,-61.33859511759464,-0.044248106334092,0.999020572904205,12.498818609876505,-0.009941406936697,0.999950582993039,4.239684362664819,-0.004325064249374,0.999990646865879,54.20009836905812,0.012236672137387,0.999925129124677,139.34853011619842,1.5893180457205,11.2515220602814,0.0,12.712771283198801,0.0,,189.05604841634292,14.240742385940484,894.7408480114669,,694.2774615846632,,23.75387820044882,4862.82848470891,0.849169733773523,421.679395,450.0,7.095352520678626,1205.347551,5.2960920333862305,198.55542821127483,-1006.7921227887252,-83.52712227717673,83.52712227717673,True,-0.24113706,-0.23826317,0.070168406,0.07791856,-0.04538858,0.0062921876,0.15171573,0.13442552,-0.11231412,-0.23240909,-0.011549626
36,Oleiros_23082017,2017,534,p,2017-08-24 11:30:00,2017-08-24 16:00:00,236.479167,236.666667,"fops,sat",2,3,1473.25,327.388889,630.370403,630.370403,9293.563983,9293.563983,4.5,4.5,3,618.7713754646841,-0.956056102010592,-0.293183781625644,22.0,6.0,0.0,0.0,92.947715824214,14.0,233,23.72316958277254,0.195841784780915,0.265951872696006,0.106916471035398,0.158494973836364,0.21538012125389,0.303047157307165,27.839775163869803,8.348229610355215,29.48957430768766,2642.6451180483573,956.1305435814818,5437.0333238614785,8.037625440843167,29936.649560184946,0.0600372549468,45.78850981727303,891.7421601136597,93.93612125329702,11.176352890991526,-0.997013908859369,0.07722218295905,16.498170948022164,-0.977493222831344,0.210966820421584,0.002869067763025,0.002994787892568,24.97350634938605,15.755996785414833,9.635922275521235,-9.257620984802044,-38.10223839920034,32.66040737274365,46.19797642435425,13.923001009067951,25.224216959185252,64.39400544712458,13.459232940140513,15.604287122511911,57.1708698266771,35.981071769638746,41.10163622084529,-0.97620501562254,0.216849642548463,-0.997449643550726,0.071373724720861,-0.857645253088367,-0.514241791237343,-0.809706753296653,-0.586834707277776,-0.688386086261137,-0.725344467299554,-0.006519979164922,-0.005379185031648,0.021716142921028,-0.011101882796689,0.002602842361382,5708.0719491455,15110.84515310402,31047.1184193077,57473.985847966935,94125.01248870161,,-10.057642194569306,-3.938160305450228,-7.377764611879385,-8.040101211547347,-5.281196273470497,-0.005468367302152,0.999985048367749,17.973397892558108,-0.005277004731115,0.999986076513602,4.588917925399749,-0.002876536843078,0.999995862759337,39.00346091375471,0.003011381658776,0.999995465779973,,0.0555235064821,0.0,0.0,0.0555235064821,0.0,,1419.1717946020385,127.18577382017838,717.8094813112581,,622.0887230266305,,14.039726731362341,6750.373609823802,1.394814792505403,,1320.0,6.447892699827242,630.370403,6.20856237411499,495.986257155135,-134.38414584486503,-21.318282902451724,21.318282902451724,False,-0.11215082,0.14512685,-0.07030365,0.0077038147,0.00051565235,0.020223906,0.12084974,0.036895826,-0.049626805,0.10768793,0.0009822329
36,Oleiros_23082017,2017,537,p,2017-08-24 16:00:00,2017-08-25 03:30:00,236.666667,237.145833,"sat,fops",2,3,1511.75,131.456522,472.072542,437.326249,6565.419808,6016.329758,16.0,11.5,3,574.1577380952381,0.118976522717566,-0.99289706769737,21.0,6.0,0.0,0.0,82.57756563245823,14.0,233,24.252650363516196,0.195047462447233,0.266265127315011,0.106346963221828,0.158470444629589,0.214339418957626,0.303946431477856,21.068831380208355,11.598616536458357,58.60729146117717,1197.6651676387737,959.8322916666666,5030.97265625,13.644901437031459,12774.445310969326,0.466092427571615,45.487479062776146,917.4300131408872,94.66520228095375,8.140800623032678,-0.854754719905603,0.519032146209745,13.082743079473783,-0.825494655934573,0.564409933491129,0.041156718818169,0.039915017389356,20.09130350748698,16.38465118408203,9.452466328938803,-9.6104736328125,-38.72417449951172,59.96659564971924,19.734499375025432,11.374289155006409,33.439911444981895,55.68178606033325,9.612161584842335,16.388850471332542,45.25413277765409,26.707551605686554,35.735486849773984,-0.824956433984548,0.565196321668408,-0.97391437657316,-0.226915815015422,-0.849754457751031,-0.527178680840047,-0.86279911287038,-0.505546922481074,-0.715747228829359,-0.698359437842071,-0.060874268915054,-0.092235127010325,0.024021812544692,0.00567002811184,-0.008547792841029,5683.607584635417,15018.882731119791,30997.510904947918,57381.1513671875,93940.66927083333,,-4.044496243778716,-4.460739028983314,-7.443912553106974,-8.11510509042605,53.12554647012586,0.046589760829843,0.998914107511661,14.697229909807291,-0.008105567508286,0.999967149348102,3.666200845361555,-0.00384123460479,0.999992622431141,56.23801382198957,0.012318354268283,0.999924126195643,,1.6924031575525,9.373372395832801,0.0,11.0657755533853,0.0,,497.71736348470967,121.2426949240964,837.3635443328199,,657.0065534959648,,20.004041826618266,5004.36133146286,1.105606454075771,630.370403,1590.0,6.082963493835963,437.326249,5.206829071044922,181.51439945712045,-255.81184954287957,-58.49451070632615,58.49451070632615,True,-0.40195578,-0.15844384,-0.10330981,-0.090013966,-0.0020721536,0.017037723,0.17669809,0.026202353,-0.07609231,-0.16587755,-0.0598367
72,Oleiros_25072020,2020,2100,p,2020-07-25 15:30:00,2020-07-25 18:00:00,207.645833,207.75,"airb,fops",1,1,134.5,53.8,937.318341,937.318341,15177.841895,15177.841895,2.5,2.5,3,575.0014387661142,-0.864405596154654,0.502795152459247,31.0,6.0,0.0,0.0,100.0,17.0,4,29.137153284671538,0.209660189227926,0.284031023076402,0.114678375321381,0.159817886167909,0.233431870639123,0.323380670615278,29.697594068710597,10.882766586852687,31.482719869472948,2874.3955550346595,952.8966114198987,5650.744926045103,8.118925055638316,55970.45603115482,2.508282907921292,47.98211144397023,578.6871500176325,92.88718906680508,19.586152723191084,-0.635866258275308,0.771799262494439,28.679324767344973,-0.591202232073207,0.806523354151421,7.6774743166e-05,7.477736887e-05,26.988429606845916,21.900543510288298,10.88397769444571,-6.883650752588832,-34.00604491029134,35.25120689143944,19.057334933031438,20.010396973614814,20.935499297556774,11.83759802423962,25.81469516197828,15.152454270627786,13.954478535854673,22.64047039486142,31.609493871001973,-0.580221310744706,0.814458857498459,-0.657889477789914,0.753114489976998,-0.998193126207955,-0.060087293092555,-0.968614806195719,-0.248566605195526,-0.730984836904554,0.68239370470105,-0.085698496039604,-0.215894910722304,-0.120016482338153,0.01583303870992,-0.143103142179423,5539.3634102869655,15058.882354189816,31224.29261982522,57829.29706643051,94893.8310277692,,-5.551622976982713,-7.088966339902524,-6.938104652335604,-7.560051533862841,-0.127529281004511,-0.002748400009672,0.999996223141561,-2.885523554588082,-0.00692151137147,0.999976046053272,0.350490905208839,-0.004064304470947,0.999991740680476,85.41487261003566,0.006135241402748,0.999981179229354,,0.0,0.0,0.0,0.0,0.0,,782.3683635034544,193.8678792015582,723.626942340369,,641.6791974016113,,14.607495286653295,12909.293200525217,1.969125093703095,,0.0,6.8440892741581445,937.318341,7.280918598175049,1451.321512442089,514.003171442089,54.83763081961168,54.83763081961168,True,0.13120712,0.31315008,-0.075907364,0.09224681,0.1658637,-0.23786534,0.14727025,0.01810046,0.2886165,0.082901984,-0.07205709
72,Oleiros_25072020,2020,2101,p,2020-07-25 18:00:00,2020-07-25 19:00:00,207.75,207.791667,"airb,fops",1,1,363.5,363.5,1231.601369,2155.199053,18232.050638,30041.687863,3.5,1.0,3,754.5793554006968,-0.4444530142767,0.895802164599057,32.0,7.0,0.0,0.0,100.0,17.0,233,26.900714285714287,0.209121082180374,0.282421525611254,0.113384310734187,0.15966605091603,0.232853207967521,0.321204829013836,26.511392679700478,11.710319984343464,40.004302317195894,2092.6736453649946,951.4322849988785,5766.916858381498,9.579437242534201,40453.176757581954,2.359259402034925,48.022034763554295,582.3519817937636,93.01465403424163,19.133263788529497,-0.624776846927406,0.78080336291761,30.092604138078244,-0.58864093329996,0.808394613814164,5.1259608744e-05,5.1495252581e-05,24.841610150688492,22.14023583672277,11.421717032652921,-6.907455899699512,-33.752944295820605,43.57942558879533,15.297224729359673,16.69033381294301,20.263597406568202,20.74899720251989,27.54723041753332,15.56249883117572,14.34128670824783,24.61336386818794,34.95859121344613,-0.565549399538485,0.824714421288763,-0.728890064667432,0.684630757145125,-0.979163728641537,-0.203072382447252,-0.996765623739592,-0.080363495014971,-0.515301521327664,0.857008951013579,-0.109558430411376,-0.155944671273888,-0.059944468202994,-0.025230044794948,-0.107170132192527,5525.773802100726,15022.072271053376,31205.353633762075,57833.61768665327,94946.16558656553,,-2.94759187336952,-6.897178329965071,-7.157382898596303,-7.482867277362221,-79.81229326295207,-0.015497766482738,0.999879902405307,-2.652563164063117,-0.007981996356849,0.999968143359657,0.768920331449164,-0.003448370994686,0.999994054351066,103.1127799825783,0.007300845353547,0.99997334847341,,0.0,0.0,0.0,0.0,0.0,,551.6748690191259,107.25939757760693,765.3596485028138,,640.8029746787274,,17.110919943383124,13775.746114854312,1.753830642218257,937.318341,150.0,7.676102252906331,2155.199053,6.833547115325928,927.478398265334,-1227.720654734666,-56.96553425196155,56.96553425196155,True,0.2953189,0.13470805,-0.07003289,0.11613087,0.034692027,-0.24772064,0.14499146,0.05092488,0.3373647,0.030493334,-0.07247442
72,Oleiros_25072020,2020,2102,p,2020-07-25 19:00:00,2020-07-25 22:30:00,207.791667,207.9375,fops,2,2,949.25,271.214286,1049.630241,1049.630241,15302.489964,15302.489964,3.5,3.5,3,786.5986425935688,-0.066875560005877,-0.997761323901613,21.0,7.0,0.0,0.0,99.97364259356878,17.0,233,26.11512658227848,0.203552693492297,0.269578011012681,0.110280911269894,0.159224173364326,0.225549935134578,0.304512041446747,23.056354336466423,12.238383713450752,51.00078485182172,1408.1930075117516,957.4889602936228,5148.382566365773,11.42936976562343,21907.401493137873,2.456447283022059,52.90881872577825,620.1955935023284,94.00979752594628,14.865100770988482,-0.562911794704232,0.826516975858851,27.22962383643492,-0.505906742681927,0.862588179671483,0.000879374817471,0.000898899985813,22.431247995758373,22.37673209701305,11.46383753096893,-6.787483956070781,-33.85839020284072,51.24441221414254,13.83935545205812,17.692540418377202,17.728846690529508,34.647477156213,31.343950087439573,13.487906163066404,13.444748255642825,23.6466282306529,34.77981577043777,-0.394703285643487,0.918808639653675,-0.621690640406483,0.783262885390963,-0.934235211365891,-0.35665749654834,-0.998895228575507,0.046992790181948,-0.479246873673964,0.877680143374414,-0.199789058972363,-0.168771453775953,0.016816813837374,-0.035559077491696,-0.085799926248522,5554.001053674321,15057.488238946651,31241.310321170222,57874.19559758536,95041.35933481183,,-0.059484766431813,-7.022255714057574,-7.126982585097775,-7.545699878262016,899.5414112021738,0.209874077238584,0.977728424309764,-1.287278839732042,-0.009407756861732,0.99995574607621,1.389533067525305,-0.003208156651911,0.999994853852207,118.03145036422998,0.014598033580272,0.999893443030601,,0.0,0.0,0.0,0.0,0.0,,369.84160129270026,95.43155740332368,816.1272799096482,,637.386575978969,,21.08756653835769,15783.450649614651,1.420007246533745,,210.0,6.957145492609688,1049.630241,6.028872966766357,414.2467686504166,-635.3834723495835,-60.53402879705935,60.53402879705935,True,0.025424141,-0.06959891,-0.06754008,0.045786083,0.0884195,-0.24526045,0.15353577,0.060861997,0.28524107,-0.036626037,-0.084688276
72,Oleiros_25072020,2020,2103,p,2020-07-25 22:30:00,2020-07-26 01:30:00,207.9375,208.0625,fops,2,2,1508.5,502.833333,870.607374,887.864868,11876.535665,13289.85325,6.5,3.0,3,645.2248386028804,-0.1020367978805,-0.994780625001459,22.0,6.0,0.249791840133222,0.0,98.90091590341382,17.0,4,26.481628060886834,0.205011671686647,0.276449579881505,0.113505487099249,0.159622750419664,0.227146541668848,0.31424741490524,18.558275963252413,12.968939893454868,70.11743162456634,643.2733306524348,960.1187972751442,4933.582041893244,16.30307889522994,6773.596065236538,2.571886188822091,47.17526603386005,609.1975398158568,94.25136096079348,10.48198367107172,-0.453041276880476,0.891489540848634,20.90535010321341,-0.371973944896346,0.928243170897718,0.000158935685874,0.000158257114368,21.986576975050507,22.619806899767735,11.476034522123555,-6.543503796138886,-34.233608352807146,51.91009626581231,11.645712742997091,15.86917276267156,14.176929821124986,18.847357281498645,24.33416239791286,6.116762950223692,15.107810071322724,20.072650705036402,32.520503680341264,-0.197751026414153,0.98025227954448,-0.163671907033457,0.986514828498807,-0.990330426654581,-0.138728677792861,-0.990133603824559,0.140126537734261,-0.210988464501309,0.977488551261538,-0.144189623744311,-0.074630871829228,-0.038873263864501,-0.03222928003984,-0.067034114300148,5585.779403158108,15104.328254441143,31289.334956050985,57904.80847496691,95111.62031653489,,0.690945853161239,-7.170821525075517,-7.036473270001473,-7.718294196643112,462.8523950514735,0.173520820649007,0.984830200999794,1.613435115555353,-0.008697572957842,0.999962175396971,1.764580145757394,-0.003315231300466,0.999994504605613,108.3961483304912,0.016039845581984,0.999871353401879,,0.0,2.0727756181042,0.0,2.0727756181042,0.0,,160.1022005962714,22.778218517184996,883.3552662765784,,641.0645116915824,,25.094917612664318,12171.611635415606,0.982372367150496,1049.630241,420.0,6.789945219460612,887.864868,5.514075756072998,247.1605103774908,-640.7043576225092,-72.16237298202334,72.16237298202334,True,0.09254481,-0.2275853,-0.100652575,0.17020674,-0.048712537,-0.07050336,-0.020728547,0.061639767,0.043404516,-0.26863286,-0.09321794
72,Oleiros_25072020,2020,2104,p,2020-07-26 01:30:00,2020-07-26 03:00:00,208.0625,208.125,"sat,fops",2,3,872.0,581.333333,1220.094331,1232.757152,21088.922566,20089.42474,1.5,1.5,3,645.7080696202531,-0.989826790604487,-0.142277632119815,21.0,6.0,0.980674935102394,0.634554369772137,97.77905970579752,17.0,4,28.186701388888896,0.205253163456707,0.277512523672521,0.114108769221419,0.159732810390321,0.227391193651723,0.315744989395173,17.028084217356447,13.629346524110861,80.4582210971009,380.0334771369082,959.9110469804544,4887.660188933443,18.1209651748976,3736.3913074150505,2.277589657302825,44.230885648855704,609.8002607640586,94.51081775921345,9.828590211276458,-0.371061584955002,0.928608259801022,20.8779712836303,-0.251618538564665,0.967826488091012,0.000224929300346,0.000224963823079,21.01736182576444,22.28774478707751,11.73256547247186,-6.561774332608287,-34.099101651338856,57.86969683758997,11.356354171058989,13.740845105107242,14.57680780956143,19.680606896095195,23.490917045458037,1.796781023004304,14.48441363195606,16.742701926822942,19.528922297343858,-0.065665682636886,0.997841679889065,-0.662839369168221,0.748761624738258,-0.998686491374851,-0.051237602845855,-0.968388533818278,0.249446682818764,-0.176955727044384,0.984218812391936,-0.151807477621771,0.00019518308668,-0.009940305462119,0.013644899922506,-0.107644367659646,5537.143689355124,15032.259875072996,31218.36456538511,57850.33726573461,95061.3914928372,,1.386172391391528,-6.792072241357726,-7.143780864813141,-7.675709320643801,401.32370276264226,-0.577672621754736,0.816268547767834,1.339454461112266,-0.008933260421042,0.999960097633026,1.105265610220328,-0.003375322199367,0.999994303583801,108.39802533589648,0.016267686763066,0.999867672428396,54.40138568440978,0.0,6.714536415086999,0.0,6.714536415086999,0.0,,147.41000260935766,7.853913037825379,912.3202395636779,,646.4479503061343,,26.378081503206538,11762.427430176682,0.728639027291339,887.864868,600.0,7.117819387691375,1232.757152,5.9687652587890625,390.02256088310713,-842.7345911168927,-68.36176855673945,68.36176855673945,True,0.30478925,-0.23562832,0.15190345,0.11426334,-0.04989879,-0.013767378,-0.010809755,0.05639159,0.058203544,-0.2987785,-0.11658198
72,Oleiros_25072020,2020,2108,p,2020-07-26 15:00:00,2020-07-26 18:30:00,208.625,208.770833,"airb,fops",3,5,197.5,56.428571,510.69876,510.69876,8838.267543,8838.267543,3.5,3.5,3,673.1820106649938,0.549175001829715,-0.835707375440311,21.0,6.0,0.0,0.0,81.88775510204081,20.0,4,28.963061224489802,0.202348722317067,0.268128481357511,0.109351209625601,0.158660605400801,0.224132514595982,0.302932586669915,33.58382568359377,12.379968261718773,28.204376865306166,3752.0180034481473,956.5746875,5141.4677734375,7.29100393159165,47490.631856570355,1.90631103515625,45.195984889408884,632.3500661334613,95.29737399771787,12.99843530361102,-0.726135794803589,0.687551312634162,15.925332700973373,-0.729759378148597,0.683704066101828,0.002392408979112,0.002364594259419,31.110092163085938,22.894149780273438,13.081527709960938,-5.518928527832031,-33.35669708251953,30.089673042297363,32.214046478271484,7.394935607910156,8.485372543334961,13.568477630615234,15.250154459218617,2.244387083286772,26.38615224048418,19.712400838604836,18.46812061543753,-0.722390206138208,0.691485639818787,-0.909400926202933,-0.415920611921612,-0.618438359095838,-0.785833313113441,-0.315724233336132,-0.948850993825855,-0.09564140636356,-0.99541585349481,-0.053063436203814,-0.101911760454242,-0.017492595276112,-0.045922138482358,-0.027315216594416,5481.3516845703125,15105.063720703125,31350.8291015625,58025.8916015625,95321.150390625,,-8.964786876979838,-6.314249714969788,-7.26331667412458,-7.759453816558327,182.6776612473794,0.049112153232936,0.998793270103891,5.611125910331833,-0.011192311118545,0.999937364124286,1.442831718426907,-0.006690757791438,0.999977616629581,39.280620975235564,0.007957914548317,0.999968335296694,,0.0,0.0,0.0,0.0,0.0,,1268.4044573974813,332.0872713216225,703.480401671301,,634.439880073489,,13.1445386356896,7663.885712623596,1.709499585796439,,1410.0,6.23773609251321,510.69876,6.97219181060791,1065.5578834015523,554.8591234015523,108.6470473125003,108.6470473125003,True,0.02327322,0.14987186,-0.08468015,0.029249802,0.010082809,0.018436966,0.09214952,0.04058735,-0.061330322,0.09408002,0.29145193
72,Oleiros_25072020,2020,2110,p,2020-07-26 18:30:00,2020-07-26 20:00:00,208.770833,208.833333,"airb,fops",3,5,112.75,75.166667,441.199814,938.328623,5944.383907,12954.654669,5.0,1.5,3,660.7781876391982,-0.687516167048122,0.726169071255075,32.0,6.0,0.0,0.0,48.31730769230769,20.0,227,24.166146788990826,0.202158607159552,0.268012703120393,0.109118682295083,0.158563677072525,0.223919343352314,0.302856140136711,28.368798828125023,15.958398437500023,47.14678956108254,2051.1546589164373,956.2334375,5141.4677734375,10.35078991837256,24942.693184460004,2.450439453125,45.195984889408884,632.3500661334613,95.29737399771787,11.960932138451335,-0.620979979124782,0.78382642563656,21.00565224071887,-0.569659801393753,0.821880593928357,6.8392622633e-05,6.9395519516e-05,27.288055419921875,24.03369140625,13.1328125,-5.616134643554688,-33.276458740234375,50.351871490478516,21.916913986206055,8.60568118095398,4.941621780395508,11.443456172943115,22.524216161396982,10.043193224702996,26.311290349980517,29.199651571617526,15.252215578646307,-0.462449974300061,0.886645375147174,-0.687745576342901,-0.72595180433743,-0.487182452170903,-0.873300210864938,-0.345239153769942,-0.938514745064889,-0.344983900258287,-0.93860860243372,-0.161900935975618,-0.130918442403579,-0.006643894077646,0.008358775019907,-0.031967288840626,5452.61767578125,15067.2783203125,31342.6552734375,58024.73046875,95320.80078125,,-3.550983982520812,-7.014523848315009,-7.321301083645865,-7.709993240211808,602.9834559955268,0.224662604516725,0.974436613706485,5.324564398350804,-0.013691899392111,0.99990626155207,3.196399678416501,-0.007296174367771,0.999973382565554,88.10608867948366,0.014983257336475,0.999887744699168,,0.0,0.0,0.0,0.0,0.0,,320.53839569092264,135.7959039306546,797.3818535465448,,683.3952894220151,,17.937033776861867,11295.758247375488,1.655063198034985,510.69876,1620.0,6.845165389228617,938.328623,7.073739528656006,1179.5545074583354,241.22588445833537,25.70803858536194,25.70803858536194,False,0.2746128,-0.0809719,-0.10189406,0.1520028,0.049309507,0.19208714,0.1261136,0.060584154,0.039273676,-0.0110963825,0.31879655
72,Oleiros_25072020,2020,2112,p,2020-07-26 20:00:00,2020-07-27 01:00:00,208.833333,209.041667,sat,3,5,102.5,20.5,314.199812,235.983791,5063.410227,3647.916108,10.0,5.0,3,828.0802032019704,-0.26831349779082,-0.963331649486954,21.0,7.0,0.0,0.0,100.0,9.0,233,25.923300970873786,0.203092598934476,0.270423307594867,0.108715456645217,0.158535639041336,0.225263934403654,0.306048021171793,23.487680770156548,16.068694935876312,63.660572732593856,1085.814185787149,955.7052555306199,5261.1244532169585,14.328151649435847,10471.837285434569,2.636182500490039,45.98759887889338,628.2483391234572,94.82751249152739,9.464122883442998,-0.521016972558568,0.853546316438601,18.517684160758282,-0.452054637774685,0.891990249087062,0.003381726405444,0.003348841041134,27.268212357121914,24.126288622592824,12.85392362161275,-6.243504735642348,-32.99278844625092,48.12095475680189,22.925783094882203,22.771281091932966,4.783168961050788,9.624789025153314,18.584621029355958,15.762511368405493,40.782782887391946,35.67837889496821,15.80897762993394,-0.328806166745373,0.944397429428,-0.670443860626712,-0.741960261569277,-0.285963720984654,-0.958240444920069,-0.524977906834067,-0.851115854238494,-0.723468782045505,-0.690357097019791,-0.134488395520572,-0.08590261610198,0.059415818110004,0.033845429666802,-0.047179164795749,5520.756633517769,15130.611471058597,31416.667016826905,58066.694045900134,95357.10795377671,,-3.42829530093854,-7.253568616467374,-7.457379972127458,-7.456051341569649,459.91152884957233,0.219491905653714,0.975614321006258,12.545905294661276,-0.015825908392951,0.999874762469549,5.151695685102356,-0.006963326100241,0.999975755750919,95.77846725655063,0.022207451350944,0.999753384142557,,0.0,0.0,0.0,0.0,0.0,,143.46264981120603,29.95394242260528,856.875642398561,,676.1628933262773,,21.404397498420412,9303.355751763322,1.250132191348693,938.328623,1710.0,5.467991746391201,235.983791,5.732490539550781,307.73723394808314,71.75344294808315,30.406089606418412,30.406089606418412,False,-0.121216334,-0.1994574,-0.107353814,-0.011016956,-0.06983938,-0.32341856,-0.027432434,0.015644994,-0.06667228,-0.18467642,0.22768451
68,OliveiraFrades_07092020,2020,2006,p,2020-09-07 11:30:00,2020-09-07 14:00:00,251.479167,251.583333,airb,1,1,51.0,20.4,601.947862,601.947862,5860.464059,5860.464059,2.5,2.5,3,453.2694925742574,-0.584160070280511,0.81163847388469,32.0,4.0,0.0,0.0,89.05472636815921,41.0,223,19.90740740740741,0.179367561069625,0.265011747061963,0.089047437061864,0.140921573142208,0.199362097382543,0.310326131184893,28.604394531250023,7.964095052083356,27.423997966069038,2843.0343868592013,973.6870833333334,4207.28125,7.684376274328248,42107.093731705456,0.230478922526042,50.81324404218194,680.8839053258725,94.34157695001424,14.878261502674995,0.99004930110251,0.140720934428508,19.11245290437179,0.982770519692983,0.184829937029651,0.000602800107303,0.000604210804377,24.528025309244793,16.960683186848957,10.499725341796875,-6.644673665364583,-35.50875345865885,30.400752385457356,35.954001108805336,12.7645476659139,36.26168696085612,53.90179443359375,20.300890249315575,13.531528067441197,22.07434503020446,35.389742315237086,49.845181542191966,0.983808872316324,0.179220821200224,0.425392028107459,0.905009183612312,-0.30534287932286,0.952242472297274,0.013189194509334,0.999913018791232,0.241744088632108,0.970340041228554,-0.171101083830829,-0.045908431754467,-0.046572919898455,-0.004880274553425,0.060665376543279,5864.606119791667,15263.076497395834,31277.712890625,57937.28125,94941.10416666667,-38.19895599700991,-8.25706975433388,-4.157512736068587,-6.694738966861826,-8.045526123027123,51.21616933562668,0.00153723140738,0.999998818459102,2.889978237367783,0.031051891037049,0.999517773760439,4.058783586052145,0.002476551946334,0.999996933340526,49.99784272771796,0.000737903883379,0.999999727748892,,47.4880371093743,0.0,0.0,47.4880371093743,0.0,,1092.7285595703233,249.29914550781234,718.9444640599581,,586.7940214007734,,17.18233913193029,10154.561678568522,1.70829031660332,,0.0,6.401830728643986,601.947862,6.612432956695557,743.291647013361,141.34378501336096,23.481067703063122,23.481067703063122,False,0.15977113,0.16812345,-0.087160915,-0.0008975887,0.19536522,0.025005555,-0.13121523,0.12710322,-0.069035016,0.12535167,-0.14655308
68,OliveiraFrades_07092020,2020,2009,p,2020-09-07 16:00:00,2020-09-07 17:00:00,251.666667,251.708333,"airb,fops",2,2,28.25,28.25,509.893211,508.418438,4782.987164,5067.980627,2.5,1.0,3,619.5576766304348,0.391821472404489,0.920041267423793,22.0,7.0,0.0,0.0,1.449275362318841,35.0,227,16.495,0.178882555416969,0.264702490317829,0.08883268304169,0.140426196902988,0.198853842020032,0.310109863281247,29.728295898437523,5.900903320312523,22.26250952720828,3241.0169657173965,973.108125,4207.28125,6.880346686802158,42683.00198361906,-0.224266052246094,50.81324404218195,680.8839053258725,94.34157695001423,13.169612641030199,0.982354279843485,0.187029593575958,15.48008331371115,0.956517523012949,0.291674867222346,3.8421899269e-05,3.8422662983e-05,26.529525756835938,17.016220092773438,11.464752197265625,-6.50665283203125,-35.26420593261719,24.79544448852539,39.512290954589844,9.592561721801758,30.504048347473145,62.294620513916016,16.298353471514798,16.450399226355344,20.64269795178015,34.93758396542526,49.73875458537237,0.967638632301598,0.252340003323874,0.97567005017224,0.219244049399063,-0.182891324004244,0.983133136255703,0.169009585568508,0.985614407355108,0.277510970193412,0.960722468469595,-0.115848898198142,-0.018583579106219,-0.035940229373462,-0.011993699698549,0.052786006126884,5801.306640625,15246.9189453125,31285.330078125,57983.3046875,95017.11328125,-24.87303003104622,-10.380398717534653,-3.572271949912955,-7.017677638547351,-8.015833047927474,41.637873517247016,0.011289957662177,0.999936266397007,3.495641879524814,0.032825560390243,0.999461096083818,4.523812986021658,-0.003646647029858,0.999993350960615,42.28682477711261,0.006019060846357,0.999981885289193,10324.043476562525,29.9866943359388,0.0,0.0,29.9866943359388,0.0,,1433.6050610351722,76.62823730468722,685.7354542021155,,555.3683966667422,,16.825714166144024,8149.285078048706,1.738458093274484,634.046993,270.0,6.233269757414461,508.418438,6.455819129943848,635.3948028480307,126.97636484803076,24.9747757668912,24.9747757668912,False,0.31137654,0.13199851,-0.10979391,0.1218054,0.0076245894,0.034857586,-0.08968515,-0.13710845,-0.065344915,0.12604535,-0.16413966
68,OliveiraFrades_07092020,2020,2010,p,2020-09-07 17:00:00,2020-09-07 18:00:00,251.708333,251.75,"airb,fops",2,2,13.25,13.25,478.607986,441.568493,5436.584599,6119.710015,3.5,1.0,3,727.4829009433962,-0.24406554734145,0.969758737316101,22.0,6.0,0.0,0.0,70.58823529411765,35.0,227,21.459333333333333,0.178804532725362,0.264654736669673,0.088796768411992,0.140347273647783,0.198771988153455,0.310078124999997,28.956689453125023,4.944970703125023,21.774966085986904,3120.8224535507093,973.15125,4207.28125,6.892176510209743,39559.77507599471,-0.3096923828125,50.81324404218195,680.8839053258725,94.34157695001423,12.643897766677922,0.970474071967751,0.241205463533338,16.643857258257647,0.931258703915281,0.364358650757781,0.001195296025623,0.0011977241415,26.339553833007812,17.019134521484375,11.638519287109375,-6.467727661132812,-35.25379180908203,24.134681701660156,37.73660659790039,9.353691577911377,31.031176567077637,60.55788040161133,18.338120148226167,17.468345230921596,19.886593283444906,36.68704598205218,49.52964017791701,0.955255105309474,0.295783170211195,0.989927679134063,0.141573973894384,-0.037006401095627,0.999315028546028,0.205732002929289,0.978608370580746,0.32018150494289,0.947356218057656,-0.116811274255055,-0.012554540375117,-0.019350317237405,-0.038281247248259,0.038664364841905,5798.0478515625,15238.64404296875,31287.6416015625,57992.29296875,95031.6015625,-16.384604854348783,-10.16993168144539,-3.462331267480727,-7.070332237215553,-8.023780170371662,66.43955529712451,0.016710408698025,0.999860371372496,3.473259689153748,0.013108060252581,0.999914085687573,5.002901779546127,-0.003261453282178,0.999994681447101,63.324627106302046,0.006526695634348,0.999978700895222,,4.640625000000799,0.0,0.0,4.640625000000799,0.0,,1230.3187573242176,329.9443701172215,683.4465581764401,,536.8797227527706,,17.79886982317487,9175.201892852783,1.967850831677762,508.418438,330.0,6.092595238910477,441.568493,6.619734764099121,748.7462111254581,307.1777181254581,69.565134966606,69.565134966606,True,0.29718396,0.13017823,-0.07786041,-0.0008260766,-0.0015499218,0.12552842,-0.08833192,0.13062973,-0.05757019,0.10754174,-0.1830309
68,OliveiraFrades_07092020,2020,2011,p,2020-09-07 18:00:00,2020-09-07 22:00:00,251.75,251.916667,fops,2,2,99.75,24.9375,472.826948,495.596361,4274.940073,4553.028752,7.5,4.0,3,637.9850711633663,-0.991899638459463,0.127024041913278,21.0,7.0,0.0,74.25742574257426,23.762376237623762,7.0,234,15.620776699029127,0.178749847249088,0.264613142227732,0.08861974558234,0.140291801929471,0.198729425907132,0.310043457031247,25.278173828125023,4.039794921875023,25.490990452011154,2419.428635697651,973.8831250000001,4207.28125,7.757975337756991,28956.80663893504,-0.15208740234375,50.81324404218195,680.8839053258725,94.34157695001423,12.017158430299679,0.935984052934156,0.352042401782727,24.122121491311823,0.947407560386782,0.320029552575956,0.004079813981442,0.004167742320287,24.53436279296875,17.693841552734376,11.998016357421875,-6.168731689453125,-35.11358642578125,24.983727645874023,27.0646915435791,8.852195644378662,29.183891677856444,48.77039337158203,30.84661007379737,15.773386402023712,21.297722446305524,39.75552911533825,52.11662500009874,0.970488676397207,0.241146695985655,0.999039189263958,0.043825772267177,0.38407442623419,0.923302136417369,0.275609068047752,0.961269806875182,0.416950992249183,0.908928968656199,-0.260101930249016,-0.126918352333731,-0.017667348016022,-0.039452091455591,0.016311285432195,5852.55771484375,15263.0041015625,31341.2671875,58040.14921875,95102.45625,4.351327940318399,-7.46400256828024,-3.665163333338723,-7.093957390969026,-8.068041197781591,178.17515419773736,0.020046464340251,0.999799049443164,4.126396002036793,-0.005464277028065,0.999985070726839,5.568964304938953,-0.003084790284665,0.999995242023131,145.67507421933024,0.008774577463394,0.999961502654147,,0.259521484375,0.0,0.0,0.259521484375,0.0,,706.7673906249789,157.82255126953146,711.1430186818633,,516.200882797847,,21.548556567946473,15470.109558105469,2.181404571938898,441.568493,390.0,6.207777545217978,495.596361,5.839363098144531,342.56045667623357,-153.03590432376643,-30.87914205321746,30.87914205321746,False,-0.20754083,-0.028634788,0.112730525,-0.03570572,-0.056171693,0.10137206,-0.12174837,-0.14140703,0.08739269,0.104545064,-0.20928164
68,OliveiraFrades_07092020,2020,2012,p,2020-09-07 22:00:00,2020-09-07 23:00:00,251.916667,251.958333,fops,2,2,147.75,147.75,653.893159,2077.293286,6007.94579,21792.852393,8.5,1.0,3,397.90245726495726,-0.8019296891351,-0.597418424292122,31.0,4.0,0.0,51.45299145299145,48.547008547008545,7.0,223,16.932587412587413,0.178660938098279,0.264570522845356,0.087971939817069,0.14022900521755,0.198687237799165,0.310025329589841,22.617944335937523,3.724877929687523,29.09201361635248,1943.9653415192013,974.689375,4207.28125,8.506535390997481,28328.502065595476,0.072166442871094,50.81324404218195,680.8839053258725,94.34157695001423,14.591661687336925,0.973679504990217,0.227921525008072,30.694816211126003,0.987660562608402,0.156609747678922,0.000174444086665,0.00017501939805,22.431350708007812,18.64886474609375,12.504531860351562,-6.130294799804688,-34.82433319091797,27.588688850402832,16.483840942382812,7.060144186019897,30.079851150512695,34.75261116027832,41.44513576907464,16.009216152422393,27.297534151255253,45.01567066102349,49.44313394950333,0.991771972909901,0.128017005707844,0.999996018542867,0.002821860806972,0.491256913283666,0.871014721546659,0.388675061086129,0.921374894866196,0.456206984114901,0.889873691961273,-0.392843998333332,-0.178980363200953,0.004336800553684,0.002906503886313,0.010573507385587,5908.70068359375,15296.9306640625,31418.6611328125,58098.146484375,95166.7265625,6.730919107341807,-4.127241761658969,-3.953770143645361,-7.276738025657919,-7.998129062284479,242.708606329133,0.008715583787532,0.999962018578327,4.963860452436514,-0.005907903053993,0.999982548188469,5.942838273971723,-0.003345669695342,0.999994403231483,179.95670918053844,0.005172239870889,0.999986623877899,,4.4057006835935,0.0,0.0,4.4057006835935,0.0,,583.5328442382679,16.704858398437523,735.6048778331441,,513.6663159205565,,23.603252721984404,20722.68295288086,2.035414312215825,495.596361,630.0,7.639302300294861,2077.293286,6.701837539672852,812.9000255075091,-1264.393260492491,-60.86734449169595,60.86734449169595,True,0.3847776,-0.030850142,0.11714855,0.14938186,-0.021347597,0.14608264,-0.11702728,-0.0980343,0.23305248,0.094973624,-0.11140687
68,OliveiraFrades_07092020,2020,2013,p,2020-09-07 23:00:00,2020-09-08 03:00:00,251.958333,252.125,"fops,sat",2,3,266.5,66.625,886.539349,221.634837,11812.813303,2953.203326,1.0,4.0,3,498.0324530516432,-0.921523832226179,0.388321808091147,22.0,4.0,0.0,26.750972762645915,57.1011673151751,14.0,223,18.50588888888889,0.178671980655489,0.264559774559775,0.0879777841866,0.140231077492235,0.198701402068136,0.310003051757809,20.627001953125024,3.788818359375023,33.11674254085035,1632.377440271651,974.5555,4207.28125,9.244943305161446,27528.31272314057,0.482601928710937,45.399931077518,686.2448859736808,94.40399151345026,16.91076560256628,0.981069117313932,0.193657912445793,32.75710248453692,0.986763663614313,0.162164953582635,0.000167369053877,0.000170002624325,20.4090087890625,18.82110595703125,11.855902099609375,-6.570538330078125,-34.988522338867185,31.48545684814453,13.669101333618164,10.286841773986817,35.64912033081055,40.78731994628906,43.39870612304274,19.21974851040927,26.7083438516571,36.7534535483506,48.54528884180867,0.993302297841835,0.115544558946457,0.923406445534649,-0.383823574504049,0.49752142203199,0.867451690078051,0.486338308405306,0.873770593335268,0.407972659690743,0.912994145076989,-0.42589500969059,-0.152074705800089,-0.014574868233049,-0.001929774679716,0.00584948202005,5900.67490234375,15285.766796875,31386.72109375,58043.10625,95093.8765625,4.919075259742492,-1.732632704471309,-4.481986176201721,-7.195365011841929,-7.921182117837576,243.08640573177772,0.010390549547357,0.999946016782958,3.987622778673199,-0.005869930262831,0.99998277181095,3.958061481005277,-0.002981559419404,0.999995555141836,181.51439407739016,0.003620803298308,0.999993444870253,,1.9506103515624,0.0,0.0,1.9506103515624,0.0,,473.9569926757722,50.067098999021596,757.8420050745949,,508.59522528854893,,24.67468981789428,21705.38215637207,1.909178946310504,2077.293286,690.0,5.405532927045763,221.634837,6.579730987548828,719.3455212675818,497.7106842675818,224.56338137293002,224.56338137293002,True,-0.16436686,-0.0892896,0.09221035,0.12621166,-0.038770787,0.15505853,-0.1668959,0.03963143,0.16667712,0.010872839,-0.11387133
68,OliveiraFrades_07092020,2020,2015,p,2020-09-07 23:00:00,2020-09-08 03:00:00,251.958333,252.125,"fops,sat",2,3,129.75,32.4375,864.748697,216.187174,7846.121149,1961.530287,1.0,4.0,3,475.67930133079847,-0.984894747117865,0.173154084848257,32.0,7.0,0.0,90.0952380952381,9.142857142857142,7.0,234,15.041666666666666,0.178671980655489,0.264559774559775,0.0879777841866,0.140231077492235,0.198701402068136,0.310003051757809,20.627001953125024,3.788818359375023,33.11674254085035,1632.377440271651,974.5555,4207.28125,9.244943305161446,27528.31272314057,0.482601928710937,45.399931077518,686.2448859736808,94.40399151345026,16.91076560256628,0.981069117313932,0.193657912445793,32.75710248453692,0.986763663614313,0.162164953582635,0.000167369053877,0.000170002624325,20.4090087890625,18.82110595703125,11.855902099609375,-6.570538330078125,-34.988522338867185,31.48545684814453,13.669101333618164,10.286841773986817,35.64912033081055,40.78731994628906,43.39870612304274,19.21974851040927,26.7083438516571,36.7534535483506,48.54528884180867,0.993302297841835,0.115544558946457,0.923406445534649,-0.383823574504049,0.49752142203199,0.867451690078051,0.486338308405306,0.873770593335268,0.407972659690743,0.912994145076989,-0.42589500969059,-0.152074705800089,-0.014574868233049,-0.001929774679716,0.00584948202005,5900.67490234375,15285.766796875,31386.72109375,58043.10625,95093.8765625,4.919075259742492,-1.732632704471309,-4.481986176201721,-7.195365011841929,-7.921182117837576,243.08640573177772,0.010390549547357,0.999946016782958,3.987622778673199,-0.005869930262831,0.99998277181095,3.958061481005277,-0.002981559419404,0.999995555141836,181.51439407739016,0.003620803298308,0.999993444870253,,1.9506103515624,0.0,0.0,1.9506103515624,0.0,,473.9569926757722,50.067098999021596,757.8420050745949,,508.59522528854893,,24.67468981789428,21705.38215637207,1.909178946310504,2077.293286,690.0,5.380759534750791,216.187174,6.310483932495117,549.3111978546301,333.1240238546301,154.0905585151088,154.0905585151088,True,-0.17319404,-0.087975435,0.14238028,0.14792028,-0.0487244,0.026139142,-0.15203361,-0.106215395,0.162925,0.010614568,-0.1083672
68,OliveiraFrades_07092020,2020,2016,p,2020-09-08 03:00:00,2020-09-08 04:00:00,252.125,252.166667,"fops,sat",2,3,117.5,117.5,586.86935,587.496644,6372.667552,4916.748651,2.0,1.0,3,419.70051532769554,-0.990367274922057,0.138465377490036,22.0,4.0,0.0,0.0,95.74468085106383,14.0,223,17.68882882882883,0.17868585360795,0.264551801857339,0.087992137819527,0.140230424106119,0.198719465136525,0.309983520507809,18.324975585937523,3.827172851562523,38.19451948985508,1301.2861144581389,974.33125,4207.28125,10.155568053046828,20806.202867226122,0.597526550292969,44.04660283635201,687.5851311356328,94.41959515430928,15.962294475600181,0.98504496987537,0.172297438527769,31.26884019298312,0.987497038405987,0.157637556246614,1.3584943339e-05,1.360081102e-05,18.75213623046875,18.44818115234375,11.253128051757812,-6.732818603515625,-34.997764587402344,35.03906059265137,16.834558486938477,14.250324249267578,35.09247970581055,44.102487564086914,40.64199059392494,17.59314906429784,30.10088651831062,33.28910374256567,53.60834645721158,0.997001987946836,0.077375939606944,0.610088907155403,-0.79233296370019,0.464803813757626,0.885413696932889,0.495024641878818,0.86887893514157,0.433399978484999,0.901201674792719,-0.410488657351756,-0.058121779768884,-0.105434627888653,-0.015032221302403,-0.068952157638581,5884.387451171875,15267.01904296875,31335.1474609375,57988.5859375,95027.07421875,12.835436441229568,-0.33165915346081,-4.629890121521862,-7.0233560172427,-7.878524550508707,224.40782791520743,0.014977195220858,0.999887835521223,5.5678074917098,-0.006182355962176,0.999980889054764,3.415483966188357,-0.002987657604542,0.99999553694106,172.6917447656628,0.002799752802692,0.999996080684441,,1.0647583007811,0.0,0.0,1.0647583007811,0.0,,359.4152697753851,30.993498535155084,783.7898979953874,,508.42067353407526,,26.60546030133588,20321.005821228027,1.753359461050936,221.634837,930.0,6.377571224050256,587.496644,6.454697132110596,634.6811696804411,47.1845256804412,8.03145450486032,8.03145450486032,False,0.40714338,-0.11434455,-0.08332031,0.13316944,0.0025628055,0.0061091287,-0.15192088,0.009002715,0.26999742,-0.037370477,-0.08851568
68,OliveiraFrades_07092020,2020,2019,p,2020-09-08 04:00:00,2020-09-08 06:00:00,252.166667,252.25,fops,2,3,40.75,20.375,385.80539,220.838899,3756.136973,2150.050718,4.0,2.0,3,407.1941692073171,-0.998562514292597,0.053599487400974,21.0,4.0,0.0,0.0,79.8780487804878,14.0,223,17.450000000000003,0.17869632267157,0.264545977649114,0.088006001810231,0.1402282850941,0.198733281493184,0.30996907552083,17.034082031250023,4.26593424479169,42.8012307474321,1112.3473536855859,974.4304166666667,4207.28125,10.901956717030899,17036.394542099948,0.214772542317708,44.04660283635201,687.5851311356328,94.41959515430928,15.311582446995224,0.980210202824778,0.197959486456718,31.46381897396511,0.984164106236419,0.17725973032776,0.0001086862322,0.000108284452972,18.128855387369793,17.782012939453125,11.352467854817709,-6.837880452473958,-35.05840047200521,37.20589828491211,22.926776885986328,16.12225850423177,34.89235814412435,43.92029317220052,38.759526687130695,13.747363813949972,33.39058876071339,32.6069577160617,55.51843327697548,0.996964572376154,0.077856543892167,0.301211021176447,-0.953557507821024,0.472861041996232,0.881137012593523,0.466299798668646,0.8846267561868,0.541579168906313,0.84064975097049,-0.407541619476886,0.013742999396151,-0.152344166647174,0.031827373550938,-0.024394920364477,5882.475423177083,15253.310221354166,31300.991536458332,57972.87109375,95002.921875,15.967767831406613,-0.378455505234263,-4.13729917723731,-7.103173087767352,-7.86614133028058,203.5846385152671,0.016946565526979,0.999856396647459,6.676745129190287,-0.006038403009656,0.999981768678356,3.199731911486188,-0.003055494609198,0.999995331965451,170.08391415920906,0.001468894144469,0.999998921174414,,4.450195312499599,0.0,0.0,4.450195312499599,0.0,,317.50413004556987,23.195789794919904,804.2423855529319,,512.3740432087139,,27.30687879050127,19379.926045735676,1.588539540904651,96.855231,990.0,5.401951438258784,220.838899,6.590278625488281,726.9836764512911,506.14477745129113,229.19185874554242,229.19185874554242,True,0.2550775,-0.12684536,-0.087740645,0.15294084,0.0069810688,0.03964417,-0.15675268,0.0059161894,0.24520615,-0.049230628,-0.10163135
46,OliveiraFrades_15102017,2017,1611,p,2017-10-16 01:00:00,2017-10-16 02:00:00,289.041667,289.083333,rep,1,2,1176.75,1176.75,1929.485172,1949.313203,17502.038416,19819.641988,1.0,1.0,3,616.7258269720102,0.999455556851684,-0.032993785449545,22.0,7.0,0.0,46.44658413571756,20.701513067400278,4.0,234,16.929479077711356,0.176322685349126,0.247554422167023,0.085807177758548,0.141198797855484,0.1953672713283,0.285243171806122,18.409625333010297,8.714667045058771,53.325223185100995,988.3277101231863,967.985497823647,4689.107038111268,12.174617373502505,7202.406578577924,1.98280013775015,37.24319739877789,1028.4067711832508,89.11468008473136,7.232512376065629,-0.791967328621289,-0.61056346958892,18.988466639224246,-0.598545929201186,-0.801088491139829,5.0559032588e-05,5.0797830519e-05,19.90590400921141,14.11130860616202,4.145708330661718,-14.155278567020371,-38.779185446875516,51.55154131666322,49.57084140969786,55.84711687424293,61.570952674866916,104.77835504722586,20.91397468986261,46.451092199998385,57.85590355848158,63.31908796932408,37.894714640239386,-0.567151288596998,-0.823613632623189,-0.477357093658047,-0.87870939743145,-0.346057787173911,-0.938213199617387,-0.42576129351549,-0.90483552148665,-0.925166912810886,-0.379560513541614,0.136622841478307,0.144682591792178,0.086306776733061,-0.076583043515964,0.044392818930772,5917.334702775396,15206.377188762332,31037.814364073165,56896.76820941172,93106.87217927826,,-6.322745511864479,-6.412688499382575,-7.146376496765011,-6.863627299800061,225.6697114903247,-0.009190708661928,0.999957764545229,19.537741181510732,-0.001920257186994,0.999998156304468,10.786405352048511,-0.000656387381404,0.99999978457778,117.7712210176058,0.001983802277156,0.999998032262327,3371.7866430959402,84.8996081895026,0.2432200601516,0.3646064580633,84.8996081895026,2.644973833840549,,398.43619071526314,45.817800846065154,837.3412886463614,,706.5611133831836,,16.066703518170094,10457.397625077254,1.181241211996549,2611.045118,360.0,7.575745255583352,1949.313203,7.179535865783691,1311.299033991983,-638.014169008017,-32.73020302874423,32.73020302874423,False,0.30222797,-0.1014605,0.19463976,0.16590044,0.008020349,0.13574329,0.12729077,-0.11893282,-0.060221065,0.0012375242,0.32199895
46,OliveiraFrades_15102017,2017,1609,p,2017-10-16 01:00:00,2017-10-16 02:00:00,289.041667,289.083333,rep,2,2,51.25,51.25,498.741413,529.489027,4933.196787,5233.410715,1.0,1.0,3,625.0038081030151,-0.401898079596708,0.915684407214886,22.0,6.0,0.0,8.287292817679557,28.176795580110497,10.0,227,16.01240740740741,0.17279202264774,0.245892216370027,0.082191310076835,0.136903608272985,0.192067879451436,0.28456956754584,18.17944755114879,9.640837478840924,57.55671136764359,885.6989684540547,966.8610509804764,4775.587002289268,13.385759981355061,5901.388851435448,2.067428925407141,37.33284233667774,1055.761564239675,88.95189394261142,6.608233936275618,-0.791894174782465,-0.610658346332545,18.427849330320587,-0.572521928602241,-0.819889407950591,1.106614333e-06,1.111634501e-06,19.29267518126833,14.255203474047544,4.120345623233263,-14.15956373425296,-38.72560613049457,57.14069538500357,49.048652859470664,56.48394792492912,62.69654953983776,104.48109392879917,23.87556638136849,45.394098440512664,58.72567197409393,63.717795469073465,39.85668999399062,-0.538226569893483,-0.84280018952341,-0.469319028076934,-0.88302868010327,-0.339717869502618,-0.940527388830651,-0.433418798379725,-0.901192623810845,-0.919394509471063,-0.393336669984459,0.151567680698592,0.151514447970587,0.112780851028488,-0.067445588069463,0.040873124955646,5915.245965832116,15197.664761594096,31031.931726147144,56886.29131558628,93100.313509541,,-5.496613553245354,-6.521602772145222,-7.138145900310976,-6.847498248818976,280.31753041486354,-0.02155059794369,0.99976775889617,19.70578813572636,-0.001986266671918,0.999998027370408,10.763263218120953,-0.00063498387896,0.999999798397716,104.68633314787587,-0.00466980385672,0.999989096406526,3470.9205760919285,83.08441591551001,0.3113539827028,0.4666050452133,83.08441591551001,3.37580977010466,,425.5955684241055,50.37448156676885,850.9499494902424,,727.4145756470034,,16.51518414136946,11938.525271895258,1.022584239894242,312.227446,360.0,6.273799273579984,529.489027,6.965536594390869,1058.483277707092,528.994250707092,99.90655589300663,99.90655589300663,True,0.29961243,-0.19265644,0.22880203,0.17803153,-0.0027624802,0.15654072,0.105366215,-0.13213392,-0.05494742,-0.1587387,0.3358149
46,OliveiraFrades_15102017,2017,1618,p,2017-10-16 02:00:00,2017-10-16 03:00:00,289.083333,289.125,rep,1,2,772.75,772.75,1103.948712,1130.557434,9416.320108,11699.385178,2.0,1.0,3,545.8906655844156,0.995840091952787,-0.091118117075944,32.0,6.0,0.0,42.59584945480127,19.627154414351036,4.0,234,16.0372454308094,0.175705834984121,0.246311215457392,0.085609107966863,0.141419664333923,0.194465372105996,0.283668559623143,17.825330856676995,9.937199948914685,60.05086868181367,815.9521726682913,965.7833855615153,4768.382417638684,13.995247408228423,5143.173595849474,1.881705822201439,38.75223873046091,1047.8284112696142,89.58275008215367,6.231639806104971,-0.841804408792495,-0.539782676025748,16.841093663212806,-0.605775982394,-0.795635255097827,0.001076006292921,0.001080882384614,18.840393327886282,13.820834139612742,4.057422495209863,-14.000956523878653,-38.72541910240943,59.884383160310485,53.12793437671595,56.438491438349985,61.974078312157594,104.44199761322567,19.642477027221112,41.41219448548788,60.36673963184865,61.89018761748147,39.42855906243547,-0.561481371018685,-0.827489377574708,-0.456176592613831,-0.889889271960975,-0.363681183856858,-0.931523481458451,-0.461987516642964,-0.886886427039036,-0.890657784511214,-0.454674290992548,0.120780318135391,0.094776295916647,0.060245256626527,-0.072592820928733,0.04906703312538,5915.345286191559,15180.712557543357,31002.768754366924,56857.34011633281,93091.64291227248,,-5.477068392470149,-6.282583671424357,-7.051640226464158,-6.891656029844732,256.8805630283023,-0.021474907636466,0.999769387579958,20.764402222995574,-0.001935172279985,0.99999812755237,10.609840984735152,-0.000587995618193,0.999999827130562,98.79640626741761,-9.3660880331e-05,0.99999999561382,2680.0455018899283,85.5844698703593,4.3112198457922,1.9473590016578,85.7971966373397,20.74276801726314,,325.64588133165637,65.14044306042916,858.2961267093265,,729.6167537101046,,16.904059628219052,12608.629108111338,1.052661365532546,1949.313203,420.0,7.031350222954633,1130.557434,6.5715179443359375,713.4535211190305,-417.1039128809696,-36.89365089619759,36.89365089619759,True,0.29377043,-0.19124715,0.15488636,-0.008691363,-0.03607106,0.11922767,0.1116655,-0.13949968,-0.03521944,-0.17146635,0.27787197
46,OliveiraFrades_15102017,2017,1619,p,2017-10-16 02:00:00,2017-10-16 03:00:00,289.083333,289.125,rep,2,2,6.5,6.5,255.283576,108.241379,2622.721045,1435.821888,2.0,1.0,3,618.7503255208334,-0.997281854600062,-0.073681086348265,22.0,6.0,0.0,0.0,0.0,0.0,233,19.473333333333333,0.17402613258917,0.247511766819836,0.08298825656901,0.137249485421003,0.193603559292957,0.28639305477257,17.769919977270924,10.95196818031755,64.44069683621478,723.4413457744629,968.5091380877793,4770.716516057066,15.340610058996994,4333.749641585768,1.877715689755817,35.47324029137374,1031.1992579693183,88.41016129195067,5.930810635441608,-0.78371413863893,-0.621121686062755,16.60903972797639,-0.557363073508755,-0.830268874695947,0.000428529913549,0.000430948324138,18.32827669102445,13.780290598476116,4.024859218964481,-14.018602137754007,-38.68223766201827,65.50644311399772,54.700384029826736,57.01854008494848,62.90441691649714,104.06000878283717,20.386027261745106,40.966075894955466,61.284131925477006,62.40959932059348,42.188969297821515,-0.525048699566892,-0.85107218441394,-0.452784390779972,-0.891620039852183,-0.363438112977989,-0.931618343547935,-0.471683993281361,-0.881767662415757,-0.88010792910335,-0.47477366515995,0.121111407923451,0.084144589740894,0.073515940322817,-0.052818257780052,0.054663592880585,5912.907048823126,15171.455852605646,30992.600528596406,56844.58337676017,93081.58468117737,,-4.962513627707191,-6.277448511326082,-7.04581500882186,-6.874701196792968,234.60307460323838,-0.01822926220888,0.999833833193956,21.091997158982714,-0.001632818646286,0.999998666950746,10.694103290466213,-0.000399833721652,0.999999920066494,95.18865944360469,-0.003456136450905,0.999994027542581,2395.2347419675507,85.90372167060279,6.9559598334602,2.5460570426109,86.2459770910792,32.04482793091159,,377.39576234440483,72.82848984028988,874.6017469618896,,749.9751483340109,,16.99190285048489,12254.010219744225,0.846408441301597,499.001237,420.0,4.693559920106933,108.241379,6.374581813812256,585.7400130608426,477.49863406084256,441.1424156568096,441.1424156568096,True,0.30074292,-0.24600925,-0.115346715,0.0010895259,-0.025806878,-0.090141855,0.08713075,0.10934013,-0.04749458,-0.2428438,0.16622192
46,OliveiraFrades_15102017,2017,1614,p,2017-10-16 02:00:00,2017-10-16 03:00:00,289.083333,289.125,rep,3,2,82.0,82.0,,1180.977275,,12199.254238,0.0,1.0,3,407.6782649253731,-0.93873651427644,-0.344635687014736,31.0,6.0,0.0,17.006802721088434,42.857142857142854,28.0,233,17.92231707317073,0.177350950957109,0.248763091726608,0.086554870561379,0.141716421349763,0.196571752131058,0.286547293191952,17.897586469474973,10.124026655573362,60.54599395328317,810.0024906328149,969.9405308428542,4605.937993715015,14.06320181597179,5281.0515836921095,1.825446802226331,36.10661844990041,1009.2368184873181,88.7910758485386,6.451732545846822,-0.806373251231322,-0.591406949315467,17.196519733083097,-0.605178769532996,-0.796089603566413,0.000734115439537,0.000737528510263,18.900649886959545,13.70269532343338,4.051801718980718,-13.999234855144522,-38.717778259042454,58.973507395339524,54.18707824646518,56.319746535778386,61.994423593694506,104.583570698556,18.086599353205372,41.99915194863573,60.6039379890065,62.30987855814477,39.812151493890156,-0.569075757346375,-0.822285098004731,-0.450980600110488,-0.892533751924253,-0.371476347525844,-0.928442417831531,-0.460333958941973,-0.887745822994853,-0.888214593895199,-0.459428814063274,0.115221304751761,0.081867357467923,0.057794505694898,-0.063805067503835,0.049583723260627,5915.02266111965,15179.012747581339,31000.064909091765,56855.328892439764,93089.00781714237,2.639727589328949,-5.671723666869863,-6.210180291716695,-7.048773065452147,-6.89000612884403,149.21278802665364,-0.011542584794567,0.999933382149161,20.826716741322024,-0.001867153517011,0.999998256867353,10.710134775124255,-0.000594161095136,0.999999823486281,105.7121144226661,-0.000414329484549,0.999999914165535,2716.2376845062386,85.4741258249915,4.7772524861941,1.8584406473674,85.7288599098188,22.250090476842843,,351.0797520875054,67.95560915253628,863.4831282890785,,727.6916486445284,,16.703792386672827,11612.197481679532,0.977801439599602,,420.0,7.074943971892899,1180.977275,6.753716468811035,856.2387507832569,-324.73852421674303,-27.497440559704504,27.497440559704504,False,0.29727352,-0.19124715,0.13784392,0.021697234,-0.025345277,0.17283389,0.10776061,0.06061985,-0.01511441,-0.13977723,0.27385035
46,OliveiraFrades_15102017,2017,1617,p,2017-10-16 02:00:00,2017-10-16 03:00:00,289.083333,289.125,rep,4,2,62.0,62.0,,958.643627,,12901.247086,0.0,1.0,3,480.42258522727275,-0.962474585224137,0.271371834938016,22.0,6.0,4.583333333333333,0.0,58.75,19.0,4,25.300289855072467,0.179374045315218,0.249524501247039,0.08872509336666,0.144434474450845,0.198377846034547,0.286641144597209,18.071611710850455,9.50999110490067,57.509609903414905,882.3786554594295,969.9673505188495,4517.932439710262,13.599720890364933,6063.150113781965,1.793653729282733,36.49201808298152,995.8730546694783,89.02285575500981,6.797267557390626,-0.815935462438639,-0.578142993674614,17.581476222102527,-0.631718463117068,-0.77519789947923,0.000910266894522,0.000914042222771,19.248936817049334,13.65548770282405,4.068180244258583,-13.987457958845333,-38.73940409641656,54.99832631585586,53.87474154277131,55.89454374107512,61.44070939680754,104.90214711110954,16.717330105685825,42.62784331245181,60.19230668936042,62.254231672833335,38.37235152447037,-0.600727017924024,-0.799454220037714,-0.449924939004421,-0.893066374499604,-0.376442285660992,-0.926440071222272,-0.453373218909095,-0.891320775240882,-0.893488628008608,-0.449085817655485,0.111623845055704,0.080483076727093,0.048226705325453,-0.070491149110789,0.046492710771553,5916.310098691298,15183.610738908652,31004.605862045646,56861.86735251203,93093.52665317594,2.639727589328949,-6.103265685158798,-6.169263725210078,-7.05056996161758,-6.89931675188393,118.4264985540843,-0.007719206650394,0.999970206480517,20.67362799358477,-0.002017278668835,0.999997965291316,10.721228658545545,-0.000716385594104,0.999999743395807,112.34426512474042,0.000733378444203,0.999999731077993,2911.562412091007,85.2127241977917,3.4515468221708,1.4400379871874,85.4142030666127,16.290162477897063,,335.06691590010087,64.99054570059042,853.41024563448,,714.257964308946,,16.527263302319913,10749.177540423269,1.089879561825301,,420.0,6.866561993666985,958.643627,6.808724403381348,904.7147431049967,-53.92888389500331,-5.625540333874593,5.625540333874593,False,0.28570122,-0.24060652,-0.10669749,0.019944753,-0.03421879,0.18124324,0.12160239,0.04328499,-0.03939219,-0.13563105,0.26692432
46,OliveiraFrades_15102017,2017,1612,p,2017-10-16 02:00:00,2017-10-16 03:00:00,289.083333,289.125,rep,5,2,35.5,35.5,,835.104419,,8218.828942,0.0,1.0,3,441.6575431034483,-0.114293183000976,-0.993447063672496,31.0,6.0,0.0,0.0,0.757575757575758,28.0,227,17.528888888888886,0.17686302306652,0.24857945573371,0.086031458377838,0.141060883998871,0.196136160194872,0.286524658203123,17.855615234375023,10.272119140625023,61.278306046652354,792.5468789895805,969.9340625,4627.1630859375,14.174983685884646,5092.42583596566,1.833114624023438,36.01366814867037,1012.4598777894372,88.73517540059748,6.368672320238718,-0.803876954067892,-0.594795631051984,17.106694374345782,-0.598493534030367,-0.801127636350065,0.000691084061244,0.000694387342838,18.816650390625,13.714080810546875,4.0478515625,-14.0020751953125,-38.712562561035156,59.93223762512207,54.262407302856445,56.42229652404785,62.127967834472656,104.5067367553711,18.42058051857573,41.84753374169226,60.70347268697408,62.323869841774496,40.16016847927345,-0.562032368277228,-0.827115238046483,-0.451239854386693,-0.892402708317874,-0.37028717476357,-0.928917331201013,-0.462006654278393,-0.886876457801472,-0.886982259113166,-0.461803499357145,0.11608893651295,0.082201216923933,0.060102058297736,-0.062192524973769,0.050329210586778,5914.712158203125,15177.90380859375,30998.9697265625,56853.751953125,93087.91796875,,-5.567644790943859,-6.220048508641772,-7.048339691817304,-6.887760602014438,156.63779478484196,-0.012464680202074,0.999922312856084,20.863638533653134,-0.001830946475376,0.999998323816097,10.707459163324689,-0.000564683110312,0.99999984056648,104.11257889474543,-0.000691132519946,0.999999761167891,2669.1294604492145,85.5371704101563,5.0969848632807,1.9593505859375,85.8047485351563,23.68749999999818,,354.9417120361111,68.6707202148412,865.9124961364598,,730.9315713077627,,16.746367496138518,11820.33977508545,0.950770549251081,,420.0,6.728753508395005,835.104419,6.119435787200928,453.60812640335035,-381.49629259664965,-45.68246603861518,45.68246603861518,True,0.31794292,-0.21526006,-0.11377369,-0.015633427,-0.029893838,-0.054306947,0.10511798,0.024392765,-0.03530931,-0.15145117,0.19736151
46,OliveiraFrades_15102017,2017,1613,p,2017-10-16 02:00:00,2017-10-16 03:00:00,289.083333,289.125,rep,6,2,1.75,1.75,,87.720183,,875.008821,0.0,1.0,3,570.2451171875,-0.428941739730393,-0.903332155918887,21.0,3.0,0.0,0.0,0.0,0.0,227,17.1,0.17686302306652,0.24857945573371,0.086031458377838,0.141060883998871,0.196136160194872,0.286524658203123,17.855615234375023,10.272119140625023,61.278306046652354,792.5468789895805,969.9340625,4627.1630859375,14.174983685884646,5092.42583596566,1.833114624023438,36.01366814867037,1012.4598777894372,88.73517540059748,6.368672320238718,-0.803876954067892,-0.594795631051984,17.106694374345782,-0.598493534030367,-0.801127636350065,0.000691084061244,0.000694387342838,18.816650390625,13.714080810546875,4.0478515625,-14.0020751953125,-38.712562561035156,59.93223762512207,54.262407302856445,56.42229652404785,62.127967834472656,104.5067367553711,18.42058051857573,41.84753374169226,60.70347268697408,62.323869841774496,40.16016847927345,-0.562032368277228,-0.827115238046483,-0.451239854386693,-0.892402708317874,-0.37028717476357,-0.928917331201013,-0.462006654278393,-0.886876457801472,-0.886982259113166,-0.461803499357145,0.11608893651295,0.082201216923933,0.060102058297736,-0.062192524973769,0.050329210586778,5914.712158203125,15177.90380859375,30998.9697265625,56853.751953125,93087.91796875,,-5.567644790943859,-6.220048508641772,-7.048339691817304,-6.887760602014438,156.63779478484196,-0.012464680202074,0.999922312856084,20.863638533653134,-0.001830946475376,0.999998323816097,10.707459163324689,-0.000564683110312,0.99999984056648,104.11257889474543,-0.000691132519946,0.999999761167891,2669.1294604492145,85.5371704101563,5.0969848632807,1.9593505859375,85.8047485351563,23.68749999999818,,354.9417120361111,68.6707202148412,865.9124961364598,,730.9315713077627,,16.746367496138518,11820.33977508545,0.950770549251081,,420.0,4.485487405709056,87.720183,6.17686653137207,480.48088489390415,392.7607018939041,447.74268413678993,447.74268413678993,True,0.30824602,-0.21526006,-0.11490497,-0.029716033,-0.047621086,-0.10281828,0.1034884,-0.15131381,-0.051288404,-0.16515534,0.21788429
46,OliveiraFrades_15102017,2017,1615,p,2017-10-16 02:00:00,2017-10-16 03:00:00,289.083333,289.125,rep,8,2,2.25,2.25,,147.511457,,1471.426788,0.0,1.0,3,455.0009765625,-0.999999363372266,-0.001128386042972,21.0,3.0,0.0,0.0,0.0,0.0,227,17.1,0.180257517695426,0.249857003919804,0.089672815799713,0.145621430873871,0.199166555702685,0.286682128906248,18.147607421875023,9.241845703125023,56.18364038893788,913.9848642125745,969.9790625,4479.5009765625,13.397321731430164,6404.68754487914,1.779769897460938,36.6603196403482,990.0371843941434,89.12407255927494,6.948689842285625,-0.81975041850139,-0.572720919267662,17.75567907964513,-0.642726352255496,-0.766095840033311,0.00098546498504,0.000989354889097,19.401031494140625,13.634872436523438,4.075332641601562,-13.982315063476562,-38.74884796142578,53.26239013671875,53.738346099853516,55.70886039733887,61.19890594482422,105.04126739501953,16.12833840389881,42.90240711640858,60.013096613669404,62.231128361304236,37.74531150752175,-0.615893431777497,-0.787829474374586,-0.449473452379248,-0.89329368944725,-0.378628800207628,-0.925548611177896,-0.450320938710659,-0.892866760585672,-0.895877366950525,-0.444301410515198,0.110052857391367,0.079878570172035,0.044048508034818,-0.073410918229756,0.045142885366707,5916.872314453125,15185.61865234375,31006.5888671875,56864.72265625,93095.5,2.639727589328949,-6.291717327332272,-6.151395722041242,-7.051354654692274,-6.903382641477915,104.98232264153364,-0.006049523149469,0.999981701467414,20.60677511556433,-0.002082837349393,0.999997830891936,10.726073286554454,-0.000769760248635,0.999999703734536,115.24048296212152,0.001234574949748,0.999999237912056,2996.859472656244,85.0985717773438,2.872619628906,1.25732421875,85.2767944335938,13.687499999999037,,328.0742126464613,63.6957214355437,849.0114821369964,,708.3915601902502,,16.45017417906469,10372.30224609375,1.138823361710416,,420.0,5.00066210678188,147.511457,6.208398342132568,495.90474219985003,348.39328519985,236.18049220397168,236.18049220397168,True,0.31132257,-0.20257464,-0.11089838,-0.0065201125,-0.048738323,-0.10251413,0.07333156,-0.15608329,-0.045463838,-0.16561072,0.2345059
46,OliveiraFrades_15102017,2017,1625,p,2017-10-16 03:00:00,2017-10-16 13:00:00,289.125,289.541667,rep,1,3,922.5,92.25,182.860837,186.577025,1602.026013,1710.518546,10.0,10.0,3,554.1111299511666,0.82358004221222,-0.567200065294176,22.0,7.0,2.612152186257808,36.65530948324815,32.96422487223168,5.0,234,17.90214285714286,0.17472967318038,0.244225477778689,0.085475986059959,0.141761428109398,0.193022853129458,0.280995744761922,19.514515058472615,11.8478942182246,61.77119556122687,894.7617316498261,963.2509766931151,4864.12941542323,14.395391522134593,7745.5590548930395,1.878978385217571,41.29559454273239,1082.6142010927927,90.34246692191523,6.376930108225626,0.045663902362306,-0.99895685993993,13.527408123111078,-0.11960169524651,-0.992821955082663,0.097833200250066,0.1690582399829,18.049231547346974,12.925209472375677,3.167252701940535,-13.736864761851303,-39.36544286793125,70.80997734779409,65.46040893612653,72.93515138585775,44.24649270812321,104.83348704438944,17.321150327691747,34.4296669061072,59.88211967740752,48.59221253206056,49.37287523510789,-0.109500251201403,-0.993986768013956,-0.297941484195654,-0.95458413562938,-0.312568304051827,-0.949895286493288,-0.592829844581485,-0.805327744072867,-0.785804275557822,-0.618475254569693,0.075397977022717,0.096540725192107,0.052131913191559,-0.008796615185968,0.168673391606266,6005.366605458985,15250.809957692974,31016.44119243112,56888.53450403833,93043.23904361036,-22.0633743656473,-5.591052579817731,-6.27907355596804,-6.60091111026899,-7.143667704813188,226.38179961281404,0.03895649134026,0.999240907780729,20.28391945232764,0.002078549623695,0.999997839813398,7.825440210817252,0.002178679527367,0.999997626674942,55.266018902870265,0.01812572674903,0.999835715520215,1424.5509020670481,93.8317864365698,25.025431840687702,34.2338644868479,96.2408872296644,50.00032762704114,,544.2609329576518,216.26670401070874,859.6512219632949,,786.7114934615166,,17.209325503306978,12223.88067413321,0.823275637635615,1130.557434,480.0,5.2341895610552465,186.577025,5.188936710357666,178.2778272946419,-8.299197705358097,-4.448134868351608,4.448134868351608,False,-0.4768683,-0.15700175,0.11015349,-0.21439393,-0.022988718,0.09839896,-0.08245838,0.033704486,-0.04939241,-0.22729996,-0.060462173
46,OliveiraFrades_15102017,2017,1624,p,2017-10-16 03:00:00,2017-10-16 13:00:00,289.125,289.541667,rep,3,3,189.5,18.95,194.736635,194.784971,2035.337147,2035.842348,10.0,10.0,3,436.7929110738255,-0.99868627382063,-0.051241843080296,22.0,6.0,0.0,3.377386196769457,52.56975036710719,30.0,227,18.02387434554974,0.17781155846703,0.248899913471547,0.087328236233699,0.142204667327001,0.196993891377779,0.286512799717323,19.650076598341084,12.364509697145927,63.382042651260555,866.4072659097236,970.7584736418238,4606.172042611673,14.72365588675598,7461.943413231583,1.781497550708042,36.10559348778394,1009.2723591325888,88.79045943481344,6.556976551581941,-0.015769541538049,-0.999875653048758,13.359525208015024,-0.163796375353592,-0.986494169988361,0.071282948286565,0.105809273837785,18.11897725907289,12.75850298698711,3.195507885571027,-13.735473427788783,-39.358708195017606,69.50542719630178,67.27977421972213,72.43324653975763,44.13903961629492,105.34359316058107,15.070434718101929,34.87325764785642,60.038678636493216,49.05696225406534,50.27394131408516,-0.131144363763464,-0.991363281473082,-0.297458697090059,-0.954734687505112,-0.317777583540598,-0.948165284852329,-0.594366533208175,-0.804194270187307,-0.780756273269838,-0.624835691802088,0.075030334506885,0.082620902164002,0.054480242662731,0.000625726636516,0.175178322246022,6005.338186505218,15248.80117324624,31014.218308310166,56885.07774909918,93037.15866534444,-20.627069555807104,-5.849056282248674,-6.15361915099732,-6.611401210296847,-7.142178311331091,97.10955096359075,0.011538214210139,0.99993343259081,20.26937332020877,0.001648546612903,0.999998641146109,7.939014666580049,0.001955384370943,0.999998088234153,56.1633328685389,0.013503890530238,0.999908818313224,1457.9626401001785,93.8237970159603,28.0054078446781,33.7903267335602,96.283345964443,52.232131606669604,,538.1989761863181,207.5067711418092,871.3339695263327,,787.5875105308173,,17.125533177159024,10251.450822950455,0.718817537733397,1180.977275,480.0,5.277016970255659,194.784971,5.210954666137695,182.26893535245804,-12.516035647541969,-6.425565372567665,6.425565372567665,False,-0.4768683,-0.15768133,0.18144313,-0.2219986,-0.027911156,0.12705086,-0.05555822,0.034237724,-0.04999582,-0.232252,-0.06282944
46,OliveiraFrades_15102017,2017,1623,p,2017-10-16 09:00:00,2017-10-16 13:00:00,289.375,289.541667,rep,7,3,98.75,24.6875,,287.892007,,3111.872689,0.0,4.0,3,401.1017405063291,0.23848513511696,-0.971146147769863,21.0,4.0,0.0,0.0,61.77215189873417,36.0,227,16.455882352941178,0.175531888749002,0.243681025315938,0.086461492717266,0.143480346560478,0.193539877057074,0.279738769531248,21.503320312500023,12.017675781250023,55.120359637182084,1166.8341617527692,961.3241249999999,4985.77001953125,12.447855526871447,14715.04387079887,1.767831420898438,42.44632248252633,1094.2917011565191,90.74501784793588,11.88923441939469,0.13545471676732,-0.990783538269326,17.108084830954837,0.001387656009051,-0.999999037204937,0.005497541086721,0.005718375257485,18.882696533203124,12.407757568359376,2.8720947265625,-13.499578857421875,-39.741799926757814,66.05859069824218,71.16799774169922,81.09671478271484,16.041895866394043,101.58658599853516,19.873447718381552,34.387442711080546,56.174251416018194,40.15680383636534,56.31835214457384,0.029500080413136,-0.999564777918679,-0.194967435937105,-0.980809715961313,-0.249871910313463,-0.968278900129658,-0.658849655447445,-0.752274638358082,-0.785600878993491,-0.618733592852897,0.083798210666591,0.121495273581379,0.04979280366689,8.9615947839e-05,0.244713689417887,6075.38427734375,15325.1474609375,31069.401953125,56962.66484375,93053.996875,,-7.065099188464133,-6.136031322660163,-6.392996397812453,-7.314713535009197,229.98298169423828,-0.015023282373048,0.999887144125146,17.4178089002518,0.00188770068348,0.999998218291478,5.423101301592277,0.00255732004698,0.999996730051742,49.90826017117355,-0.001878042899838,0.999998236475878,1872.2058837890709,92.35593261718759,20.4580566406229,37.8159423828125,96.2903808593749,10.259999999998083,,988.8428842773535,188.30842895508178,835.2538946966749,,807.9492278688465,,16.328384958454432,12406.504173278809,0.61234622357654,,840.0,5.666052940076644,287.892007,5.707149982452393,300.0119552661749,12.119948266174902,4.2098939781176,4.2098939781176,False,-0.099151865,-0.14301147,-0.11012612,-0.085923605,0.0034755226,0.1578849,-0.05190606,-0.1310334,-0.027536845,-0.06762037,-0.050152134
46,OliveiraFrades_15102017,2017,1633,p,2017-10-16 13:00:00,2017-10-17 02:00:00,289.541667,290.083333,rep,1,4,186.5,14.346154,66.558701,69.258399,654.92556,672.792541,13.0,13.0,3,553.014880952381,0.077169441811303,0.997017992440724,32.0,4.0,0.552486187845304,5.248618784530387,25.96685082872928,19.0,223,17.02631284916201,0.176025321159622,0.243761546363806,0.119059366198258,0.141029724311063,0.191770726972806,0.279600818958613,18.950646722145045,13.584604715742083,73.8854634462463,670.2038364483416,962.3032306115716,4787.5647133504235,16.458485391076216,6918.658279440015,1.861844432747387,34.16606838284689,1047.672797531558,83.40999533463506,5.336234514312844,-0.64911071742812,-0.760693944053686,7.65061821965558,-0.756837311484822,-0.653603307782654,0.192479735472325,0.201392952170305,17.1599150395655,11.821514138136065,2.097825272641292,-14.17385162979677,-40.94305937230994,78.98175513121537,90.29640115637467,78.71073398880694,52.504112031985684,101.02180150714943,10.256298532206829,39.648267175311375,60.12471986780879,50.24095812083467,69.22837798917386,-0.513655324739853,-0.857996624332751,-0.050927256466487,-0.998702365346551,-0.299353087324476,-0.954142405047226,-0.322292987116047,-0.946639968760994,-0.627957806889513,-0.778247385325844,0.073133985964588,0.147083827494979,0.100631666703706,0.105031127255401,0.053334145127319,5925.650447053823,15166.869650926144,30843.749938539877,56707.148738709475,92770.4872826957,-13.990934950253736,-5.824971027706894,-6.257022761852882,-6.353948561826757,-7.461604933449677,94.50769844462535,-0.184805586342157,0.982775099021506,21.502153818787896,-0.005701245888303,0.999983747765593,8.648792846932619,-0.002726010090468,0.999996284427591,29.4671983939764,-0.00946122463718,0.999955241612526,751.5819681212035,96.8134888304734,42.0660573160158,45.1136000312604,98.21239788707909,92.25633974138931,-0.096492844515774,475.5008570648389,166.181042530059,890.4351228538774,,865.3346933916492,,18.102459250674535,9585.224693159636,0.614370674541304,186.577025,1080.0,4.252179859786143,69.258399,5.587991714477539,266.19846970056307,196.94007070056307,284.35550567746026,284.35550567746026,True,-0.4898611,-0.21275325,0.16484603,-0.2009832,0.024583675,0.09231111,0.092114694,-0.09405563,-0.20408857,-0.3133474,0.34876063
140,OliveiradeAzemeis_14092024,2024,2852,p,2024-09-14 15:50:00,2024-09-14 17:30:00,258.659722,258.729167,airb,1,1,19.75,11.85,350.827361,350.827361,3415.59672,3415.59672,1.666667,1.666667,4,225.69757908950618,0.990132110305191,-0.140137090531337,22.0,4.0,1.234567901234568,0.0,98.76543209876543,14.0,223,16.69,0.186575597111875,0.260639041952499,0.084480885714289,0.136525164544578,0.211099514663213,0.299826049804681,26.866601562500023,7.587060546875023,29.522072788896885,2489.8155664374294,980.43375,3447.878173828125,8.139297597462182,21822.90346340186,0.308448791503906,34.50794654168832,748.3906654610757,92.45355287013831,8.790509545461328,-0.369564154360066,0.929205217275565,11.809964323166968,-0.578821794802924,0.815454063611876,0.000561592200888,0.000567777470642,23.064926147460938,14.73309326171875,8.116195678710938,-9.291488647460938,-39.529502868652344,30.021660804748535,38.67213439941406,5.966185569763184,10.025206565856934,94.58179473876953,10.325516050279397,3.598474765955041,2.358435883072563,7.061916722269795,16.78906548942464,-0.490579123770525,0.871396650969318,0.882698521552096,0.469939698312182,-0.716499897175542,0.697587196949197,-0.798436977806668,0.602078393957925,-0.71972206049298,-0.69426231039841,0.051165173135157,-0.038523575014396,-0.015899428954043,-0.03220302137109,-0.001570054663299,5973.631103515625,15322.72265625,31205.8330078125,57587.42578125,94060.21484375,-19.23453914192941,-9.091240254014721,-4.25785721472923,-6.797549598126615,-8.428494345472963,5.028210762578127,0.013931792752116,0.999902947865798,-2.626601037694807,-0.000261638747593,0.999999965772582,-0.44457753444537,-0.000836663468573,0.999999649997059,26.924939059624926,0.009948395946997,0.999950513484583,,30.5566406249976,0.0,0.0,30.5566406249976,0.0,,1038.5553308105477,147.87916259766484,737.7753098660579,,606.2625293302408,,16.72846416784259,5167.1693325042725,1.557110724014986,,0.0,5.863140603582775,350.827361,6.23012638092041,506.8196581562821,155.99229715628212,44.46411953493049,44.46411953493049,True,0.25824296,-0.08189382,-0.0906993,-0.033585478,0.1980713,-0.014705015,0.13234557,-0.09786865,-0.23477104,0.09276188,-0.06423032
140,OliveiradeAzemeis_14092024,2024,2853,p,2024-09-15 14:50:00,2024-09-15 18:30:00,259.618056,259.770833,airb,2,2,98.0,26.727273,598.401578,598.401578,5762.80227,5762.80227,3.666667,3.666667,4,276.7678793532338,-0.97241434689903,0.233260236527646,22.0,4.0,0.0,0.0,97.76119402985076,19.0,223,16.382,0.18220303235426,0.258804821969362,0.078666664436456,0.131027123183007,0.207195374965662,0.29933486938476,28.741235351562523,5.496972656250023,22.942581269271937,3040.5363693256704,978.36953125,3447.878173828125,7.070182354926187,21236.555845229952,1.483051300048828,40.970791019445045,755.3606565240608,93.96463279704687,6.953684202657659,0.03555432981102,0.999367744942616,10.442782551131437,0.114861385581004,0.993381528971831,0.017087733998418,0.020044012438341,26.38904571533203,17.197006225585938,8.230903625488281,-9.674095153808594,-38.89977264404297,21.97573947906494,34.34259510040283,19.263401985168457,11.175094604492188,38.200119972229004,10.757902579357344,14.050236169063886,18.363111854331635,7.108014315630551,45.211460132068915,0.348739197160391,0.937219810057345,0.976668991584837,0.214750275614857,0.99019611969744,0.139684088342706,0.467976121091814,0.883741110330316,0.62263396820187,0.782513221384274,0.026704179135905,0.032291043248006,-0.011129772996744,-0.054522732284784,-0.038512080941886,5801.0419921875,15245.039794921875,31208.3662109375,57551.1240234375,94015.1484375,-12.258560052957302,-10.02985064290912,-5.769529324719373,-6.991746574452748,-8.14631727027977,19.918107988770103,-0.260156001043543,0.965566597972937,4.082930547407826,-0.012279047046773,0.99992460965996,-0.077243064860135,-0.009427439120842,0.999955560708386,39.034262602347326,0.017351693277807,0.99984944803725,,0.01171875,0.0,0.0,0.01171875,0.0,,1122.8850054931643,313.6822965494869,694.9651400496115,,596.8424197872935,,14.523282968674152,5634.936451911926,1.944809402792163,,1380.0,6.39593178751173,598.401578,5.55881404876709,258.51488175551924,-339.88669624448073,-56.79909758601618,56.79909758601618,True,0.029798951,-0.075491376,-0.07954282,-0.048034124,0.013100584,-0.011300414,-0.029098071,-0.094678394,-0.12972464,0.18024752,-0.08262966
140,OliveiradeAzemeis_14092024,2024,2854,p,2024-09-15 18:30:00,2024-09-15 20:00:00,259.770833,259.833333,sat,2,2,200.5,133.666667,725.063913,1168.361625,6449.991329,11374.974053,5.166667,1.5,4,285.22513398486757,-0.605559993238161,-0.795799657319226,21.0,4.0,0.505689001264223,10.240202275600506,39.69658659924147,13.0,223,16.669693877551023,0.182079092054063,0.258729304947134,0.078587931841609,0.130933155715461,0.2070582973957,0.299284973144525,24.608666992187523,5.431787109375023,29.125291661737606,2194.28808582175,978.244375,3447.878173828125,8.311922383454087,20185.888439751237,2.005134582519531,40.970791019445045,755.3606565240608,93.96463279704687,9.081494224808145,0.075754479401437,0.997126500926847,18.284592685314465,0.165000659328656,0.986293456543796,0.009368791879339,0.00939139231786,25.876556396484375,18.01300048828125,8.002731323242188,-9.37921142578125,-38.32567596435547,19.95132064819336,26.609869956970215,21.032663345336914,11.382884979248047,29.634621620178223,18.29787505235837,17.761231683317376,17.77387940127863,13.54260940964118,69.11638900960843,0.485831962427318,0.874052232011349,0.976534995506767,0.215358776349138,0.990317335570095,0.13882209791437,0.502635788592654,0.864498273003388,0.749732178454,0.661741384976502,-0.11531381927667,-0.158148748838281,0.009671795653877,-0.01396043754777,-0.01390254093013,5798.1083984375,15245.2861328125,31221.10546875,57559.001953125,94060.609375,14.099649233833928,-8.580282033103135,-6.441432144151232,-6.787497735735164,-8.0684899114117,40.49702883634201,-0.251654981492456,0.967817012812872,2.619225895764779,-0.011957912311847,0.999928501610561,0.520800414089567,-0.009121764972688,0.999958395836438,84.03667954429952,-0.563303296710175,0.826250201764241,,0.1296997070312,0.0,0.0,0.1296997070312,0.0,,132.29477752685972,71.61734436035076,736.2063222419574,,572.2212007630624,,19.344653357033792,9230.891227722168,2.480678081226899,598.401578,1600.0,7.064213259229111,1168.361625,6.616049766540527,745.9884824003523,-422.37314259964774,-36.15089143309099,36.15089143309099,True,0.30505332,-0.09281411,0.16526893,-0.05777583,0.018122692,0.11929407,-0.027329102,-0.11245267,-0.055607866,0.15184543,-0.11779653
140,OliveiradeAzemeis_14092024,2024,2856,p,2024-09-15 20:00:00,2024-09-16 04:00:00,259.833333,260.166667,sat,2,3,99.0,12.375,74.331526,80.36238,723.679353,782.394737,8.0,8.0,4,310.3849378148615,0.763654154544174,-0.645625535622177,22.0,4.0,0.0,0.0,81.36020151133502,13.0,223,16.69,0.182074465192352,0.258707014306119,0.078271770973997,0.130973438885472,0.207070859803088,0.299253336588536,19.5772406684028,2.425493706597245,32.49499315580312,1544.3767186906775,978.0405555555556,3447.878173828125,9.266605016037339,16468.01464333571,2.447838677300347,55.1112377506304,759.279170077571,95.03616138939636,9.99355430003174,0.882231868200298,0.470815176828245,21.11794302537745,0.888290106699256,0.459282795606611,0.060900825165627,0.065510710626263,25.111314561631943,18.857459174262154,7.961781819661458,-9.071258544921875,-37.24776373969184,13.967037518819174,16.653853840298122,20.305823432074654,9.02607282002767,25.17896991305881,26.967778003608828,18.728086811979335,18.078966487956365,23.654926484761614,98.17629841783021,0.963448085011987,0.267895105380326,0.999964387244913,0.008439445592327,0.916655879170513,0.399677368864105,0.706596828382251,0.707616366486915,0.861611274475028,0.507568726082999,-0.254319878185887,-0.100704069163022,-0.010672848398882,0.011296382541699,0.049883900589037,5775.829698350694,15223.233289930555,31206.639756944445,57529.938368055555,94107.78298611111,31.404200893709188,-6.823864883048297,-7.011176741315097,-6.651254383736269,-7.853872710426651,89.25094414767442,0.013978666826442,0.999902293663614,2.766180908943775,0.00060050686511,0.999999819695736,2.5522407861975,-0.001139672913279,0.999999350572614,128.56264480038192,-0.014544741276713,0.999894219655856,,0.1813286675347,0.0,0.0,0.1813286675347,0.0,,134.20384899563362,60.714798187255795,756.8676294553388,,524.035004658772,,22.964603326695272,13846.494144863553,2.263593098253558,147.752285,1690.0,4.398913004016484,80.36238,5.435581684112549,228.42626308158614,148.06388308158614,184.24526884543008,184.24526884543008,True,-0.37353307,-0.15434387,-0.1179215,-0.059414607,-0.04623781,0.034709617,-0.17323424,-0.13957515,-0.020616613,0.061244983,-0.10611128
140,OliveiradeAzemeis_14092024,2024,2862,p,2024-09-16 09:30:00,2024-09-16 15:00:00,260.395833,260.625,sat,5,6,370.75,67.409091,235.820938,235.820938,2295.91335,2295.91335,5.5,5.5,4,220.83919182496606,-0.922700696262201,-0.385517087970494,32.0,4.0,0.0,18.84057971014493,2.070393374741201,6.0,223,16.462722371967654,0.173516620485521,0.25338032666579,0.07033122750719,0.12171826456359,0.198656387502311,0.295636255861699,28.248667240150393,-0.144196062523714,15.827833655216146,3249.8795018858073,980.9871261187694,3069.8813713866343,6.166062985783927,48010.09697952797,2.901201483587465,66.35184107778038,769.7759121178042,95.97023849112385,15.076003071398825,0.990348327303036,0.138600831916977,24.061001075503544,0.99283227615676,0.119515988141285,0.002600490653539,0.003078265147069,25.22101344190096,19.622517369156544,7.820114401981613,-7.236393103342023,-36.69928508696688,13.559125282291442,11.825624527772442,12.68622083603887,16.155641645169247,55.15340687854183,29.19319890128343,9.656653369397379,24.05397272439567,43.96234432766482,79.04336250547351,0.997940177359655,0.064151402255765,0.9974490735253,-0.071381690394114,0.991481640284189,0.130246523866759,0.973118368340819,0.230305538790759,0.925342574599906,0.379132060940271,-0.24285959881961,0.000524178283173,-0.080878905028081,0.03198395493328,0.063212183207403,5681.333226927191,15136.832493949298,31125.692693297562,57594.154202267266,94462.93507913007,-20.9421130236408,-6.108772650202226,-7.594638725250483,-5.879435462195691,-8.212438047973057,54.1735649647156,0.004956084748496,0.999987718536566,2.52461990802031,3.8650272715e-05,0.999999999253078,5.014714397182432,-0.000312518440686,0.999999951166111,71.67978860603206,0.002462677242305,0.999996967605802,,8.5743196176649,0.0,0.0,8.5743196176649,0.0,,742.6583215161614,131.2096090281897,644.8505299245818,,469.26276512164463,,16.206675408239754,14613.30131572765,2.908518499948987,,2500.0,5.467304319709087,235.820938,6.140473365783691,463.2732899411658,227.45235194116577,96.45129642439373,96.45129642439373,True,-0.20790435,0.18835342,0.08171384,-0.043034792,-0.14447019,0.01660649,-0.15979531,-0.13401242,0.08242691,0.15184067,-0.096667804
140,OliveiradeAzemeis_14092024,2024,2863,p,2024-09-16 15:00:00,2024-09-16 17:30:00,260.625,260.729167,"sat, fops",5,7,207.25,82.9,309.783584,309.78089,3016.001346,3015.975113,2.5,2.5,4,275.59789270581115,-0.963502227456835,0.267700313196899,22.0,4.0,0.0,5.42929292929293,0.631313131313131,6.0,223,16.29905472636816,0.175765220276496,0.255862650865645,0.072220836734805,0.123711882990141,0.201014258718237,0.298242243769957,30.4066849380569,0.81176913944229,14.94465290172168,3686.913289273436,976.3790615507036,3382.9692308285325,5.831914995025016,39922.815978547915,2.480729209869947,66.41127365556208,763.6781587371598,95.90658153548152,10.767434963233436,0.926566815591467,0.376130211821236,16.59472314952302,0.962737426560125,0.27043788103812,0.004388053296957,0.004538488884122,27.85062378582236,19.357849650414085,8.39639123067419,-7.045388695152842,-36.82627102313878,13.406224163638406,14.671585396802135,11.004768070139347,33.318342027445254,81.64054226353345,18.671853779209854,20.654651408372988,21.51886994922558,41.667742592731734,71.09677767409637,0.979712596655635,0.200407654430346,0.999997073374041,-0.002419347712159,0.999405239390725,0.034484307711885,0.942619467229314,0.333869046184763,0.873575939069569,0.486687865760716,-0.123042707994476,0.003289529194872,-0.025770100501158,-0.011819667173002,0.056938229888825,5579.371329629438,15059.155516432353,31074.85755888961,57589.011732903375,94452.22074284067,-19.645350575000766,-9.266850541398133,-7.053505699755497,-6.029880997517394,-8.30107415349761,35.695294528634896,0.010379031984921,0.999946136396884,3.650611041282397,0.00184615073127,0.999998295862287,5.743201394729407,-6.7523832408e-05,0.999999997720266,53.4204184832985,0.007704934157567,0.99997031655426,,20.2504407727012,0.0,0.0,20.2504407727012,0.0,,1104.8045535275828,184.4667316572196,631.6282701674269,,477.4477152216811,,14.559179414879067,9341.799081722327,2.705492994060082,235.820938,2830.0,5.7390881301166345,309.78089,6.1211442947387695,454.38549169220846,144.60460169220846,46.67963917729349,46.67963917729349,True,0.15751614,0.10946819,0.14615095,-0.0513929,-0.13591503,-0.0969759,-0.13393453,-0.11250695,-0.035425205,0.14221261,-0.105050765
140,OliveiradeAzemeis_14092024,2024,2864,p,2024-09-16 17:30:00,2024-09-16 21:00:00,260.729167,260.875,"sat, fops",5,7,569.0,162.571429,376.643487,628.086469,3470.320112,5754.755033,6.0,3.5,4,220.00237306843266,-0.226094917946389,-0.974105275665221,22.0,4.0,7.563405797101449,0.0,2.490942028985507,2.0,223,15.736707530647989,0.16632665862596,0.245853411162646,0.066590740827851,0.115629374849895,0.190809913957684,0.287931058007453,26.352404774728715,1.759034145540348,20.50553348205515,2759.2903032603617,985.7931961869745,2412.3508003824563,6.982501009122518,24694.98225891537,2.488563622551517,66.44519382016,785.5900342901642,96.09231387573612,8.890054109497866,0.613962322760715,0.789335331928241,17.6970391655706,0.757206650488975,0.653175388739707,0.015751834564203,0.014882468554054,27.634094010755355,19.48482005515902,8.507692810055984,-7.317662659330888,-36.82497171133102,13.132859364302629,14.160219608869964,12.358595650267791,46.70589612597346,66.20484373318678,23.53139287054838,29.587362598876528,23.03443111871231,47.65084399011255,55.4654135518401,0.934612187458022,0.355668467895218,0.998534954985451,0.054110476547553,0.903318001952833,0.428971546081953,0.864608772260384,0.5024456895331,0.844592689695088,0.535409365358524,-0.161355385238078,-0.077077843185777,0.024953475728376,-0.020351930533742,-0.098290227563694,5557.013306526869,15040.48009134923,31059.145622205317,57593.54143761814,94427.6718439564,14.717731476117816,-8.892041936281778,-7.063588313288779,-6.179663917124701,-8.224818788550298,54.12585033883131,0.02535765804645,0.999678442889712,5.037082670694593,0.002157388555045,0.999997672834603,7.203705821850525,0.000822377212792,0.999999661847803,95.34802477962579,0.010960456324386,0.999939932394522,,2.2510114966919,0.0,0.0,2.2510114966919,0.0,,249.97161148924786,159.71788395409155,685.3555982879617,,511.91882562904374,,20.910064196459093,11792.412951515165,2.93113074623837,309.78089,2980.0,6.44426871784046,628.086469,5.857182025909424,348.73720370834513,-279.34926529165483,-44.47624317339892,44.47624317339892,True,0.030079495,-0.078349814,-0.08780702,-0.060312454,-0.17999402,0.017410733,-0.11402293,-0.1116788,-0.033625178,0.16688827,-0.08258312
140,OliveiradeAzemeis_14092024,2024,2865,p,2024-09-16 21:00:00,2024-09-17 03:00:00,260.875,261.125,sat,5,8,141.75,23.625,205.221194,211.071405,1997.999338,2054.956018,6.0,6.0,4,385.34021017699115,-0.795522616502286,-0.605923895083663,21.0,4.0,0.0,0.0,70.87198515769944,13.0,223,17.33757142857143,0.176102037748263,0.256281778122368,0.072097712925499,0.12417553544044,0.201358799168036,0.298704921177449,21.365869140625023,2.433670479910737,29.011966811942226,1810.3353683476525,975.0118750000001,3447.878173828125,8.621016638737757,25909.55864953742,2.679458618164062,64.18420310248807,766.1587377182752,95.25701786883324,14.523023141670182,0.97013053201211,0.242583492550297,31.98158302511621,0.979628731236881,0.20081720278706,0.006679247027922,0.009063961758393,23.639090401785715,19.819410051618302,8.460492815290179,-7.221697126116071,-36.51175144740513,21.70338807787214,15.487487929207939,20.439191818237305,37.251947675432476,38.26024491446359,43.71701078091007,36.32341572089655,27.08382205718309,40.59402291662572,57.05480043666852,0.988733033842483,0.149689638214006,0.994553196343398,0.104230224230448,0.576892223370514,0.816820275589817,0.679688317013822,0.733501050929662,0.775996324349129,0.630737429202233,-0.446736618222933,-0.347923881743764,0.109819708047503,-0.059264153165037,-0.061210500216505,5483.118303571428,14924.427176339286,30948.64481026786,57480.044642857145,94388.21651785714,13.815755916024347,-4.167826243410991,-7.30926345760773,-6.123759021392698,-8.164261562274437,148.4976558443834,0.007318617942641,0.999973218557082,4.375005923771901,-0.00472088291484,0.999988856570164,4.981251886598974,-0.002013405749829,0.999997973096589,181.6653403413311,0.003310890073445,0.99999451898844,,10.3011125837043,0.0,0.0,10.3011125837043,0.0,,466.75351693289343,169.5322072346997,735.231502330423,,505.5406242288974,,23.06460339729608,21877.31102534703,2.160097574817367,628.086469,3190.0,5.35692303399996,211.071405,5.613225936889648,273.02680686867575,61.95540186867575,29.35281634604922,29.35281634604922,False,-0.38267386,-0.11666919,-0.09907543,-0.028501965,-0.18638498,0.15537591,-0.19015229,-0.02945884,0.16145433,0.05565718,-0.08685396
140,OliveiradeAzemeis_14092024,2024,2867,p,2024-09-17 03:00:00,2024-09-17 11:00:00,261.125,261.458333,airb,5,8,204.75,25.59375,115.133565,115.061665,1120.921202,1120.221195,14.0,8.0,4,413.02459455324356,-0.429144370408378,-0.90323591012913,21.0,4.0,0.0,0.0,73.92900856793145,13.0,223,16.774411764705885,0.176206207585329,0.256273104765005,0.072155698935188,0.124459512498639,0.2014150153266,0.298636542426209,19.5984809027778,5.798811848958356,40.67672687507608,1369.2150773165001,973.8359027777777,3447.878173828125,10.360833310982414,24947.371574626137,2.662129720052083,62.50465907767014,768.9673053166974,94.77974307300124,18.095578886807427,0.993529487141454,0.113574460951571,34.47728573100659,0.987310363110382,0.158802540580577,0.000426364001574,0.000434507241461,19.347476535373264,18.316324869791668,6.9920654296875,-7.45778062608507,-36.060294257269966,36.257515377468536,18.343828837076824,26.643037796020508,28.05046272277832,38.09711032443576,44.887210948575586,10.65033629534028,29.10200447903166,54.60240370422295,72.05668643754325,0.992094346426984,0.125494254002388,0.911472054189041,0.411361999256629,0.429246951227559,0.903187164912038,0.517509213041201,0.855677634636711,0.546089748749871,0.837726677568706,-0.472996089364574,-0.025559527499045,-0.015642033490867,0.022245928113619,0.220716923078146,5356.193901909723,14728.259548611111,30652.991102430555,57116.48828125,94022.55729166667,-5.460902583576263,-1.125136288579638,-7.286961775309103,-5.642539433101532,-7.972617601251217,127.34253865187637,0.002649986252627,0.999996488780266,3.135364296455693,-0.006451986574157,0.999979185718006,6.540655460819838,-0.002937395029591,0.999995685845914,150.9016660594261,-0.000708078173864,0.999999749312618,,18.4163411458331,0.0052083333333,0.0,18.4215223524304,0.0,,485.68644571939666,55.047730712890754,792.4569378300025,,564.6893796463652,,23.30093932100727,22451.594352722168,1.540275401861606,145.521577,3550.0,4.7541216446874754,115.061665,5.401659965515137,220.774248429858,105.712583429858,91.87472076808379,91.87472076808379,True,-0.38495687,-0.0987879,-0.1190105,0.037859973,-0.18043548,0.11698626,-0.18578911,-0.15977545,0.19206864,-0.051132493,-0.10030148
140,OliveiradeAzemeis_14092024,2024,2868,p,2024-09-17 11:00:00,2024-09-17 15:00:00,261.458333,261.625,sat,5,8,200.5,50.125,95.875081,169.316852,933.423809,1648.440651,18.0,4.0,4,396.3407069288389,-0.998276298920765,0.058689275111037,32.0,4.0,0.0,0.0,60.79900124843945,13.0,223,16.602487562189054,0.176307516067023,0.256188288245641,0.072486325621602,0.125108549714084,0.201334274768823,0.298453247070306,26.002636718750022,5.908593750000023,27.872450479865485,2436.110596577678,971.9555,3447.878173828125,8.004644692426973,36107.93223789108,1.141607666015625,62.504659077670134,768.9673053166974,94.77974307300124,15.168574700640342,0.995793820271136,0.091622418161803,23.398997858300078,0.986803191382314,0.161924246108112,4.5063720596e-05,4.5177130777e-05,22.7414794921875,15.902984619140625,7.619769287109375,-7.65333251953125,-36.04627990722656,29.013199234008788,24.05465621948242,5.028213500976562,27.52592887878418,42.94460258483887,24.799316259652503,19.403353698340407,24.926385892220104,48.36350248652251,109.07672093040266,0.989423281558137,0.145057126370022,0.878765274685159,0.477254221571184,0.476029204863832,0.879429471940023,0.306873963775037,0.951750161732058,0.479411942361844,0.877589989414672,-0.204316201045099,0.019162003825911,-0.064291053682041,0.256623007261209,0.201747452087461,5207.50517578125,14557.6044921875,30430.490625,56862.521875,93702.6,-21.24046822658044,-7.461791507257169,-5.330103378540292,-5.964013656416518,-7.914203451256668,39.19289228964248,0.003001644030493,0.99999549505641,2.821194657346588,-0.006008661414799,0.999981947831061,6.086851381241893,-0.003624928093049,0.999993429926577,66.29737950605028,0.00236867873322,0.999997194676594,,5.4090576171877,0.0,0.0,5.4090576171877,0.0,,1063.0183071289105,226.99599975586332,722.4438399688426,,591.0402325502585,,17.69018717365551,12421.138572692871,1.701431176705183,115.061665,4030.0,5.137660537558613,169.316852,6.242127895355225,512.9509821060884,343.6341301060884,202.95329498925975,202.95329498925975,True,-0.21433707,0.14253429,-0.09602932,0.14169048,-0.1812619,0.15578672,-0.18351056,-0.15088427,0.10441828,0.102473125,-0.19689383
140,OliveiradeAzemeis_14092024,2024,2869,p,2024-09-17 15:00:00,2024-09-18 03:00:00,261.625,262.125,sat,5,9,660.0,55.0,146.39429,148.463308,1382.828263,1368.4292,12.0,12.0,4,358.1096237680061,-0.959444706316369,0.28189688810183,22.0,4.0,0.0,0.0,52.066434916956354,13.0,223,16.86514372163389,0.175801001771591,0.255876530426622,0.072371797148995,0.124921616453386,0.200696439605487,0.298244535006003,22.803669621394253,5.121953876201946,32.80814727691925,1937.1584142788165,970.2274038461541,3447.878173828125,8.985924772967756,22123.432072976462,2.184312086838943,56.32793505250085,771.034994874539,94.50091542610676,11.782480308705065,0.972113336912406,0.234511535317618,24.65613756731952,0.98643441643566,0.164155846899336,0.033035450457295,0.039555483585571,23.26966036283053,16.115741436298077,5.747117262620193,-9.341240516075722,-37.960531381460335,28.26902565589318,32.46816547100361,6.603587370652419,12.021701592665453,24.939754779522236,26.67360513043175,25.185147954642687,5.629393763637705,22.330341985296403,55.080943770705126,0.999999207229145,-0.001259182703962,0.770103786542631,-0.637918613894203,0.981149228453908,-0.193251627429891,0.70753871412958,0.706674584237936,0.610548020821361,0.791979238535404,-0.266913613484437,-0.096426992392485,0.010990020217451,0.0306980032862,0.05278578741785,5071.121206430288,14460.151968149039,30263.12530048077,56488.394230769234,93208.59795673077,3.253342193442566,-7.805964979223911,-6.67202728935727,-5.89187271742765,-7.977294059915156,74.49147224181503,0.021448015353755,0.99976996486061,-0.803716721089076,0.003455679129342,0.999994029123052,3.923632804865633,-0.000762705730648,0.999999709139942,134.76138866115795,0.012027280881657,0.999927669641457,,0.0,0.0,0.0,0.0,0.0,,686.9822238393874,483.19729573568367,747.2740622079074,,608.3164354286716,,19.54639311128503,13478.882496173565,1.817806970789024,169.316852,4270.0,5.00705093126939,148.463308,5.005378246307373,148.2135119456285,-0.249796054371501,-0.16825440422727275,0.16825440422727275,False,-0.56927025,-0.13844027,-0.0903926,-0.080736175,-0.24353193,0.13188952,-0.21151106,-0.13756189,0.107419945,0.054260075,-0.096791245
140,OliveiradeAzemeis_14092024,2024,2870,p,2024-09-18 03:00:00,2024-09-18 12:30:00,262.125,262.520833,sat,5,10,182.25,19.184211,76.792298,79.57374,747.637017,774.716668,9.5,9.5,4,404.87919580419583,-0.925873679370191,-0.377833203741418,21.0,4.0,0.0,0.0,31.512605042016805,29.0,223,16.630376344086024,0.176658272109026,0.256099979814768,0.072936843931672,0.126152077496047,0.201473273277277,0.298132629394525,19.367504882812522,8.988720703125022,52.106755209121005,1147.276038164943,971.290875,3447.878173828125,12.25797470009469,13835.157373370408,3.1823486328125,42.43030599586995,775.6872963796825,93.87355322059418,12.493918441786818,0.982516006544385,-0.186178132131769,23.272496522057654,0.993448616303796,-0.114279686576717,0.014350075572521,0.014988673656073,19.363720703125,16.01748046875,3.652783203125,-9.188082885742187,-38.799781799316406,46.54190673828125,37.22762584686279,23.304304695129396,5.152894115447998,29.096047782897948,23.629361122620036,20.49167461250491,13.285335631762614,22.361930915213463,40.28008378786021,0.953289913409309,-0.302056850596161,0.204189573122602,-0.97893136543274,0.575910669214212,-0.817512630535601,0.99720199776873,0.074754101198892,0.820472449152599,0.571686067856771,-0.219063845405184,-0.002663707122028,-0.000982823604272,-0.017683940320331,-0.069913713673974,5159.85732421875,14497.7365234375,30268.3287109375,56470.947265625,93009.5234375,1.617742852902177,-3.651234288485583,-7.956465216505985,-5.014246724979071,-8.253916246854466,50.330140143920694,0.013515706384725,0.999908658668842,-0.357510586994808,0.005045459865343,0.999987271586367,1.72101808668065,-0.00109196552969,0.999999403805463,104.63400275857782,-0.002456366383004,0.999996983127545,,0.0,0.204443359375,0.0,0.204443359375,0.0,,410.70665582275524,138.39933359782216,832.8617840560286,,705.9186238365646,,22.49243393670264,11891.291618347168,1.218233060123126,148.463308,4990.0,4.389172789974517,79.57374,4.9132819175720215,135.0853030707675,55.51156307076751,69.7611587324757,69.7611587324757,True,-0.5589276,-0.19359916,-0.10282241,-0.07172666,-0.23825577,0.09454584,-0.22880714,-0.1378694,0.09472137,-0.07960297,-0.10181374
140,OliveiradeAzemeis_14092024,2024,2871,p,2024-09-18 12:30:00,2024-09-19 03:00:00,262.520833,263.125,"fops,sat",5,10,40.0,2.758621,43.059506,37.779276,419.220173,367.812734,24.0,14.5,4,378.8420621141975,0.442324478984206,-0.896855091579097,21.0,4.0,0.0,0.62111801242236,16.77018633540373,37.0,223,16.69,0.178268405523692,0.256437543001274,0.074376372496284,0.128504892706866,0.202883377750709,0.297796874999994,22.129329427083356,11.947102864583355,57.891599570310945,1346.4412237333372,971.3997499999999,3447.878173828125,13.541291933518492,6533.305932021275,2.697479248046875,40.29374869159298,777.30862613821,93.0480395826978,2.163370522967153,-0.911416207301807,-0.411485719153884,2.272693757832585,-0.960001172333868,-0.279995980538291,0.540766164959549,0.480862415281211,21.725408935546874,14.946685791015625,3.551727294921875,-10.610530598958333,-38.627174886067706,49.71024398803711,64.17378260294596,46.48676452636719,8.094023323059082,60.998085530598956,0.930092500265793,13.708396854454989,16.429755875942917,5.668157946002294,36.28308134823796,-0.948957248581167,0.315404724703453,0.277828750708016,-0.960630618541812,0.038801994588502,-0.999246919042513,-0.241524518134674,0.970394717184617,0.362340512657558,0.932045789050655,0.036750282580879,0.099076103758195,0.014262303184029,0.040912131808027,0.005692952354631,5192.574479166667,14557.544270833334,30332.164322916666,56426.91979166667,92898.87552083333,4.578809424508075,-7.3965718668989,-7.332455374362656,-5.530238752685455,-7.809313343980716,8.375756816664502,0.008648162468951,0.999962603943723,4.30262298409654,-0.003251755972544,0.999994713027571,0.683082948592415,-0.001147702623302,0.999999341389127,21.359826946371996,0.017338290112693,0.999849680550016,1926.8718402777606,0.008056640625,1.3427978515625,19.620727539062997,19.853491210938003,1.104666666666637,,585.5859192403154,176.95574249267747,840.4178701854764,,756.0918366391551,,19.59214795641466,3401.432023445765,0.999739488333863,79.57374,5560.0,3.657885980223005,37.779276,4.966620922088623,142.54103063334452,104.76175463334451,277.2995295975087,277.2995295975087,True,-0.48011371,-0.23488459,0.08918404,-0.24917339,-0.21862537,0.009622995,0.08943897,-0.11788147,-0.17386082,-0.19530979,-0.17091028
106,Ourem_03082023,2023,2631,p,2023-08-03 16:00:00,2023-08-03 17:20:00,215.666667,215.722222,airb,1,1,39.5,29.625,1173.612863,1173.612863,12638.017439,12638.017439,1.333333,1.333333,5,284.2294207317073,-0.998899282383011,-0.046906541704817,21.0,4.0,1.219512195121951,0.0,98.78048780487805,11.0,223,20.445405405405406,0.136102180870671,0.19632305682134,0.076747689792277,0.109830338478888,0.149535377089785,0.228185954149737,23.64028963645513,11.181513811609438,45.5545796350156,1589.0232582533758,992.3243220819575,2300.9853120168373,10.610284707446578,46359.94495636664,0.638455466433683,56.39821603714829,774.7910483014186,89.67936806932951,29.181773806713593,-0.382468941211981,0.923968348488294,42.885662505780324,-0.341188679470367,0.939994832433279,1.74982658e-06,1.749889196e-06,17.92690822513713,17.346119979436313,10.069209046568947,-2.576232285607802,-33.481856914425926,61.26519318127504,4.621723206062935,2.92512227495482,16.537421138178956,40.40439023918255,49.046751437714654,36.65943307473498,38.061496094474556,71.38905305170285,80.79565067153403,-0.28309191637271,0.959092783251144,0.009117120258951,0.9999584381954,-0.604790962760567,0.796384261122196,-0.764390431409064,0.644753649365605,-0.668388536806661,0.743812317634933,0.005910528265253,-0.176487130886625,-0.075519349284645,-0.058757967312459,0.004077463049077,5823.742654625241,15101.167724260624,31112.204662334232,57883.88517066548,95335.72322390121,-18.938145392072187,-0.633724361827921,-4.682564196855386,-4.937935054143688,-8.614582972341761,57.97178426677532,0.00519462933703,0.999986507822006,2.412362068343065,-0.001708512554788,0.99999854049136,7.501641964988358,-0.001608296929452,0.999998706689657,128.00151381035283,0.005771136238213,0.999983346854596,,0.0,0.0,0.0,0.0,0.0,,922.1626061160823,61.7157359696115,825.1686770285962,,617.6533801874466,,26.820693783741618,24523.54438340642,0.775636060860758,,0.0,7.0686938939904875,1173.612863,7.434849739074707,1693.0031573863687,519.3902943863686,44.25567499820156,44.25567499820156,True,0.2923006,0.21375833,-0.07132297,0.13972688,0.17255051,0.022288555,0.015985763,0.13193095,0.30332884,-0.051555306,-0.07317907
106,Ourem_03082023,2023,2632,p,2023-08-03 17:20:00,2023-08-03 18:30:00,215.722222,215.770833,airb,1,2,8.75,7.5,141.264989,127.477461,1375.332388,1241.099312,1.166667,1.166667,5,273.206298828125,-0.043925919580234,-0.99903479098029,21.0,4.0,0.0,0.0,100.0,11.0,223,17.671,0.136681975157191,0.197132661004136,0.076488289563263,0.110173098173018,0.150265894821429,0.229117150870245,21.8980408195588,11.54061271995125,51.806136195941185,1264.3132940369676,992.0101481344622,2338.2576661626267,11.62221816830024,36270.480473220356,0.659697249482089,56.83519287619074,777.7678093893805,89.73706070813117,28.687539398891946,-0.377929801071454,0.925834253774449,44.927382584329685,-0.327708566666052,0.944778860545515,,,16.86261154911246,17.23688214038308,9.917487641418903,-2.347038107893145,-33.19407627872729,66.73924135414154,5.709241298961229,4.586835535811968,19.75216418577618,38.508112177112565,55.7728481176018,43.43613199509623,39.85433224640129,65.00530721718428,90.70426008275665,-0.249881284651667,0.968276480960285,-0.023956330837764,0.999713005923596,-0.589323660102408,0.807897037773689,-0.757269583740841,0.653102425000071,-0.572360569725019,0.820002059890127,-0.030653991783009,-0.208956009765389,-0.125281252875404,-0.045743639007923,-0.013746718430486,5825.146150129459,15104.557074828805,31115.99505624988,57893.17812678696,95392.81447415405,-17.1404109472323,0.408383594812135,-4.709901624425259,-4.7891908260944,-8.598252679412234,79.77910695828407,0.006300498469803,0.999980151662538,2.936504261396769,-0.0016922553815,0.999998568134837,6.242540711309529,-0.001628803766243,0.999998673498266,146.81770249703678,0.005343273402878,0.999985724612778,,0.0,0.0,0.0,0.0,0.0,,805.4851195199599,,850.5541274653457,,620.5360117646889,,28.43622436021759,27886.45417264871,0.645716821551313,1173.612863,80.0,4.855753488172549,127.477461,6.7251973152160645,832.1363508081736,704.6588898081736,552.7713560345962,552.7713560345962,True,0.28303236,0.13560829,-0.062915824,0.08778606,0.0603934,-0.2588964,0.0060961437,0.0010482538,0.26091745,-0.07731933,-0.0926851
124,Ourem_05092024,2024,2726,p,2024-09-05 18:00:00,2024-09-05 19:30:00,249.75,249.8125,airb,1,1,13.5,9.0,635.157087,635.157087,5443.666445,5443.666445,1.5,1.5,5,214.71507352941177,-0.91598095804845,0.401221739805614,22.0,6.0,0.0,0.0,0.0,0.0,227,16.080000000000002,0.136658594124008,0.203155621192745,0.068292398750775,0.098645893484343,0.154392345249641,0.238339233398426,19.797265625000023,9.980981445312523,53.27030111477116,1085.2327272570337,992.7509375,1489.10009765625,12.028493786879334,24565.8359741644,1.661338806152344,46.33379491278922,931.5076468840427,90.92586278444823,22.49903901859984,-0.485062221051688,0.87447964053396,39.0119192793867,-0.468172251790596,0.883637223442586,4.671462953e-06,4.67989103e-06,16.067001342773438,14.9432373046875,5.620559692382812,-8.35284423828125,-35.57212829589844,61.95463562011719,31.477301597595215,49.21761512756348,41.514915466308594,88.97420883178711,53.600092972300565,31.97049500850518,37.70564928240714,78.32633373869528,86.5781038264478,-0.31423908321352,0.949343877939457,-0.268485284101573,0.963283785922351,-0.9066213270202,0.421945220842862,-0.977214168401263,0.212255669125297,-0.978730131793676,0.205151965915837,-0.115262416926575,-0.198507018596028,-0.020644076309454,0.001226076501226,-0.093163726650257,5051.541748046875,14327.42431640625,30153.328125,56427.9609375,93377.60546875,-8.796086798263993,-1.226189843118888,-5.998979073528653,-5.456492919655011,-7.587058465190759,71.4450926931928,0.009655540350439,0.999953384183753,4.131738530137743,-0.003632301528928,0.999993403171042,9.664727373761627,-0.00263592726242,0.999996525937699,145.1563595951086,0.009852418406547,0.999951463747887,10364.35136718755,45.919799804685404,0.140380859375,0.0,46.060180664060404,0.0,,547.6198669433611,70.55504150390573,857.621210535986,,684.5448452289329,,23.927820999032676,26844.977378845215,0.836879561748822,,0.0,6.45544552498095,635.157087,6.652386665344238,773.6309058115141,138.4738188115141,21.801507319324624,21.801507319324624,False,0.29783335,-0.05044241,-0.07828194,0.17162465,0.2223255,-0.08649082,0.053320453,-0.106221184,0.25184232,-0.060597595,-0.0696705
98,Ourem_06082023,2023,2591,p,2023-08-06 16:20:00,2023-08-06 18:00:00,218.680556,218.75,airb,1,1,27.75,16.65,605.669942,605.669942,10693.713471,10693.713471,1.666667,1.666667,4,245.20216686320754,-0.52631588171806,-0.850289122976027,21.0,4.0,0.0,0.0,100.0,11.0,4,30.1048275862069,0.125540936829628,0.188537305311448,0.063379872699871,0.09613351623873,0.140161537959033,0.22186871720659,30.93347321883074,14.264639109128897,36.51395709120399,2850.851372715527,988.669429579211,2348.2950409913356,8.66952292833826,49340.346888868764,1.91676992804701,52.07034084157549,802.5292068219846,94.49582512152688,17.24070093189699,-0.485772045987788,0.874085533192741,25.08718123301115,-0.371077644294744,0.928601842505529,2.847133267e-06,2.852134285e-06,29.424051360494065,24.198326248294677,14.364786392200658,-6.252556143732328,-33.93948783140658,30.283573661230253,20.84414189328203,16.588130865685958,22.461808240027832,21.75626648178877,28.49610684155087,11.568816892513409,17.201991097868994,34.184109850085434,60.602472602220004,-0.061681329865134,0.998095893963134,0.185361430966475,0.982670412656279,-0.64850055283734,0.761214183373947,-0.989490251449722,-0.144599592966112,-0.997076350704882,0.076411719422051,-0.047881509303678,-0.152157926562744,-0.038829367190958,-0.020765083019449,-0.065793154640823,5635.08622959983,15256.58033082846,31595.272171763456,58378.13478475911,95514.27706805285,-9.061634753589193,-5.702025370400916,-6.32770994221204,-8.050893263204632,-7.71740979635878,35.402208941541666,-0.066840344262223,0.997763683634009,-0.260776779537615,-0.001618837754699,0.999998689681304,3.052747505008581,-0.004149139759128,0.999991392282583,79.66800460429354,0.01322155081165,0.999912591476943,,0.0,0.0,0.0,0.0,0.0,,488.0582706251879,192.30953369442682,775.3394298132663,,625.8425927322951,,16.030859095244537,14282.888720650672,1.712986927833625,,0.0,6.407984890289256,605.669942,6.856257438659668,948.8057012340162,343.1357592340162,56.65391914628252,56.65391914628252,True,0.26305813,0.19309293,-0.06768073,0.116381064,0.17354791,-0.25531635,0.02492611,0.018861521,0.27690506,0.02092901,-0.07088691
98,Ourem_06082023,2023,2592,p,2023-08-06 18:00:00,2023-08-06 19:20:00,218.75,218.805556,airb,1,1,46.25,34.6875,589.289268,712.762572,8662.712379,9811.176803,3.0,1.333333,4,268.2896618716931,-0.968683561713383,-0.248298524494761,21.0,4.0,0.0,0.0,100.0,11.0,223,23.81214285714286,0.129736333531257,0.193514749682553,0.066864786120994,0.100721974595949,0.144311366441164,0.227259943413398,29.956603984906423,13.987108061196484,37.813640291278226,2634.0608182396854,988.2141926287114,2342.4322424506827,8.941367400540638,41928.39537268166,2.09978040490991,52.52821317813236,804.4288978026723,94.8811711517782,15.829058266240773,-0.47177945869328,0.881716588454065,24.9041486724208,-0.367809279752814,0.929901249449486,0.000843207356603,0.000846228719389,29.39127143596867,24.566070474196525,14.366509664376704,-6.092140121983752,-33.80094101372745,31.363398324254174,18.390334820103206,16.929113790409794,21.104265460306486,25.706851034501288,30.775614242776175,12.636119250141709,16.718098450451887,34.784318777287574,62.053290055032825,0.002569061102028,0.999996699957082,0.253756816877755,0.967268048623581,-0.659896392297685,0.75135660736597,-0.996096130628036,-0.088275129837651,-0.994619729127559,0.103593409202616,-0.083217578042026,-0.118659898640416,-0.024785168219929,-0.060352439200168,-0.057765053017118,5610.183395577472,15242.602790499739,31588.211353314087,58369.56830136497,95523.60228311236,-5.549946014748825,-5.264995328031699,-6.563237988250657,-7.988925122246302,-7.72350558232842,48.03299467404855,-0.16099470480841,0.986955270021723,0.111991824459676,-0.001553381237174,0.999998793502638,3.446750890642397,-0.003877599731157,0.999992482081903,94.48987468833977,0.018969784894976,0.999820057440857,,0.0,0.0,0.0,0.0,0.0,,367.33540827592424,124.21143959033697,782.4530473679424,,618.7405522649466,,16.986936923357977,15438.499376622487,1.759419928007427,605.669942,100.0,6.570550374825603,712.762572,6.790832042694092,888.6534836460205,175.89091164602053,24.677349590968777,24.677349590968777,False,0.26619852,0.15721634,-0.05673106,0.020774156,0.037068434,-0.24773891,0.024740424,0.032096244,0.2700472,0.040466357,-0.08380791
98,Ourem_06082023,2023,2593,p,2023-08-06 19:20:00,2023-08-06 23:30:00,218.805556,218.979167,"sat,fops",2,2,178.0,42.72,476.954611,476.954611,5031.933691,5031.933691,4.166667,4.166667,4,295.4774207746479,-0.953066480068495,-0.302761101480771,22.0,4.0,0.902255639097744,0.0,50.07518796992482,11.0,223,19.89977653631285,0.130207361248924,0.193973415815985,0.067905644777146,0.101030186101202,0.144774481990654,0.22771206902607,25.223858970590108,13.92516386305491,49.710982152232525,1621.9990570706761,988.3777059742779,2341.9266996357237,11.008885711340147,17659.461338829336,2.233059040784403,52.56769501744683,804.592706113545,94.91439912567428,10.617676123418486,-0.214898139030875,0.976636467597369,22.115527451057133,-0.045864994926253,0.998947647397207,0.0066704673364,0.006511046420198,30.3887108096257,24.86580876778606,14.399690686217253,-5.877681679535473,-33.94427614915012,25.49773757981957,15.97385725491888,18.061750553749143,18.80148383795584,34.42198714077591,27.6692726357101,12.765154676714639,13.954902500558342,36.408557988121665,62.36307155610578,0.373018213419967,0.927824020198322,0.62479306133804,0.780790388327008,-0.843233656819586,0.537547207235484,-0.994121430495626,-0.108270870640864,-0.990267342650178,0.139178267270989,-0.084904693256636,-0.047971787908764,-0.054256358225676,0.000253487387684,0.022815507425857,5614.973526870986,15262.664657939255,31620.05816037394,58388.41880099196,95553.44385439446,19.16692952809572,-6.026288579032152,-6.734762904333618,-7.91813786332589,-7.823236375689127,59.767340883007876,-0.321482126868172,0.946915646773416,1.494592448499278,-0.004857503641015,0.999988202259595,4.96856291523231,-0.00472353807754,0.999988844031787,137.62541846252805,-0.539490961330528,0.84199139107396,,0.0,0.0,0.0,0.0,0.0,,140.79950379336188,49.37703560441338,836.8044064566553,,612.81730803858,,22.50726683118988,13963.237394812475,1.444031815542143,,180.0,6.169515771915898,476.954611,6.216031551361084,499.7122332644512,22.757622264451186,4.771444019953334,4.771444019953334,False,-0.10073414,-0.11226034,-0.07738508,-0.04884381,0.10813341,0.13302857,-0.03100394,0.15131806,0.1342609,-0.040486638,-0.08580155
83,Ourem_19082022,2022,2347,p,2022-08-19 14:40:00,2022-08-19 15:00:00,231.611111,231.625,airb,1,1,6.0,18.0,696.320363,696.320363,6323.991205,6323.991205,0.333333,0.333333,4,278.875625,-0.190408439094399,-0.981704958896325,31.0,1.0,0.0,0.0,0.0,0.0,234,15.075999999999999,0.136255726395553,0.163957087032012,0.059526995867493,0.099071183502681,0.154560955762869,0.178613891601567,33.86049804687502,8.352685546875023,20.845635486837477,4168.380036878147,992.6962500000001,2011.44091796875,6.277265350548719,42315.09464511233,1.728897094726562,46.649115490929375,921.1468242252079,95.24039178957533,10.151448349417695,-0.338379329231397,0.941009792483006,12.215943814508279,-0.297320221367324,0.95477782021059,,,28.73876953125,19.548431396484375,10.09063720703125,-7.305816650390625,-37.65513610839844,22.818925857543945,32.9880256652832,22.794063568115234,15.476327896118164,23.875822067260742,9.676519808546171,10.04017135802555,10.461310537412063,22.966138373147,35.70241288748791,-0.072106904804085,0.997396909098667,0.999934011241258,0.011487957301782,0.560986571132567,-0.82782490117713,-0.890230052108991,-0.455511201093918,-0.758760550123238,-0.651369655093543,0.142567753093567,0.042441957404694,-0.031476755908339,0.007512002053286,0.022468766902262,5793.43505859375,15317.4296875,31347.501953125,57867.33984375,94658.1171875,-15.393892553958533,-10.027994217426645,-6.085924214453666,-6.793164197581204,-8.459519384097064,0.098313223676275,0.015659396653332,0.999877384130901,0.291475578724459,-0.020929658204576,0.999780950712425,2.482620646198511,-0.0054348532903,0.999985231075796,28.58170050780332,0.013730073290499,0.999905738101066,,0.0,0.01904296875,0.0,0.01904296875,0.0,,1412.326235351496,,684.6856192361348,,582.4776230680853,,13.572644498744012,4838.259696960449,1.771671580786834,,0.0,6.547244936439326,696.320363,6.685932159423828,800.0570431277943,103.73668012779422,14.897838069945143,14.897838069945143,False,0.272595,0.13709004,-0.08575073,0.12042038,0.17011286,-0.081414856,0.015005544,-0.056162238,-0.1609844,0.1623967,-0.050504122
83,Ourem_19082022,2022,2348,p,2022-08-19 15:00:00,2022-08-19 15:30:00,231.625,231.645833,airb,1,1,40.75,81.5,1696.526548,2410.358945,23081.522829,34568.686616,0.833333,0.5,4,269.297997754491,-0.397951478784424,-0.917406464187652,41.0,4.0,0.0,0.0,0.0,0.0,223,19.514761904761905,0.136255726395553,0.163957087032012,0.059526995867493,0.099071183502681,0.154560955762869,0.178613891601567,33.86049804687502,8.352685546875023,20.845635486837477,4168.380036878147,992.6962500000001,2011.44091796875,6.277265350548719,42315.09464511233,1.728897094726562,46.649115490929375,921.1468242252079,95.24039178957533,10.151448349417695,-0.338379329231397,0.941009792483006,12.215943814508279,-0.297320221367324,0.95477782021059,,,28.73876953125,19.548431396484375,10.09063720703125,-7.305816650390625,-37.65513610839844,22.818925857543945,32.9880256652832,22.794063568115234,15.476327896118164,23.875822067260742,9.676519808546171,10.04017135802555,10.461310537412063,22.966138373147,35.70241288748791,-0.072106904804085,0.997396909098667,0.999934011241258,0.011487957301782,0.560986571132567,-0.82782490117713,-0.890230052108991,-0.455511201093918,-0.758760550123238,-0.651369655093543,0.142567753093567,0.042441957404694,-0.031476755908339,0.007512002053286,0.022468766902262,5793.43505859375,15317.4296875,31347.501953125,57867.33984375,94658.1171875,-15.393892553958533,-10.027994217426645,-6.085924214453666,-6.793164197581204,-8.459519384097064,0.098313223676275,0.015659396653332,0.999877384130901,0.291475578724459,-0.020929658204576,0.999780950712425,2.482620646198511,-0.0054348532903,0.999985231075796,28.58170050780332,0.013730073290499,0.999905738101066,,0.0,0.01904296875,0.0,0.01904296875,0.0,,1412.326235351496,,684.6856192361348,,582.4776230680853,,13.572644498744012,4838.259696960449,1.771671580786834,,20.0,7.787945745158829,2410.358945,6.782724380493164,881.469635185045,-1528.889309814955,-63.429943203540375,63.429943203540375,True,0.27205348,0.1481684,-0.08356081,0.110333234,0.117985085,-0.076833695,0.016987156,0.10986078,-0.18831517,0.15489034,-0.050012957
83,Ourem_19082022,2022,2349,p,2022-08-19 15:30:00,2022-08-19 16:00:00,231.645833,231.666667,airb,1,1,26.5,53.0,,1943.077854,,18917.482143,0.0,0.5,4,270.21082589285714,0.842304899580264,-0.539001350780386,41.0,4.0,0.0,0.0,0.0,0.0,223,18.8476,0.136072003868228,0.163869166630986,0.059507791399958,0.098874956071384,0.154364885687834,0.178576660156255,33.28457031250002,8.824365234375023,22.224713559224302,3966.2845318130303,992.278125,2011.44091796875,6.519654585686054,57349.52743873755,1.814224243164062,46.649115490929375,921.1468242252079,95.24039178957533,14.459257014655597,-0.366472895244833,0.930428727550299,17.840982717517377,-0.31239861499014,0.949951106821947,,,28.73431396484375,19.871551513671875,10.24310302734375,-7.241729736328125,-37.831451416015625,23.200252532958984,33.061134338378906,20.89341926574707,13.511090278625488,25.98624038696289,16.31657443802034,10.274545387223057,11.150831585040965,24.86326267149312,37.29327619068984,-0.147107237905849,0.989120549051384,0.980633966704475,0.195849491562899,0.400614389686246,-0.916246752123202,-0.914358836954834,-0.404904824968293,-0.797245519597135,-0.603655184258608,0.141692385888928,0.03367139308297,-0.022647614321458,-0.031611386072851,0.01425480884565,5763.8173828125,15293.763671875,31335.302734375,57860.421875,94649.90625,-13.457224296348949,-9.670561551437856,-6.19573725297488,-6.827675393177699,-8.526528703930188,8.8400256837213,0.012339178182041,0.999923869442965,-0.785935464239302,-0.019715789506854,0.999805624931227,2.144396916530335,-0.005214269420289,0.999986405604803,49.83611461080455,0.012940932634767,0.999916262625297,,0.0,0.037841796875,0.0,0.037841796875,0.0,,1328.9800878906574,,694.7287609551631,,566.7777607586336,,14.150602949170974,8158.287048339844,1.740926352144374,,50.0,7.57254303257238,1943.077854,7.023504734039307,1121.7145464405087,-821.3633075594912,-42.27125052496694,42.27125052496694,True,0.29163405,0.33706808,-0.08356081,0.10224296,0.117094085,-0.07713846,0.01934768,0.07187631,-0.04100967,0.14991216,-0.05514219
83,Ourem_19082022,2022,2351,p,2022-08-19 16:00:00,2022-08-19 18:30:00,231.666667,231.770833,airb,1,1,743.0,297.2,2179.413964,2184.547169,23871.62754,25075.401904,3.833333,2.5,4,261.8185347738015,-0.103088336684773,-0.994672204718503,21.0,4.0,0.0,0.0,0.0,0.0,223,17.324610215053763,0.137579091548586,0.166663316353133,0.059745020511794,0.101192138755721,0.155759154130638,0.182051795085697,31.88354884048941,9.362223998793217,25.1115047272831,3548.552931083011,991.4551799201472,2127.6755777647795,7.046586749406996,58522.2477049834,1.891440963043877,47.600829920099834,933.4172420844667,95.3611604972553,16.681947371384183,-0.326627062406706,0.945153300847839,21.976656423655946,-0.304263565590188,0.952587887102469,0.000201412524934,0.000193993349565,28.376577014191536,20.150025316788142,10.367143390700386,-7.069767125175119,-38.01115904197985,24.017256838236392,33.02196629042473,17.7924531558667,10.184445745843682,26.94149797794293,22.745837726404904,10.69485502602822,11.138231838283964,25.695559777737827,37.60149466456306,-0.125037373965031,0.992152032257118,0.965588898578968,0.260073218423305,0.200146883620994,-0.97976590315075,-0.933652238140996,-0.358180817764308,-0.843934593997862,-0.536446084013729,0.102388816230194,-0.04108902461393,-0.008472349469778,-0.048131583374601,-0.009335150958178,5745.806061927388,15278.368987250731,31330.899954179957,57857.35617169266,94650.85798429186,-11.693597930101385,-8.97636318068143,-6.295112455239547,-6.808962171467918,-8.624552687361497,23.081974925288325,0.013272300444189,0.999911919141341,-1.408617118223251,-0.018562204707266,0.999827707435839,1.941031424959462,-0.005107215966908,0.999986958087488,74.06796927653521,0.012384715632152,0.999923306468406,,0.0,0.0286474197906,0.0,0.0286474197906,0.0,,1090.9869790356026,420.83448950518107,713.8474338082946,,567.344373928303,,15.227746354472677,11375.652688411268,1.767851988238443,2410.358945,80.0,7.689621496774652,2184.547169,6.824638366699219,919.2435531560731,-1265.3036158439268,-57.920636084188246,57.920636084188246,True,0.14506918,0.36659205,-0.08560322,0.07005633,0.04682412,-0.10747793,0.031876687,-0.052887,0.09696435,0.14230384,-0.04388388
83,Ourem_19082022,2022,2352,p,2022-08-19 18:30:00,2022-08-20 01:00:00,231.770833,232.041667,"sat,fops",1,1,1289.5,198.384615,1043.132427,489.367261,11359.859928,5050.236561,10.333333,6.5,4,237.38829889940143,0.341474167708433,-0.939891160075374,21.0,4.0,0.0,0.0,0.0,0.0,223,18.018895752895755,0.139408652452426,0.170533432523954,0.058909881154575,0.104062816160008,0.157544124136117,0.187001570127937,23.59825931569466,11.00515014313798,46.293623406884016,1623.789375389309,991.2304904001629,2293.2340441348656,10.95004310588944,21331.96288445955,2.530489496957379,49.239781273995504,953.3691372519521,94.99255674717507,12.374527078125075,-0.233057208585209,0.972463026303042,23.065421335959858,-0.115366640809691,0.993322977781289,0.001047884201807,0.000899793636961,27.406124284455974,21.06228749052475,10.001308496609996,-7.125486549441896,-38.41806760419947,25.023474697058287,29.378893454853188,11.316816578749576,6.256109123456521,25.555582215705403,29.31255781060155,11.489984380198162,3.360973167175556,27.493877884195825,29.665721517454962,0.12617356385838,0.99200818130864,0.973300280866959,-0.229535538129279,-0.908895125247519,-0.417024761017013,-0.965821619380074,-0.259207637885251,-0.924708355515479,-0.380676315575132,-0.068410055906666,-0.028409870078047,0.019440520329814,0.029492961863391,-0.014855497566935,5777.171808500331,15322.372516110767,31386.652363227364,57895.21631883653,94629.69173975127,12.807293978948845,-6.922047671476998,-7.11754543883996,-6.687864772883834,-8.722442570003086,59.216913293274374,-0.27836825190921,0.960474422527227,-2.476389598055011,-0.008029354437233,0.999967764214088,3.074378742935187,-0.004989729389318,0.999987551222825,131.62376233192964,-0.136295009888926,0.990668294778518,,0.0,0.0012023526257,0.0,0.0012023526257,0.0,,191.36076762632828,47.615887875357316,823.9008271311648,,609.818899706777,,22.347068845532043,14705.328495742526,1.527933083019021,2184.547169,230.0,6.195154622605539,489.367261,5.8938422203063965,361.7965541656967,-127.57070683430328,-26.06850049053512,26.06850049053512,False,-0.35631618,-0.10372774,-0.10212983,0.04411961,0.11541384,-0.099822715,-0.030171808,0.012086824,0.12555626,-0.04062983,-0.071925364
111,Ourem_23082023,2023,2655,p,2023-08-23 17:30:00,2023-08-23 19:10:00,235.729167,235.798611,airb,1,1,99.25,59.55,1496.188517,1496.188517,15525.155771,15525.155771,1.666667,1.666667,3,206.25683103015075,0.940402523764878,0.340063366590182,32.0,6.0,0.0,0.0,33.76623376623377,18.0,227,18.50673076923077,0.137108556638205,0.198336227152317,0.06731679284656,0.112985803594578,0.150929669977894,0.230731820016927,29.69266946972074,16.576619179315962,45.677127232124306,2302.3319571860175,990.3915541036006,1974.8275287033293,10.02146810213258,36762.964871874356,3.23885967067242,48.35560177356353,955.4563368510508,95.54648001918926,15.615647352153445,-0.721648092348281,0.692260088991188,21.796699023511852,-0.675529468124722,0.737332989696738,0.0051042432736,0.005135176737944,27.913378640516665,23.947999773926767,11.470280432581927,-8.271005303428165,-36.205831920151894,36.236310876296734,40.38629652614634,36.157108562083295,32.90707586914581,33.07489722642898,24.103022257530128,7.292151447969503,20.851020476219972,39.681395619839655,69.86765383903405,-0.703349525262925,0.710844177940861,-0.074182682869585,-0.997244668856279,-0.309562002666744,-0.950879259688082,-0.266127967449301,-0.963937708019198,-0.334118779866593,-0.942530976117209,-0.063238371390947,-0.187019302831035,0.093847289767669,0.015351691060696,-0.009405895246004,5526.2360614111385,15167.113484379886,31445.758544471657,58031.9798623636,94854.76426786793,-0.610152682710439,-4.326804494129032,-8.029192934366272,-7.708800688645548,-7.786507621119395,24.64120832654477,-0.000385611786523,0.999999925651772,1.807020652379709,-0.012758618076408,0.999918605519859,4.430786645252714,-0.0068220697433,0.999976729411449,66.57850185342909,0.006539312828001,0.999978618465284,,0.0969297109482,2.3180733739015,0.0,2.4161356009421,123.75965943926782,,313.5487628050371,52.74397715494723,818.0863133595649,,692.2433458937394,,16.997230917016836,23819.345254296375,1.456977348604583,,0.0,7.311344306350849,1496.188517,7.282011985778809,1452.910331219559,-43.278185780440936,-2.8925623535206517,2.8925623535206517,False,0.24446772,0.1582579,-0.074648194,0.0019729487,0.13523625,0.1286101,0.056604914,0.07102478,0.13931116,0.011807058,0.28277853
125,Ourem_24072024,2024,2731,p,2024-07-24 14:30:00,2024-07-24 15:30:00,206.604167,206.645833,airb,1,1,38.25,38.25,743.682495,993.934835,9013.803686,12580.108962,1.416667,1.0,4,233.93172998366012,0.783839511792225,0.620963460884235,22.0,6.0,0.0,0.0,51.973684210526315,12.0,227,22.81594594594595,0.168153460755948,0.247321259939343,0.076581792533399,0.125265163183214,0.189565348625187,0.289208984375003,33.92202148437502,16.973046875000023,36.55657649528523,3352.476357066262,990.028125,2183.210693359375,8.376379101930718,48473.24966282563,2.217117309570312,45.70678849169193,561.7569101964925,94.11094721679144,14.45893855765902,-0.829114558255587,0.559078750525043,18.524605663907554,-0.798151043960767,0.602457393534462,,,30.01470947265625,23.014251708984375,12.58001708984375,-8.390838623046875,-32.482452392578125,28.293909072875977,27.26011848449707,9.163629531860352,6.669636249542236,4.734018325805664,17.934799637498894,5.501217061862905,14.400751256333685,39.359261566367806,13.357288900380107,-0.768207414815573,0.640201037036316,-0.924963964595321,-0.380054817362056,-0.809554740705095,-0.587044395086016,-0.85533397683126,-0.518077009794898,-0.621715449212243,-0.783243193529838,0.018692015382055,-0.09791912247044,-0.014096909951881,-0.052996032355008,0.049934579354843,5769.74072265625,15377.0,31632.91015625,58242.69140625,95316.7734375,-11.298321848288083,-7.638516553366325,-6.714246457036776,-8.188937089651324,-6.715256793797886,9.67137356411821,0.003233921805423,0.999994770861206,-0.166488414681219,-0.007908828759006,0.999968724724759,4.579402908577265,-0.003852102867006,0.999992580624227,40.663289880335796,0.002063160426305,0.999997871682263,,0.0,4.067993164062,0.0,4.067993164062,31.84999999999941,,823.4808349609734,,774.2221466012126,,684.8177629514347,,12.41806923355486,14347.83935546875,1.38760285252003,,25.0,6.902677242551556,993.934835,6.974095821380615,1067.5905556020662,73.65572060206614,7.41051807506738,7.41051807506738,False,0.24084751,0.19251657,-0.08417831,0.091136165,0.10032743,0.1604731,0.058951642,0.040354904,-0.07979216,0.10785296,-0.04831961
52,Ourique_10062019,2019,1798,p,2019-06-10 13:30:00,2019-06-10 15:30:00,161.5625,161.645833,airb,1,1,147.25,73.625,1393.276063,1393.276063,9735.112266,9735.112266,2.0,2.0,5,186.45965544871794,0.412179569276449,-0.911102630152652,21.0,7.0,0.0,0.0,0.0,0.0,236,15.878783783783783,0.192784422823787,0.194888580925116,0.142398622930052,0.166577227711679,0.205326807498932,0.196001892089841,25.163476562500023,5.282128906250023,27.842930349186236,2304.1606359054595,992.5865625,2079.7470703125,8.084605010540955,39799.54495971071,-0.750083923339844,45.923305485498986,655.2384227528457,91.95371861643791,17.24878764281167,-0.579002670971661,0.815325644762682,22.749723880182867,-0.63506513725819,0.77245858881835,0.001676194312236,0.001679726090181,18.4722900390625,9.628692626953125,5.128860473632812,-10.083145141601562,-38.318084716796875,43.50443649291992,64.41473007202148,17.201263904571533,34.57823944091797,46.09856414794922,23.926885257819496,20.412956316503003,26.29780931544329,55.295721912614546,87.61198058282821,-0.598037714841763,0.801467960449351,-0.296958608469297,0.954890352268772,-0.529485012809611,0.84831929201805,-0.481148445303478,0.876639135324248,-0.320391633886843,0.947285174029088,0.082095774939979,-0.021405957755837,-0.054540587631588,-0.01797145863025,-0.037076661546327,5779.503173828125,14976.513671875,30681.4140625,56894.052734375,93385.34375,-18.62596779114474,-9.649649709231692,-2.895562846293315,-5.940156124101539,-7.870160613507638,18.92690358917808,0.003784919134376,0.99999283716792,3.064215959991681,0.00093838535747,0.999999559716364,7.014760981950666,0.000668785323276,0.999999776363071,55.901174780140025,0.004700638260082,0.999988951938944,,16.4365844726549,0.0,0.0,16.4365844726549,0.0,,1546.7124804687426,50.75095703125726,739.3663699970319,,641.5241913883065,,18.475433921989733,11974.013805389404,1.031736838828838,,0.0,7.240130608299179,1393.276063,6.492218971252441,658.9862300567472,-734.2898329432528,-52.702393477009934,52.702393477009934,True,0.218138,0.11948859,-0.059701677,-0.027741145,0.20499654,-0.12926029,0.12673663,-0.122968525,0.12475281,0.09254653,-0.07677681
52,Ourique_10062019,2019,1800,p,2019-06-10 15:30:00,2019-06-10 16:00:00,161.645833,161.666667,airb,2,2,25.75,51.5,588.806396,588.806396,6240.278164,6240.278164,0.5,0.5,5,204.73253564927185,-0.155906243435528,-0.987771857899293,21.0,3.0,0.0,0.0,0.0,0.0,236,20.655185185185186,0.192575305062533,0.1948116315298,0.142042427659037,0.16632812857628,0.205143650174141,0.195994873046872,24.426660156250023,6.197656250000023,30.995712383002772,2108.785521169239,992.2687500000001,2079.7470703125,8.580759443697369,42570.8246787604,-0.471847534179688,45.923305485498986,655.2384227528457,91.95371861643791,20.18736578538179,-0.682381362887354,0.730996358119517,30.18475534785744,-0.680346285566233,0.732890804769871,,,18.06060791015625,9.998992919921875,4.94268798828125,-9.55303955078125,-38.26483154296875,48.43740463256836,61.478580474853516,25.113269805908203,28.7767333984375,65.18303680419922,32.46616533476414,25.079928415859253,25.271413135581554,46.62876526030888,86.14536182446011,-0.648110192949469,0.761546569682381,-0.16274951162932,0.986667419379204,-0.612087461889208,0.790790072647619,-0.582970879209882,0.812493048581499,-0.374449810497416,0.927247183559189,0.10297871490922,-0.068650014688963,-0.027860224341245,-0.062283155048746,-0.021431964795682,5755.30859375,14948.203125,30663.55078125,56916.88671875,93451.1171875,-17.10122494710762,-8.796393268641353,-3.253643291735925,-5.6604557539892,-8.00307767184499,29.688050160869217,0.003653017561339,0.999993327709089,0.908369121873339,0.000717514522318,0.999999742586422,4.459377983688031,0.000492929166932,0.999999878510411,82.83776508065345,0.004947003490533,0.999987763503366,,33.8843994140631,0.0,0.0,33.8843994140631,0.0,,1398.0825390624816,,757.277430789574,,643.4161720951457,,19.73873245483108,16233.081817626953,0.98986730601686,,120.0,6.379794340676394,588.806396,7.022215366363525,1120.2678874332987,531.4614914332988,90.26082173083235,90.26082173083235,True,0.31685883,0.13812867,-0.057177994,0.091773294,0.010046352,-0.11811666,0.05831438,0.14109801,0.267268,0.0821613,-0.0654896
52,Ourique_10062019,2019,1801,p,2019-06-10 16:00:00,2019-06-10 17:00:00,161.666667,161.708333,airb,2,2,70.0,70.0,569.173835,835.534888,7454.596195,10317.737361,1.5,1.0,5,188.08107517482517,0.966233756997401,-0.257667085283874,21.0,3.0,0.0,0.0,0.0,0.0,236,21.607971014492755,0.192525489786268,0.194791400730608,0.141956824660303,0.166265650689603,0.205101007521152,0.195990295410153,23.781640625000023,6.331933593750023,32.55768674670367,1985.976327936668,992.23875,2079.7470703125,8.85456596155829,41563.05854473123,-0.21575927734375,45.923305485498986,655.2384227528457,91.95371861643791,20.9751624269942,-0.692659708973027,0.721264533694401,31.56593381711701,-0.680949122126679,0.732330726567516,9.2906884567e-05,9.3038760976e-05,17.653961181640625,10.5670166015625,4.99853515625,-9.361663818359375,-38.277984619140625,50.05037307739258,51.561302185058594,28.550569534301758,27.56714153289795,70.39015197753906,34.4536776664013,25.16096400928869,26.192777748554946,44.24929340025182,86.40717856276322,-0.649889040052123,0.760029101824483,-0.053583631291211,0.998563365269149,-0.620772899108472,0.783990438546583,-0.588761652442507,0.808306697122551,-0.362641329029101,0.931928788309497,0.091075267615987,-0.124616240507564,-0.052993930679607,-0.0577312604634,-0.043387220444039,5740.23095703125,14927.869140625,30654.9072265625,56918.486328125,93459.4765625,-15.733591009010889,-7.732886236188407,-3.583219869972965,-5.607533026211564,-8.060087695522755,33.46150902964929,0.003549874862192,0.999993699174381,0.970129962003359,0.000652753033892,0.999999786956716,3.875683787418014,0.000469225099273,0.999999889913897,89.85082348504604,0.004847318880134,0.999988251680826,9505.253398437462,20.5026245117191,0.0,0.0,20.5026245117191,0.0,,1276.4829541015406,243.19916992188223,765.8967519475588,,644.1678501747525,,20.624404210011846,17226.880073547363,1.021513719852841,,150.0,6.729268226670132,835.534888,7.036930561065674,1136.8895583392227,301.3546703392227,36.067275546155614,36.067275546155614,True,0.28859538,0.13445796,-0.067711376,0.11002672,0.0066655893,-0.11811666,0.057530988,0.1238436,0.2736145,0.029261079,-0.0679133
52,Ourique_10062019,2019,1802,p,2019-06-10 17:00:00,2019-06-10 17:30:00,161.708333,161.729167,airb,2,2,78.25,156.5,746.032741,1882.751938,7624.001291,20901.224199,2.0,0.5,5,165.41679814739413,-0.446251748724293,-0.894907468267257,31.0,4.0,0.0,0.0,0.0,0.0,223,17.28,0.192475674510002,0.194771169931416,0.14187122166157,0.166203172802927,0.205058364868164,0.195985717773434,23.136621093750023,6.466210937500023,34.11966111040458,1863.167134704097,992.20875,2079.7470703125,9.12837247941921,40555.29241070207,0.040328979492188,45.923305485498986,655.2384227528457,91.95371861643791,21.766856904731174,-0.702068180713381,0.712109731452817,32.94713186766738,-0.681501010536938,0.731817171592149,,,17.247314453125,11.135040283203125,5.05438232421875,-9.1702880859375,-38.2911376953125,51.6633415222168,41.64402389526367,31.987869262695312,26.3575496673584,75.5972671508789,36.44135780986311,25.541681139594814,27.11711253295486,41.872337565133236,86.68285241619527,-0.651470849527367,0.758673666483878,0.054237403442547,0.998528068743093,-0.628799176612736,0.777567743345328,-0.59517484268587,0.803596233586153,-0.350848096078897,0.936432385961642,0.079171820322753,-0.180582466326164,-0.078127637017968,-0.053179365878054,-0.065342476092397,5725.1533203125,14907.53515625,30646.263671875,56920.0859375,93467.8359375,-14.365957070914156,-6.669379203735462,-3.912796448210005,-5.554610298433928,-8.11709771920052,37.23496789842937,0.003446732125279,0.999994060001187,1.031890802133378,0.000587991542729,0.999999827132958,3.291989591147998,0.000445521031351,0.9999999007555,96.86388188943862,0.004747634221566,0.999988729921142,9505.253398437462,7.1208496093751,0.0,0.0,7.1208496093751,0.0,,1154.8833691405994,,774.5160731055435,,644.9195282543593,,21.510075965192613,18220.678329467773,1.053160133688823,835.534888,210.0,7.541020778739115,1882.751938,6.775183200836182,874.8398029218926,-1007.9121350781076,-53.53398473453637,53.53398473453637,True,0.3250514,0.10164194,-0.059304237,0.07744899,0.030746974,-0.11923966,0.05702905,-0.04952574,0.25930676,0.044545274,-0.06953839
52,Ourique_10062019,2019,1803,p,2019-06-10 17:30:00,2019-06-10 18:30:00,161.729167,161.770833,airb,2,2,72.25,72.25,716.598128,810.077181,8080.323994,7809.594067,3.0,1.0,5,179.1467941810345,-0.823710938434758,-0.567009955735285,21.0,2.0,0.0,0.0,0.0,0.0,236,16.11513157894737,0.192405348408223,0.194746835640143,0.141759499311449,0.166124691963197,0.204994441866875,0.195985717773434,21.400781250000023,6.315332031250023,37.52432004511411,1589.9462961142362,992.036875,2079.7470703125,9.758180761045288,35682.177783519815,0.353057861328125,45.923305485498986,655.2384227528457,91.95371861643791,22.442379261944634,-0.705052654950105,0.709154957500692,34.78052048729006,-0.683555631750377,0.729898416426795,,,16.288238525390625,12.120025634765625,5.413909912109375,-8.920318603515625,-38.342254638671875,52.373573303222656,28.66830825805664,35.43255615234375,22.309188842773438,77.60824584960938,40.19251063309007,22.983584877932376,29.613699605927973,37.66070774501912,84.69159601211375,-0.648701899479953,0.761042604333753,0.123835419262187,0.992302770799396,-0.605836916789615,0.795588857548202,-0.600660910453369,0.799503890330329,-0.314922075627561,0.949117530278747,0.064668653433041,-0.14662178131896,-0.076363476769885,-0.096373928215504,-0.085797242657882,5700.93408203125,14877.5390625,30641.5546875,56935.015625,93490.15625,-12.821699835039936,-4.548125885169803,-4.31526751839818,-5.597391787450301,-8.201022054265403,46.7283911640923,0.003751993162936,0.999992961248881,1.6961776938841,0.000783072362264,0.999999693398791,2.387176156876669,0.00043006361088,0.999999907522641,110.15050786204361,0.004607660966846,0.999989384673865,,2.6323242187486,0.0,0.0,2.6323242187486,0.0,,904.064511718728,,792.2606685385532,,625.5512095905646,,22.95538428673811,20096.256256103516,1.12214768794918,835.534888,240.0,6.69836321728146,810.077181,6.726498603820801,833.221207350313,23.14402635031297,2.8570149725416063,2.8570149725416063,False,0.30573118,0.09619917,-0.06722013,0.09675944,0.014386949,-0.11923966,0.05702905,-0.14089611,0.25930676,0.043329548,-0.070262395
33,PampilhosadaSerra_06102017,2017,418,p,2017-10-06 23:30:00,2017-10-07 02:30:00,279.979167,280.104167,sat,1,1,172.0,57.333333,627.920784,627.920784,9405.775062,9405.775062,3.0,3.0,2,911.1638563049853,-0.990212881027452,0.139565218615935,22.0,7.0,0.0,0.0,97.16417910447761,16.0,233,26.67301775147929,0.18795597746074,0.251505773940919,0.086896726787091,0.148974518179893,0.209150774677592,0.285130004882812,15.433658854166689,4.064192708333356,46.63400291968522,935.3364281146308,949.9595833333333,6401.11279296875,11.575590505821152,8042.067083639859,2.202840169270833,52.30664917721117,905.6661448537188,95.49247911492323,8.638059746776419,0.792810671380377,0.609467996982119,21.853690336404572,0.760430376065769,0.649419466259268,3.5024919837e-05,3.7569180032e-05,21.390584309895832,17.910115559895832,7.504435221354167,-8.421854654947916,-37.29083760579427,32.03441365559896,19.144821166992188,8.299392064412435,5.568392435709636,17.062252680460613,18.638032528610374,29.62863357818553,17.858154597770618,43.077743802514895,59.26597815657566,0.807636124634751,0.589681176726001,0.854092535026587,0.520121083606363,0.619088627004427,0.78532112661877,0.505370636314457,0.862902381472621,0.358777057268168,0.933423281891979,-0.119964010366137,-0.173051524819123,-0.006749211047025,-0.020997460914307,-0.057018780323764,5955.66455078125,15353.6083984375,31271.475911458332,57650.079427083336,94338.0234375,,-3.797697101797031,-6.695872279692412,-6.219077926725743,-8.046892821097984,-82.58984124395305,-0.00524130935712,0.999986264243776,3.612502043854784,-0.001736140707943,0.999998492906585,6.858583123885741,-0.001322144409682,0.999999125966698,139.31970132588378,-0.008461890076249,0.999964197567262,,0.0,0.0,0.0,0.0,0.0,,115.42545715331839,39.97121307373021,800.198666355246,,542.7751074211645,,24.411557108070998,9327.706654866537,1.830577006294891,,0.0,6.44400530918274,627.920784,6.211833477020264,497.6146121512103,-130.30617184878975,-20.75200808272493,20.75200808272493,False,0.099158615,-0.20647284,-0.1045748,0.14340335,0.20443779,-0.019407403,-0.11116842,0.027378868,0.15837963,-0.02513,-0.09249484
33,PampilhosadaSerra_06102017,2017,419,p,2017-10-07 02:30:00,2017-10-07 12:30:00,280.104167,280.520833,sat,1,1,1251.75,125.175,477.703851,435.080288,6083.506693,4901.887643,13.0,10.0,2,689.5344929245283,-0.586746258289683,-0.80977084930433,21.0,6.0,0.0,0.580671920364994,81.14890087100788,26.0,227,20.91767550702028,0.187194691366428,0.251045867242743,0.086995703411928,0.148405231937565,0.208249851973201,0.284829558182593,18.198069704316854,2.492497162643745,37.80049961395132,1414.9901247673984,950.5499995079987,6358.272199797828,10.11545997783779,16412.519221667884,2.246881924437926,52.3194280171336,906.4088314709131,95.49384359632099,11.425712223146936,0.941682389178365,0.336503013227707,23.338705437833696,0.915753694939754,0.401740177483144,0.00831792903133,0.008481836808564,19.436916141957695,17.41866049311291,6.924896644237053,-8.748700611344347,-37.816428102483755,31.357946862608948,17.17046549887437,10.569656051505325,4.978261540479439,16.601777263309998,21.150512690571883,17.230871377740737,20.16849426690139,35.64378019403552,62.594456930629704,0.931486942164557,0.363774760775021,0.979269134323642,0.202563477855771,0.660911367629011,0.750463965916252,0.505626447599424,0.86275251114557,0.310120782566024,0.950697165358474,-0.146554163821378,-0.121346420049041,-0.043547798937512,-0.036692699824513,-0.026599315465221,5939.546514684438,15299.365035081759,31193.70211554222,57552.31454671514,94189.87085523322,,-2.20221015583127,-6.752552469353835,-6.120403652178671,-8.10229054734416,86.56623374041581,0.000548646247747,0.999999849493636,3.456389927557375,-0.00326957708746,0.99999465491855,4.711351211361338,-0.002176777622841,0.999997630816784,122.54797908258097,0.00562511437504,0.999984178918981,,0.0,0.0,0.0,0.0,0.0,,304.7283781850207,100.28471925606405,754.154299097232,,531.4320341882943,,21.855046367994465,10639.991022225835,2.142068307150836,627.920784,180.0,6.077826373185086,435.080288,5.899413108825684,363.82329345182785,-71.25699454817214,-16.37789541689651,16.37789541689651,False,-0.48450708,-0.16935045,0.119544715,-0.037057087,0.10441348,0.04669287,-0.15283968,0.15090075,0.12836769,0.036281176,-0.089006536
33,PampilhosadaSerra_06102017,2017,420,p,2017-10-07 12:30:00,2017-10-08 03:00:00,280.520833,281.125,sat,2,2,1865.25,128.637931,186.651343,186.651343,1940.783392,1940.783392,14.5,14.5,2,708.1795061065628,-0.478116523949741,-0.87829641324909,21.0,6.0,0.61652281134402,0.0,88.72448280586381,26.0,233,22.169881656804733,0.184293080289532,0.248973977516232,0.087793085789149,0.146225412546445,0.204778093957691,0.283196674461575,21.021110256289703,-2.772436267058117,21.05501879546241,2119.073266238855,951.803635785271,6120.983978183153,7.589261492962993,14646.830986308625,2.568269076363136,49.58818545148986,912.3759716015164,95.57777902864014,6.688438306422642,0.944239454722928,0.329259551333817,10.766054028161982,0.926869782851376,0.375383011918552,0.056485039786014,0.064186349412641,24.60953095213252,17.505831642476416,6.369293489750143,-9.381003955650089,-37.9398474466551,13.428272826469907,15.819363919236405,18.763761353444654,6.336574856691575,18.991188610965263,10.317275640933774,7.344804251053572,14.267865215125031,23.415410067994117,38.044000361138266,0.909539376438112,0.415617760338236,0.990728702444695,-0.135855210250658,0.964347311610663,0.264639873392666,0.352387012863932,0.935854365360784,0.340491431175837,0.940247619138613,-0.05518547323766,-0.009267465172472,-0.030191101085223,-0.019057631786027,0.001097839841128,5854.61121996827,15274.816362834212,31171.000543498543,57471.533131075535,94082.83712520923,,-7.751168080540466,-7.166166428578513,-6.150354410401887,-7.960445058210535,299.6114888959952,0.021048018096325,0.999778465928436,2.565675829582619,0.001480579049219,0.999998903942239,3.104612979147699,-0.002596135152781,0.999996630035456,36.93588203538555,0.009645966405803,0.999953476583835,,0.0,0.0,0.0,0.0,0.0,,384.86193029798125,110.22289452985639,668.2080149517445,,474.675882030396,,19.7919422620261,5443.2385637331345,3.005002969650439,,780.0,5.234585682496533,186.651343,5.06824254989624,157.89483207662258,-28.75651092337742,-15.406538448200408,15.406538448200408,False,-0.47307122,-0.17181824,-0.10629267,-0.05896279,-0.01234583,-0.0020329317,-0.1614169,0.05723747,-0.10624176,0.16470556,-0.09515106
33,PampilhosadaSerra_06102017,2017,421,p,2017-10-08 11:30:00,2017-10-08 14:30:00,281.479167,281.604167,sat,3,3,67.25,22.416667,308.687563,308.687563,4771.795241,4771.795241,3.0,3.0,2,920.9562035315985,-0.688949605134526,0.724809244963791,22.0,6.0,0.0,0.0,100.0,30.0,233,22.617571428571427,0.18509792819023,0.250195241865402,0.086686836481096,0.146779384215673,0.205841915210086,0.284638264973958,27.403466796875023,-2.390804036458311,14.070700638558721,3132.9232785866875,950.8408333333333,6401.11279296875,6.015127205879367,8403.478528123384,2.657424926757812,42.1924656653777,911.4022559648298,95.8286486880246,2.417462858738072,-0.856886165190953,0.515505673978806,2.761532365301164,-0.999639776937685,-0.026838710177194,0.076725730731389,0.492460249372802,25.540262858072918,16.376739501953125,5.0618896484375,-10.4849853515625,-38.095428466796875,15.123348553975424,21.11844762166341,16.653336842854817,6.036571820576985,24.727609634399414,2.598962917159071,5.190466178347819,4.313308858149422,20.00344012564991,32.424982551635914,-0.999772059156498,0.021350169319583,-0.749368754761823,0.662152904838991,-0.447976266081973,0.894045449083688,-0.160678647898728,0.987006774095009,0.052276025244316,0.998632673801862,0.033569578844471,0.069259549211424,0.010481550282904,0.003969795215178,0.018846710337521,5963.682942708333,15361.613606770834,31203.335286458332,57373.48828125,93888.6640625,,-9.998735397864307,-7.280906871837946,-6.07091971156022,-7.696089497493021,-2.85123746703294,-0.001729541089229,0.999998504342692,0.614618247379875,0.011041506310007,0.999939040711186,3.459635530068413,0.006533231502941,0.999978658215329,6.286579405136902,-0.002962640649165,0.999995611370562,,0.0,0.0,0.0,0.0,0.0,,1253.4580598958316,249.03992431641245,611.2988448071142,,519.5667702761363,,13.432651025446367,1654.7818581263225,2.808245165183707,,2160.0,5.735563927955164,308.687563,5.644962310791016,281.86289514310965,-26.824667856890358,-8.689908850292863,8.689908850292863,False,0.114880756,-0.14740671,-0.08027442,-0.1605373,-0.117439106,-0.2967265,0.07720013,0.065163106,-0.21562658,0.15779391,-0.12476334
33,PampilhosadaSerra_06102017,2017,423,p,2017-10-08 11:30:00,2017-10-08 14:30:00,281.479167,281.604167,sat,4,3,182.5,60.833333,632.78834,632.78834,8196.268315,8196.268315,3.0,3.0,2,673.1666093535075,0.958626180760831,-0.284667956679185,22.0,7.0,0.0,0.0,98.18688981868898,26.0,233,23.605054945054945,0.181217581510544,0.244348204837126,0.090445381402971,0.144165045022965,0.200849646329879,0.277750651041667,28.114404296875023,-1.942887369791644,13.952225789650285,3269.7237521344473,960.9708333333333,5267.0302734375,5.928157826125637,9166.74440391083,2.677815755208333,42.399447484637335,931.1624910943846,95.91018083025206,2.562210378453108,-0.837292137115933,0.546755774659796,3.117241342241955,-0.999914589678228,-0.013069558088177,0.064393555040337,0.599784460335756,25.542236328125,16.397623697916668,5.0419921875,-10.446085611979166,-38.09386698404948,15.27928606669108,20.71428044637044,16.278336842854817,5.710530281066895,23.820109685262043,3.044238133759028,5.136854041039194,4.064661468474015,20.0598092610487,32.424948121844636,-0.997384808146765,0.072274092716824,-0.720086525370355,0.693884281404363,-0.449939981645116,0.89305879589039,-0.167022435450548,0.985953095261721,0.064783804741924,0.99789932289944,0.02790968051103,0.060215208425954,0.008594479198667,0.004644383520273,0.013343438558593,5963.642903645833,15362.266927083334,31203.649088541668,57376.682291666664,93893.89322916667,,-9.97810104825642,-7.307149150774019,-6.047959915226456,-7.706497101785732,137.93515055208204,0.236670043123834,0.97159008367097,0.39929401086649,0.010207999450552,0.999947897016248,3.334014295553407,0.006245546055998,0.999980496387036,6.75753299245364,-0.006472740372641,0.999979051596616,,0.0,0.0,0.0,0.0,0.0,,1258.1113932291669,247.13492431641362,615.8361933352879,,526.9500852511429,,13.669401277038608,1842.7416284879048,2.746879522003896,,2160.0,6.451715050116941,632.78834,5.418571949005127,224.55678580782086,-408.2315541921791,-64.51312838542177,64.51312838542177,True,0.1337799,-0.15441924,-0.08299195,-0.1662857,-0.11020444,-0.06760815,0.08388403,0.020349404,-0.22389589,0.15981776,-0.14648715
33,PampilhosadaSerra_06102017,2017,424,p,2017-10-08 11:30:00,2017-10-08 14:30:00,281.479167,281.604167,sat,5,3,214.0,71.333333,321.724654,321.724654,4973.326948,4973.326948,3.0,3.0,2,665.3980070339976,-0.286975843111794,-0.957937819208676,31.0,7.0,0.0,0.0,91.65673420738975,16.0,233,25.469767441860466,0.18509792819023,0.250195241865402,0.086686836481096,0.146779384215673,0.205841915210086,0.284638264973958,27.403466796875023,-2.390804036458311,14.070700638558721,3132.9232785866875,950.8408333333333,6401.11279296875,6.015127205879367,8403.478528123384,2.657424926757812,42.1924656653777,911.4022559648298,95.8286486880246,2.417462858738072,-0.856886165190953,0.515505673978806,2.761532365301164,-0.999639776937685,-0.026838710177194,0.076725730731389,0.492460249372802,25.540262858072918,16.376739501953125,5.0618896484375,-10.4849853515625,-38.095428466796875,15.123348553975424,21.11844762166341,16.653336842854817,6.036571820576985,24.727609634399414,2.598962917159071,5.190466178347819,4.313308858149422,20.00344012564991,32.424982551635914,-0.999772059156498,0.021350169319583,-0.749368754761823,0.662152904838991,-0.447976266081973,0.894045449083688,-0.160678647898728,0.987006774095009,0.052276025244316,0.998632673801862,0.033569578844471,0.069259549211424,0.010481550282904,0.003969795215178,0.018846710337521,5963.682942708333,15361.613606770834,31203.335286458332,57373.48828125,93888.6640625,,-9.998735397864307,-7.280906871837946,-6.07091971156022,-7.696089497493021,-2.85123746703294,-0.001729541089229,0.999998504342692,0.614618247379875,0.011041506310007,0.999939040711186,3.459635530068413,0.006533231502941,0.999978658215329,6.286579405136902,-0.002962640649165,0.999995611370562,,0.0,0.0,0.0,0.0,0.0,,1253.4580598958316,249.03992431641245,611.2988448071142,,519.5667702761363,,13.432651025446367,1654.7818581263225,2.808245165183707,,2160.0,5.776799495271972,321.724654,5.819738388061523,335.8839092482227,14.159255248222735,4.401047626341603,4.401047626341603,False,0.15341498,-0.15441924,-0.08299195,-0.1662857,-0.11375494,-0.010175983,0.09085816,0.024068,-0.22389589,0.15981776,-0.14377835
33,PampilhosadaSerra_06102017,2017,427,p,2017-10-08 14:30:00,2017-10-09 02:30:00,281.604167,282.104167,sat,3,3,285.75,23.8125,160.594902,155.081113,2482.529531,2284.215556,15.0,12.0,2,1003.4038294168843,0.523988625659899,-0.851725260972721,22.0,7.0,0.0,2.532751091703057,96.24454148471617,12.0,233,25.91932862190813,0.183966678386925,0.249717621244361,0.086169985234739,0.145401730040709,0.204722800155479,0.284506479899088,20.879785156250023,1.421065266927106,29.98135298396184,1870.7234539759054,950.2359375,6401.11279296875,8.799522784225884,11196.749162949338,2.83889643351237,43.1333442621424,912.8378634214373,95.8836497741829,2.605691110881398,-0.378225076491586,0.92571366605065,6.614268064986975,-0.683418418736157,0.730026893293782,0.502126845014558,0.539626758578662,22.87029520670573,16.821805318196613,5.144012451171875,-10.590479532877604,-38.291300455729164,24.34857439994812,21.07016118367513,13.100930054982504,12.588109612464905,21.080723762512207,5.726577432662506,3.972795760568163,6.28991040944499,22.246170639943696,39.814458485945316,-0.622096052396598,0.782940931100533,-0.398734374248529,0.917066463672418,0.6210097535748,0.78380283615522,0.006642482708321,0.999977938468379,0.031251000569209,0.9995115681989,0.026324706051555,-0.001391611149963,-0.03219596964535,-0.015647311547673,-0.048214624655465,5931.559814453125,15327.813232421875,31159.119791666668,57347.4208984375,93851.10807291667,,-6.599781285161577,-7.514454317482841,-6.144182514965371,-7.721281258925685,-14.670950395053564,0.040341780603056,0.999185939021249,0.405414288552387,-0.021324170105433,0.999772614032468,3.453070019841379,-0.001519804359517,0.999998845096687,25.011957263652302,0.037506426445197,0.999296386451643,,0.0,0.0,0.0,0.0,0.0,,366.2897485542358,148.05080429424055,714.0023725867239,,543.9843423362387,,19.470734286745984,3612.269719441732,2.518379044007241,308.687563,2340.0,5.050375827247914,155.081113,5.353813648223877,210.41301731089314,55.33190431089315,35.67933144179405,35.67933144179405,True,-0.45170817,-0.1630569,0.14460559,-0.21691693,-0.13580412,-0.039624263,0.13410985,0.04957241,-0.21302237,0.028070435,-0.15478882
33,PampilhosadaSerra_06102017,2017,426,p,2017-10-08 14:30:00,2017-10-09 02:30:00,281.604167,282.104167,sat,4,3,318.75,26.5625,143.846935,124.774675,1745.31201,1928.808522,15.0,12.0,2,781.8524960691824,-0.642435107657377,-0.766340089287552,21.0,7.0,0.0,0.0,100.0,26.0,233,22.621285266457683,0.180386030759446,0.244477296677644,0.089374325882377,0.142928536400144,0.20015949347729,0.278388019385686,21.140839471488555,2.206682816270495,31.251895880894775,1876.0162888896573,959.3267266383737,5395.042526994203,8.943670100891046,11701.824376725117,2.785619352013839,43.56716330389048,930.376009745131,95.94573127291187,2.235731501875863,-0.365832270157091,0.930680799260256,6.350937327696414,-0.703937268904331,0.710262149806332,0.58536165234845,0.680064050405916,22.69254174601601,16.738508975786818,5.167270271759143,-10.578935225190625,-38.279242892228474,24.476121219241392,21.108233766714033,12.497132108609092,12.885434193211863,20.666733174216255,6.494576921716716,2.958460903670186,6.108676933847432,22.454094806532343,39.27501814140602,-0.571594800805689,0.820536034365283,-0.464777913728842,0.885427292842199,0.642201182779032,0.766536131462315,0.011849770602254,0.999929789003545,0.041363897170538,0.999144147763908,0.034806457922052,-0.028526264443164,-0.031517753764723,-0.01927165864904,-0.054271166267697,5933.277062370554,15327.921956923741,31159.527689034232,57350.66299666447,93855.80936080613,,-6.496714844948381,-7.445888587700118,-6.148756540057743,-7.721138194844424,792.1224833131123,-0.999999964943249,0.000264789541455,0.298755215117625,-0.020817564736012,0.999783291017839,3.407529789318273,-0.001767074385237,0.99999843872284,23.24543554831325,-0.054419583917698,0.998518156513052,,0.0,0.0,0.0,0.0,0.0,,339.1611708551624,145.51040767547562,726.8368406401947,,556.9855986211303,,20.03177434395103,4087.645579679381,2.40577243321188,632.78834,2340.0,4.8344920123947155,124.774675,4.9542107582092285,140.77067086852472,15.995995868524716,12.819905857117813,12.819905857117813,False,-0.41359735,-0.17509742,-0.08584072,-0.17465505,-0.12155653,-0.23190263,0.12904835,0.05569405,-0.21488284,0.02864125,-0.12621848
33,PampilhosadaSerra_06102017,2017,428,p,2017-10-08 14:30:00,2017-10-09 02:30:00,281.604167,282.104167,sat,5,3,1511.5,125.958333,442.567728,480.2124,6448.117035,6932.322398,15.0,12.0,2,876.7682584269663,0.507381962942681,0.861721267974994,22.0,7.0,0.0,0.0,100.0,12.0,233,25.48099469496021,0.182268168346551,0.249406892278974,0.08854341980706,0.145121387789322,0.202214774339304,0.284930026634753,20.844792930803063,1.686263194715171,30.86539833152791,1856.8047441862366,950.090523232718,6360.43540941416,8.921484083344433,11349.179579957578,2.838764426240644,41.750740628239306,917.9221300890064,95.72860417540609,3.70535225489837,-0.405982843770897,0.913880698211586,7.091162915313508,-0.67716237147322,0.735833624306993,0.308402237052321,0.324321857193602,22.860687698745096,16.81482672100907,5.137297868527784,-10.583566471215033,-38.28697885596827,24.7423663688882,22.57643764747586,13.80675690410191,12.216424911853231,21.243988905038826,6.033845212149926,3.881341619638228,5.992960550139301,21.90229725732522,39.54355862942097,-0.607596087345067,0.794246180124882,-0.496849459948666,0.867836743949413,0.575457901002744,0.817831403269351,0.031683256726131,0.999497959599331,0.05112274428279,0.998692377570289,0.008852219727246,0.021029291086181,-0.030490479245528,-0.009353757270053,-0.03672794812173,5927.696828551086,15327.706458199706,31158.6936534691,57347.32119456227,93851.501136271,,-6.596912761539911,-7.514284428767695,-6.138861038177048,-7.722003598753457,-16.50673566761039,-0.035160264745205,0.999381686735877,0.277396824906338,-0.020628579051963,0.999787208222978,3.37288409814124,-0.002312854831453,0.999997325347687,28.489170299562364,0.125505368924727,0.992092940389694,,0.0,0.0,0.0,0.0,0.0,,381.98651333537003,150.61605253064303,717.4913588719947,,548.4430732182415,,19.524857374383636,3697.824913700746,2.467148402758034,321.724654,2340.0,6.176308752679567,480.2124,5.007186412811279,148.48355889120376,-331.72884110879625,-69.07960750467839,69.07960750467839,True,-0.3975827,-0.17509742,-0.08652911,-0.17641318,-0.12155653,-0.23190263,0.12904835,0.041639373,-0.21488284,0.02864125,-0.12621848
33,PampilhosadaSerra_06102017,2017,429,p,2017-10-09 02:30:00,2017-10-09 04:30:00,282.104167,282.1875,sat,5,4,119.75,59.875,423.182056,432.90559,5460.817137,5487.416561,2.0,2.0,2,933.8364197530864,0.265446224471126,-0.964125667075628,21.0,7.0,0.0,0.0,100.0,12.0,233,24.567226890756302,0.180385157218574,0.248834821250818,0.088174392580987,0.143210844695568,0.200192600488661,0.285051574707031,14.721704101562523,1.994165039062523,42.156850631910324,967.643315649061,949.2850000000001,6345.865234375,11.046847574519731,4670.461098069471,2.670280456542969,44.43195003220027,924.0537854141796,95.93733922671072,4.826769102741921,0.579985011870837,0.81462714538934,6.220653684514009,0.334449616514846,0.942413632123959,0.000113228665665,0.000113238428087,20.643341064453125,16.227828979492188,4.88726806640625,-10.942108154296875,-38.199195861816406,29.07745361328125,20.139592170715332,12.460798740386963,16.345569610595703,16.98357582092285,6.144533129522046,2.984013454292333,7.069818050621894,23.654416773617477,40.43411159644737,0.472234155895922,0.881473143099247,0.081016439145879,0.9967127653382,0.266619398734254,0.963801896770589,-0.299035109500827,0.954242109365243,0.161216843222694,0.986919008562156,-0.032842992095265,0.023401411896266,-0.013851684029095,0.038128562042172,-0.004021414149131,5884.191162109375,15259.55029296875,31067.9326171875,57219.19140625,93689.1953125,,-4.817965237586437,-7.297451486457782,-6.18123398560606,-7.597595792381274,-20.307640552055727,0.048453033599794,0.998825461997729,1.31145430475195,-0.003838064717436,0.999992634602488,3.996891712194543,0.018396177446474,0.999830776009299,25.027424688802185,-0.086852363887936,0.996221193755221,,0.0,0.0,0.0,0.0,0.0,,14.650132637023953,0.098366546630984,783.0179214497953,,540.3030423725216,,24.612648403984977,3073.44388961792,2.105917060692751,480.2124,3060.0,6.0728269758741185,432.90559,5.457089424133301,233.4141503183937,-199.49143968160632,-46.0819735965078,46.0819735965078,True,0.2415838,-0.22720946,-0.09559874,0.14261368,-0.12926932,-0.27387547,-0.06096197,0.0250949,-0.25075215,-0.047075734,-0.14080521
33,PampilhosadaSerra_06102017,2017,432,p,2017-10-09 13:00:00,2017-10-09 14:00:00,282.541667,282.583333,sat,6,5,75.5,75.5,415.792599,415.792599,4489.520588,4489.520588,1.0,1.0,2,717.016501650165,-0.981619239166173,0.190849860620395,22.0,7.0,0.0,0.0,100.0,26.0,233,25.263157894736842,0.181858785286545,0.244343885547356,0.089790496230126,0.145364753901959,0.20145396143198,0.277404785156251,28.252099609375023,-1.159033203124977,14.659376173770308,3267.481131592524,960.1165625000001,5267.0302734375,6.009146446347719,22640.82140863865,3.158203125,47.29110708193947,936.9427717886647,96.08397956911605,6.91839020405528,-0.75055113077846,0.660812378884638,8.385778262102084,-0.738830450950629,0.673891359751771,5.0607833388e-05,5.1660326083e-05,25.620834350585938,16.443283081054688,4.126876831054688,-10.701690673828125,-38.488502502441406,15.890724658966064,21.330913543701172,13.708896160125732,15.512068271636963,19.62517738342285,8.468649404124745,7.699452189913673,11.773172801956466,13.792486480232611,12.955314433677946,-0.748554830445618,0.663072896306682,-0.52783358542168,0.849347812207045,0.274938779422605,0.961461734844195,-0.208262908188779,0.978072881268442,0.187318060201027,0.982299315037186,0.063711938135317,0.03862086571872,-0.030568643391846,-0.001455549067033,-0.052878973129394,5915.276123046875,15318.515625,31115.2705078125,57258.984375,93763.0078125,,-10.014041889585272,-7.925390797307852,-5.790426870968886,-7.745250222551173,491.1601981531159,0.078381292016981,0.996923453963116,1.923020974298626,-0.036328729519239,0.999339893835685,1.347930796627946,0.002233007786026,0.999997506835006,15.238938163850701,0.005707751844913,0.999983710651767,,0.0,0.0,0.0,0.0,0.0,,1440.535644531301,275.12875976564396,621.4027156627262,,570.4879633587884,,13.816459100015095,4235.188007354736,2.495312389038125,,3690.0,6.032588733563655,415.792599,5.76180362701416,316.9212234254849,-98.87137557451507,-23.779012856964073,23.779012856964073,False,0.2737306,-0.104350746,-0.09008874,0.08862102,-0.1366081,-0.29842323,0.052007485,0.024478648,-0.27595946,0.11986664,-0.11828002
33,PampilhosadaSerra_06102017,2017,430,p,2017-10-09 13:00:00,2017-10-09 14:00:00,282.541667,282.583333,sat,7,5,185.75,185.75,1290.68988,1290.68988,19951.914395,19951.914395,1.0,1.0,2,882.5030323450135,-0.105546319743549,-0.994414387661699,21.0,7.0,0.0,0.0,100.0,12.0,233,25.455026455026456,0.185729305306076,0.250196836016375,0.086353606581689,0.147859260737895,0.206436261236666,0.284306640625,27.749169921875023,-2.010595703124977,14.177974060067392,3191.1983003843457,949.9365625,6401.11279296875,5.994931531861528,19369.550620091577,3.213455200195312,45.95598005243648,917.1446857912599,96.04865303265774,6.058286952344521,-0.758166716837798,0.652060755972474,7.8257114258868,-0.74342237316802,0.668822229798942,4.3859983187e-05,4.5044746548e-05,25.788650512695312,16.521408081054688,4.094497680664062,-10.712142944335938,-38.4967041015625,15.58806848526001,22.011539459228516,13.847489833831787,16.08738088607788,19.754551887512207,7.228043103654826,7.29034421785143,12.433976462462786,14.047080547140977,14.03147839020719,-0.759524132897981,0.650479124603988,-0.600815884516776,0.799387436048581,0.250691263648091,0.968067089787957,-0.185467417333951,0.982650414495142,0.189888811401155,0.981805601585496,0.060365401337989,0.077587696113703,-0.030605530091485,-0.002816571443037,-0.04836232100581,5910.2412109375,15317.7255859375,31114.01171875,57256.375,93759.42578125,,-10.111907979145645,-7.996498274504797,-5.781864614740957,-7.74462287411097,-6.511229077221348,2.7696548536e-05,0.999999999616451,2.518645192718644,-0.038274628693768,0.999267257943717,1.537141416587064,0.002377619461517,0.999997173458853,14.808078054420509,0.004963175813918,0.99998768336707,,0.0,0.0,0.0,0.0,0.0,,1551.690649414104,313.2787695312643,611.2510521846614,,559.4363616827056,,13.469957862768439,3614.835739135742,2.510485865401375,,3690.0,7.163706624570754,1290.68988,5.751369476318359,313.6212317158001,-977.0686482841998,-75.70127134522818,75.70127134522818,True,0.27405572,-0.11562154,-0.09380656,0.08862102,-0.13194944,-0.29842323,0.062954895,0.024478648,-0.27595946,0.11986664,-0.1192226
33,PampilhosadaSerra_06102017,2017,433,p,2017-10-09 14:00:00,2017-10-09 19:30:00,282.583333,282.8125,sat,7,5,369.0,67.090909,367.594,359.578044,5532.136531,5558.477261,6.5,5.5,2,872.8102009536784,0.78448494280972,-0.620147865032873,22.0,7.0,0.0,0.0,99.79536152796726,12.0,233,26.505776566757497,0.185536166144906,0.25007498868248,0.086376954764129,0.147735565304756,0.206201820274192,0.284222513834635,25.689680989583355,-0.064957682291644,19.143434019252766,2708.974368436825,949.3689583333334,6401.11279296875,6.866252059621535,22218.23000842863,3.224271138509115,45.95598005243648,917.1446857912598,96.04865303265774,7.964746980167693,-0.805435622544753,0.592683269492185,12.866092991494092,-0.771635195108941,0.636065347011757,0.008059952849141,0.00951217843578,25.068918863932293,16.971878051757812,4.523335774739583,-10.591847737630209,-38.57493336995443,18.8733811378479,20.084018071492512,12.459946791330973,13.980983893076578,19.699793815612793,11.20683574082054,9.389645402365371,10.275857279796773,11.578212092524065,10.910876880582718,-0.780731202286325,0.6248670176738,-0.414006991218144,0.910273701269294,0.299587546193864,0.954068814166745,-0.420903223403059,0.907105548725679,-0.457260562373479,0.889332771294238,0.085128600235561,0.016130270598994,-0.033903457541025,-0.015373726323342,-0.003558550142903,5856.933024088542,15268.266276041666,31077.076497395832,57236.717447916664,93739.84765625,,-8.835047987581357,-8.010418006646866,-5.902347933529779,-7.799959259746569,-18.573939560637438,-0.009772938810547,0.99995224369317,0.493208340771214,-0.037128156571817,0.999310512298144,0.52140364219232,0.001823876269651,0.999998336736293,41.735115394232345,0.015160644465455,0.999885070825338,,0.0,0.0,0.0,0.0,0.0,,1001.4951618449227,433.8257810974256,648.9144648967854,,571.764769852951,,15.479309153519688,5607.0036093393965,2.611480374158748,1290.68988,3750.0,5.887708421505631,359.578044,5.546480655670166,255.33383954926444,-104.24420445073554,-28.990703462065536,28.990703462065536,False,-0.113449536,-0.10008648,-0.07754646,-0.036708385,-0.13942188,-0.14529131,0.12922153,0.019062487,-0.10004849,0.12830256,-0.070728794
33,PampilhosadaSerra_06102017,2017,435,p,2017-10-09 14:00:00,2017-10-09 19:30:00,282.583333,282.8125,sat,8,5,160.75,29.227273,257.080698,258.4815,3974.039118,3995.693182,6.5,5.5,2,840.4002329192547,0.383337958611405,0.923608147153132,22.0,7.0,0.0,0.0,100.0,16.0,233,26.5,0.184342084033755,0.249838100323014,0.087603343169889,0.147319692250664,0.204545436998921,0.284492077195638,25.814029818693175,-0.252480020380615,18.77297322684497,2740.9476166643453,949.2587812743644,6375.0255921641365,6.80417543052791,22146.244196557218,3.23113030599864,45.23635228639327,920.407075548019,95.99609205653536,7.917649053172414,-0.80582382339389,0.592155356009597,12.81455883207291,-0.777159937512551,0.629303131666678,0.0048833069248,0.005381340024204,25.15921442419268,17.005076326340344,4.542815714343063,-10.60326047009177,-38.567471383473354,18.845099005247892,20.55246741892985,12.49373760275841,14.195829197093246,19.789632758499604,10.97375317464073,9.392668437008343,10.492760817392952,11.530760353477241,10.622128086342908,-0.78631940529588,0.617820194599638,-0.454933322524166,0.89052550331651,0.334034899854983,0.942560706627892,-0.403532053731432,0.914965508427117,-0.388691351327107,0.921368022781075,0.070331500050496,0.03955811729065,-0.038868359395802,-0.015807465816795,0.000873779060288,5854.29583750233,15268.617342451662,31076.99641613506,57237.613251348135,93740.7182517606,,-8.897349422219804,-8.019245513923783,-5.914411253765032,-7.794698151635544,-18.536924608701113,-0.009915098896143,0.999950844198793,0.665576399401062,-0.036756300590523,0.999324258870412,0.550157298917078,0.001917239100887,0.999998162095426,43.14389466201749,0.015030819272626,0.999887030854983,,0.0,0.0,0.0,0.0,0.0,,1051.4352755281332,453.40030958125357,645.9095296154088,,570.9111599707661,,15.33342399495516,5489.8494684239995,2.597908532261917,295.319224,3750.0,5.5586854091205,258.4815,5.503046989440918,244.43864303030298,-14.042856969696999,-5.432828643325345,5.432828643325345,False,-0.10803877,-0.100160286,-0.07410451,-0.028713278,-0.14602315,-0.31529784,0.12922153,0.023708565,-0.11040836,0.12549257,-0.065363534
152,Paredes_17092024,2024,3016,p,2024-09-17 05:20:00,2024-09-17 10:30:00,261.222222,261.4375,sat,1,1,1873.5,362.612903,2481.787462,2481.787462,23874.9635,23874.9635,5.166667,5.166667,4,161.94731775328643,-0.630364780851557,0.776299068054296,22.0,4.0,4.865381987153205,15.115484488178216,73.50006833401667,19.0,223,16.621798715203425,0.211044828131536,0.292233182298327,0.08954068340307,0.155310311951912,0.239113631643638,0.335189983444778,19.50863457064806,7.0956424978456,44.558337631316206,1263.4747495721163,991.4085182233339,1494.9385219918377,10.889953785531565,28160.269578182215,2.360084099989608,56.076727993400254,752.2720558356791,93.78579271329312,22.127418964043304,0.99511073646572,0.098765490788293,36.61354708572577,0.995324725354276,0.096585149471516,9.8943818101e-05,9.7373614718e-05,18.371765665631095,17.660235125714806,6.940066925735588,-7.459901631583238,-35.87139742983825,38.568387881986695,20.812164981293847,18.766545259126904,29.045837918020908,35.84956039750146,53.361513660338076,14.716672809496558,34.10803593936493,63.30661647237747,74.69773383570032,0.999782212525693,0.020869296040613,0.411268505622148,0.911514243598708,0.530617096667367,0.847611642631396,0.576099950841312,0.817379255083366,0.564312257723716,0.825561430653566,-0.49291648842106,0.023076767659592,-0.014760442699368,-0.075271907070758,0.135870988100659,5385.926124326559,14738.14978156065,30634.0144469994,57088.50753437188,94005.65233324314,-5.174708456809356,-0.776383201050194,-6.898239687222689,-5.623062702985278,-7.919373604705777,76.18469491531737,0.004142005313876,0.999991421859198,3.623979458953356,-0.005502336358286,0.999984862032721,7.338293785715183,-0.002710275765018,0.999996327195894,142.50631667600274,0.003610755375661,0.999993481201561,,12.2784149000961,0.030672474412,0.0,12.3089913229182,0.0,,514.1151436697509,37.917446925551566,823.5622404797311,,584.8373096377787,,23.874786312137132,26688.985603656816,1.199722237745281,,0.0,7.817137184583134,2481.787462,6.381852149963379,590.021354727151,-1891.7661072728488,-76.2259515062716,76.2259515062716,True,-0.17366457,-0.01687481,0.14429948,0.20449424,0.26774997,0.1107976,-0.1297389,-0.09784643,0.18708025,-0.03574147,-0.09776389
152,Paredes_17092024,2024,3017,p,2024-09-17 10:30:00,2024-09-17 14:00:00,261.4375,261.583333,sat,1,2,565.5,161.571429,357.171907,359.580931,3477.366154,3794.777422,3.5,3.5,4,194.04874501329786,-0.993121071932061,0.117092000087595,21.0,4.0,3.466906798739307,0.0,92.66096352994147,18.0,223,16.173619744058502,0.210663008780144,0.291785859306251,0.089998676357021,0.154927196006559,0.238650542046911,0.334708002441758,25.60723391723137,6.774462445247732,30.317082670885583,2301.318157709882,989.4608880972987,1519.4984523121182,8.371765686175532,43258.21676196979,1.11705457174238,56.25274354691565,750.6854659775827,93.79811982879956,19.090328014547474,0.987924567108344,0.154935630840006,26.278415901427525,0.986067987134937,0.166342792893629,0.000837318364823,0.000868427375503,21.554771384292124,15.881131803465992,7.647022659981234,-7.339565951445302,-35.81285958685857,31.468770109835667,18.160488251311314,4.058721962722156,26.488923005245503,42.51965085016798,29.7942325712595,23.79470949939434,28.653949599149172,50.39196589197426,105.16161415213315,0.991302149234708,0.131605656879362,0.81240556133791,0.583092791849835,0.524248830912193,0.851565125687519,0.373186362131233,0.927756400742812,0.472323391551604,0.881425330809814,-0.243321817848747,-0.048358771320337,-0.030206628774408,0.131356066838371,0.209468628242851,5262.86373643466,14589.026954003402,30463.23475281537,56919.00569476109,93798.19269945982,-11.285042259731027,-6.190765135513521,-5.298504409904679,-5.852132741155586,-7.936599032183942,26.463438569719457,0.002346398808544,0.999997247202527,3.168995678288367,-0.005086597641432,0.999987063178536,5.810280148552066,-0.003227446910678,0.999994791779657,74.21251299148165,0.003486372594397,0.999993922584599,,4.4228889419625,0.0,0.0,4.4228889419625,0.0,,968.3388829054561,192.25798545834303,749.302217763743,,600.1871149758018,,19.245267444554223,14901.73882886685,1.506929146308276,2481.787462,310.0,5.887716428062022,359.580931,6.244232654571533,514.0338643758608,154.45293337586082,42.95359404802832,42.95359404802832,True,-0.03735696,0.14214964,-0.0760249,-0.0011139773,-0.002543861,0.032407355,-0.17633303,-0.16816129,0.18531123,0.12275771,-0.13379924
152,Paredes_17092024,2024,3019,p,2024-09-17 14:00:00,2024-09-18 00:30:00,261.583333,262.020833,sat,1,2,1107.75,105.5,250.534081,238.138854,2439.158056,2318.480189,14.0,10.5,4,149.54967444993264,-0.504387633330938,-0.863477339217895,21.0,4.0,0.205949656750572,0.0,96.81922196796339,19.0,223,17.30879464285714,0.210102855814271,0.291358710794374,0.089823294871359,0.154477399109081,0.238020793556068,0.334351226656862,24.474815327419286,5.555889013033229,30.092082486305642,2190.4242629146024,987.3249435948682,1532.478551235843,8.454857520423026,29101.48940534892,1.46272664188176,54.56376382403096,750.4289998974577,93.66780675371196,13.10520504029362,0.940481587202295,0.339844647057227,24.035927866450184,0.979521155564905,0.201341267009011,0.027207629442709,0.027690313996053,23.309310621564293,15.320498527100892,6.395045243337372,-9.007625726631726,-37.52776455681507,26.55381102065272,34.603852717964266,3.253461051563768,13.848662034132401,25.726848152267635,30.78085109429402,29.193032061092822,10.27040373337023,31.07188463837045,72.71961622616138,0.998793164797249,0.049114294806058,0.9010849843674,-0.433642538212757,0.935548708228332,0.353197698934037,0.577727906879909,0.816229419717373,0.576271317995913,0.817258446304015,-0.257893851010189,-0.158481776126711,0.003178821654399,0.0646926197596,0.034100125250991,5109.79308029642,14477.009123176407,30283.23031300528,56547.27823998236,93325.34549867542,-0.41117032003148,-8.716954731440909,-5.743372204610459,-6.01460928979372,-7.949656584718443,44.81021796862223,0.011131300619435,0.999938045154058,0.082922983260757,0.0011542332847,0.99999933387254,4.782784812710933,-0.001232011200831,0.999999241073913,117.56245668552157,0.018466444014765,0.999829480684306,,0.0896851897716,0.0,0.0,0.0896851897716,0.0,,863.0496017230627,337.54472072057354,746.5881251522901,,610.1581480836757,,19.41997469101864,15510.497706686192,1.64394248379862,302.665171,520.0,5.477044362308002,238.138854,5.548691272735596,255.90112230086726,17.762268300867248,7.458786335163621,7.458786335163621,False,-0.5341952,0.06243232,-0.08019482,-0.060883686,-0.066931024,-0.002717342,-0.2132175,-0.030134995,0.115800925,0.11575575,-0.07544906
16,ParedesdeCoura_07082016,2016,234,p,2016-08-07 17:00:00,2016-08-08 02:30:00,220.708333,221.104167,sat,1,1,443.5,46.684211,380.263597,380.263597,4826.590768,4826.590768,9.5,9.5,2,287.3949419742729,0.999884042845554,-0.01522829152696,22.0,6.0,0.114810562571757,2.583237657864524,96.32606199770379,27.0,233,22.76068181818182,0.160748851593402,0.231217865899244,0.065984339306612,0.113426828495133,0.183764324802725,0.268503058653658,27.814451275662417,15.251802190879385,47.868748473296,2069.306187824185,992.6488859881922,2271.359232524945,10.850379894581916,27629.086091226236,3.87074449765538,37.459532199753404,453.71830121856357,92.21663501408071,12.09119277306803,0.362345440054818,0.932043873469205,22.639755512027733,0.469765100216554,0.882791453639267,0.071704423931952,0.072331988725861,32.068779747418624,24.623461213398663,10.881972218087899,-8.703795412274033,-35.1039806863228,21.043692379069558,21.495352127971056,22.957130020710782,15.731600572777447,21.1214270697544,22.8126224334617,17.616514222235455,29.560780499045062,7.453412616760645,47.58576824790909,0.723298004418846,0.690536021365805,0.935943773836641,0.352149474252664,0.824491225557206,0.565874737887438,-0.343063799562613,0.939312104377274,-0.99733471584172,-0.07296207629252,-0.147627467002856,-0.03128702229637,-0.009073461668336,-0.013609417633318,0.013057876392408,6165.347240420013,15831.883046262097,32080.28378151526,58536.92253316155,95557.7397033919,15.922560709130346,-8.123924289969086,-8.842406479141836,-7.64807221857784,-7.358744217595363,34.30253063318393,-0.050297760677666,0.99873426659488,5.563594015068548,-0.00507087072131,0.999987143052413,-1.174100303793207,0.008805103054578,0.999961234328711,108.74014515321053,-0.155067962340075,0.987903804555736,,0.0,0.0,0.0,0.0,0.0,,203.61568555171627,48.24832445127935,827.2745639453533,,693.5368050526108,,17.97385634285296,12364.501643820422,1.484714928236562,,0.0,5.943490991547962,380.263597,5.983750343322754,395.926189728575,15.66259272857502,4.1188777606221985,4.1188777606221985,False,-0.514054,-0.0824025,0.16306034,-0.054535534,0.25801837,-0.018946122,-0.108627036,0.06506691,0.12155497,-0.024510046,-0.14643872
16,ParedesdeCoura_07082016,2016,235,p,2016-08-08 14:00:00,2016-08-09 02:30:00,221.583333,222.104167,sat,2,2,5405.25,432.42,1072.928055,1072.928055,9188.382287,9188.382287,12.5,12.5,2,295.92063895695594,0.163982755409689,-0.986463205562299,22.0,7.0,16.453154875717015,38.88623326959847,33.02581261950287,6.0,234,16.3387054478301,0.15936914612002,0.233796244132482,0.065563950366332,0.111735765880031,0.182382164943848,0.273175661070292,27.978452374469594,14.044699079888836,43.51414996075587,2267.795043153483,992.8754344972954,2176.0524844852407,9.909852722324233,36240.798462971,3.745958687449885,42.78429482128195,472.15987062766874,92.78341890002244,15.168156784026221,0.078462606823948,0.996917057397651,25.093371619465053,0.277849108210316,0.960624730613746,0.031869354784677,0.033521305002863,29.258347208301522,22.629241378893997,9.137324003994225,-12.443966488747519,-36.82644325819411,24.8964132852196,20.5721272601044,40.164953628035214,47.49746478507542,51.130602295687176,31.510862762571143,24.03986291171273,21.43084957884264,28.443174460602556,68.92033885582724,0.550813028899931,0.834628664253801,0.139052461724642,0.990285015986972,-0.543271204510543,0.839557263293972,-0.973456925948735,0.228870298034584,-0.996566174819722,0.082800115973271,-0.224286442901919,-0.12867446208322,-0.069089838479136,0.001023754993017,0.042585643302838,6060.390864938571,15647.53302432057,31803.418258843925,57998.34829629191,94654.72187905127,5.624622107805188,-7.233317637415011,-8.681811530946257,-8.427306571468092,-6.796331467953427,53.64848364421983,-0.073941165075805,0.997262605388988,2.304566284626519,0.016992850379088,0.999855611093919,2.522691605281191,0.008629134127951,0.999962768329002,114.96464480500244,-0.055538869893858,0.998456525809168,8175.408535156242,3.1111786054851,0.0,0.0116753910904,3.1225857936923,99.51080975354418,,438.26429915023397,65.82320675722517,810.6122442189088,,697.8489687576645,,13.924082084652174,27214.107483913314,1.41177843342956,,1260.0,6.979078284929304,1072.928055,5.513200283050537,246.9433476193537,-825.9847073806463,-76.98416529714532,76.98416529714532,True,-0.5165114,0.15027715,0.07149548,-0.061899118,-0.04154549,0.09096884,-0.06889018,-0.14801633,0.09693623,0.04575741,-0.11525694
16,ParedesdeCoura_07082016,2016,236,p,2016-08-09 02:30:00,2016-08-09 14:00:00,222.104167,222.583333,sat,2,3,334.25,29.065217,80.485936,78.268376,392.368938,476.373263,11.5,11.5,2,251.97522354694485,0.089384889628235,-0.995997159386586,22.0,4.0,81.29657228017884,8.64381520119225,9.910581222056631,3.0,234,12.728734939759038,0.121289157072139,0.178120934528569,0.04976921320192,0.085406520753041,0.138708253874814,0.208190658050489,22.952955674228377,14.386305906807946,59.5636701967218,1202.0635978630944,1001.2487782109893,1221.0632819412785,13.571097614952066,25739.213817425018,2.990110493841248,43.19147772943666,473.4277323053465,89.35415456303822,20.29185960192347,0.072705692462504,0.997353438999208,31.27874008910413,0.218043233707625,0.975939110925637,0.00669505512397,0.006595296347223,24.545283218471983,18.355454915783614,6.375233928101117,-11.135549530909358,-39.559650241322,34.72004017526344,28.181667486166404,38.615044400700704,29.815152734884848,61.70724757450142,29.989926503749107,27.392540247959488,30.200075059623252,50.446952463883115,81.7638480493321,0.417170771009347,0.908828117861385,0.087300027144152,0.996182064313863,-0.82669956261438,0.562643611154693,-0.849681423923585,0.527296385194503,-0.9221594819452,0.386809888522205,-0.098252652828387,-0.102170663561434,0.033772621679693,-0.068987897072055,-0.128118544258814,5950.030213870501,15394.958480836905,31348.627162090892,57481.92367522086,93873.90221881693,5.037749192970105,-6.75400203083015,-7.709061493931578,-6.837808914406871,-7.922887077186759,19.775978076088165,-0.084424114063055,0.99642991171716,2.915112761125119,0.017270012965776,0.99985086220504,5.240073881218234,0.00900135944605,0.999959486943408,107.84537105319208,-0.345646936539881,0.938364638752226,8089.76519345964,13.3705094373679,0.026158489628,0.0188489361809,13.406624834391001,0.08162647724861,,406.1086197731015,68.83657246916655,883.011956900718,,745.6298131672712,,19.86878578033409,15118.3780603583,0.744923039548547,1072.928055,2010.0,4.372839259695846,78.268376,5.143352031707764,170.28897315342104,92.02059715342104,117.57059729132624,117.57059729132624,True,-0.5214779,-0.12935238,0.123640396,-0.07733741,-0.17520054,0.008047053,-0.089801334,-0.18330385,0.108758576,-0.22269139,-0.09369435
16,ParedesdeCoura_07082016,2016,237,p,2016-08-09 02:30:00,2016-08-09 14:00:00,222.104167,222.583333,sat,2,3,125.0,10.869565,77.998331,75.603329,937.916932,948.772375,11.5,11.5,2,57.429904084158416,0.816036712307772,-0.578000072807887,32.0,4.0,0.0,56.05749486652978,33.26488706365503,6.0,223,17.9290625,0.155950283008616,0.228529729052425,0.06411056088615,0.109904220618103,0.178309246412199,0.266931552356027,23.724732352345455,14.261563903276725,56.55020719817956,1361.0762866461573,995.5453662735854,1787.348007411322,12.889371399802767,23165.586784234256,3.030417086794118,48.63019316780873,484.47922060317995,91.543982414305,15.626170909973755,0.127735422484674,0.991808278773,26.36221526177941,0.276762940316428,0.960938226353497,0.01004386780162,0.010017959935417,24.657723657417705,18.4436407303182,6.382806556729965,-11.13002430276451,-39.5459081305305,35.82237379266054,28.866874028399398,38.85085575851559,29.857587004054423,61.219457614769766,26.054752728841024,26.102721001303458,29.736032740620868,50.627347514282086,81.33427396887112,0.429639598562413,0.903000451465628,0.107021287692104,0.994256729411838,-0.829585639142349,0.558379501171722,-0.851603588638448,0.524186348370613,-0.926287875613402,0.376816628470149,-0.096717776697712,-0.079870024197813,0.036737715103819,-0.068954007067685,-0.117093925478061,5940.476168973706,15392.161844776412,31347.24116781405,57478.63618379227,93873.7165764384,3.750823815133572,-6.780467350144197,-7.760934661213554,-6.838608406520609,-7.920596716833795,23.17518164050035,-0.059332792285615,0.998238258012381,4.161368178790446,0.021972726990069,0.999758570490206,6.030369779439755,0.011369562187868,0.99993536443895,96.77594248674497,-0.229997444557717,0.973191232747665,8014.418873697928,12.571974990908199,0.0618094602649,0.1080483956972,12.691520307268899,0.467130874555493,,449.3325916446124,87.05392669634502,866.7157977114049,,744.3265973666072,,18.782933297863156,13200.990396226242,0.85521963775997,1072.928055,2010.0,4.3386405353322335,75.603329,5.415377616882324,223.83743206046606,148.23410306046605,196.06822215522553,196.06822215522553,True,-0.53600234,-0.10785574,0.08756142,-0.060492236,-0.1825948,0.0933369,-0.095594406,0.0007055807,0.0864637,-0.19941445,-0.103445806
16,ParedesdeCoura_07082016,2016,239,p,2016-08-09 02:30:00,2016-08-09 14:00:00,222.104167,222.583333,sat,2,3,268.25,23.326087,85.539606,88.777057,698.573451,725.012632,11.5,11.5,2,655.5559701492538,-0.997772115103273,-0.066714363688343,21.0,7.0,17.289719626168225,78.50467289719626,3.177570093457944,6.0,234,13.573726937269372,0.156311715079097,0.228665873171392,0.064570863172411,0.110196718573569,0.178681171884137,0.266948496500649,23.35828043619794,14.127364095052107,57.3303862697021,1309.743656682638,992.5872916666667,2113.900146484375,13.115647359082702,22547.186152662416,2.995244344075521,48.31894020029484,476.504433351013,91.4034104238823,15.835023850128353,0.186375011147085,0.982478679269898,26.75900029244111,0.31920222644175,0.947686624699657,0.008671298446263,0.008647631464438,24.310951232910156,18.325904846191406,6.335416158040364,-11.184608459472656,-39.601889292399086,36.9085176785787,29.235529740651447,38.750934759775795,29.6228479941686,60.86659495035807,27.32373030266012,26.17107219550721,29.397590906224707,50.599040045478084,82.3893973626347,0.470183588254655,0.882568633782085,0.10971893147715,0.993962653259926,-0.833292780414049,0.552831929350887,-0.852748176585185,0.522322263866516,-0.924641949440577,0.38083758393143,-0.112815261781937,-0.086341160986345,0.034515349210541,-0.068808774561881,-0.130332471455261,5946.467203776042,15392.072916666666,31342.728841145832,57471.608723958336,93855.85481770833,3.764078192899806,-6.530555206669386,-7.715668578591759,-6.841417506571585,-7.920986115754282,28.47167977330557,-0.009716800138436,0.99995279078318,4.01249272618233,0.02883409468097,0.99958421105174,6.036459537029823,0.014919151181117,0.999888703270536,98.43386340229476,-0.069402758214635,0.997588721443963,,12.5293172200524,0.1009419759114,0.1052652994792,12.687296549479498,0.454166666666663,,461.8952445475208,88.19498019131703,867.0486582416655,,745.0515167158491,,18.828462072093807,13835.702816645304,0.839644444067511,1072.928055,2010.0,4.4973294526873016,88.777057,4.861512184143066,128.2194580541424,39.442401054142394,44.428597192788665,44.428597192788665,True,-0.52561384,-0.14170922,0.096941605,-0.07373691,-0.17630057,-0.0032438745,-0.13332309,-0.18855976,0.11810128,-0.20167293,-0.1019348
16,ParedesdeCoura_07082016,2016,240,p,2016-08-09 02:30:00,2016-08-09 14:00:00,222.104167,222.583333,sat,2,3,92.5,8.043478,79.598316,80.732954,388.041789,398.76642,11.5,11.5,2,283.70926490514904,-0.686619108854753,-0.727017330849481,21.0,7.0,74.25474254742548,5.149051490514905,12.466124661246612,3.0,235,12.213695652173914,0.183075836824375,0.266471281703022,0.07602970500787,0.129271730283895,0.209175964047509,0.310595855712888,24.110884602864605,14.029219563802107,54.805797813508924,1473.9267423648437,986.9247916666667,2715.596435546875,12.549715803083165,19006.293361313335,3.01998774210612,51.17669292111197,484.6278461985524,92.93890349709837,11.435644037466275,0.344436254742391,0.938809707245848,22.895267893245933,0.413110119078051,0.9106810800249,0.018007248939894,0.018062972143185,24.053817749023438,18.373257954915363,6.333282470703125,-11.198613484700521,-39.60330581665039,40.06411647796631,30.944488048553467,38.82616853713989,29.590557018915813,60.11583995819092,22.87265310610526,24.657013200505247,28.726630214443897,50.80050181459387,82.20259291593578,0.522280935737829,0.852773489365622,0.129054663887583,0.991637481002439,-0.839223599237415,0.543786493472391,-0.855954680941675,0.517050852599659,-0.928938588035809,0.370233844560486,-0.125508003729264,-0.055775454953803,0.039022396011117,-0.065037387775588,-0.120149992210318,5937.7729899088545,15389.15625,31339.450358072918,57464.977213541664,93849.43815104167,2.081521949071757,-6.198316093678176,-7.74751246146885,-6.846053160952466,-7.917477217698912,30.388985111096805,0.01978303983105,0.999804296517595,4.995136842400204,0.032083107091421,0.999485204612535,6.72690881318443,0.016448975218163,0.999864706454965,90.89982597059755,0.030086239692033,0.999547306624951,,11.3249308268233,0.2169698079427,0.3157958984375,11.7130126953128,1.36250000000007,,513.2481609090138,106.32043473677199,851.8688943452981,,744.1045071655398,,17.84299458095342,11666.389544804892,0.934922168238324,1072.928055,2010.0,4.403457274273878,80.732954,5.054877281188965,155.78528865932194,75.05233465932193,92.96369195077628,92.96369195077628,True,-0.53444576,-0.16306466,0.14791732,-0.073154435,-0.16860895,0.01816233,-0.14166147,-0.18623318,0.07277839,-0.14580452,-0.107853584
16,ParedesdeCoura_07082016,2016,241,p,2016-08-09 02:30:00,2016-08-09 14:00:00,222.104167,222.583333,sat,2,3,254.5,22.130435,182.645347,101.868123,2474.996659,934.058252,11.5,11.5,2,186.00793577416172,0.284688559693018,-0.958620062370862,31.0,4.0,46.05263157894737,36.336032388663966,4.149797570850203,1.0,98,9.591891891891892,0.156311715079097,0.228665873171392,0.064570863172411,0.110196718573569,0.178681171884137,0.266948496500649,23.35828043619794,14.127364095052107,57.3303862697021,1309.743656682638,992.5872916666667,2113.900146484375,13.115647359082702,22547.186152662416,2.995244344075521,48.31894020029484,476.504433351013,91.4034104238823,15.835023850128353,0.186375011147085,0.982478679269898,26.75900029244111,0.31920222644175,0.947686624699657,0.008671298446263,0.008647631464438,24.310951232910156,18.325904846191406,6.335416158040364,-11.184608459472656,-39.601889292399086,36.9085176785787,29.235529740651447,38.750934759775795,29.6228479941686,60.86659495035807,27.32373030266012,26.17107219550721,29.397590906224707,50.599040045478084,82.3893973626347,0.470183588254655,0.882568633782085,0.10971893147715,0.993962653259926,-0.833292780414049,0.552831929350887,-0.852748176585185,0.522322263866516,-0.924641949440577,0.38083758393143,-0.112815261781937,-0.086341160986345,0.034515349210541,-0.068808774561881,-0.130332471455261,5946.467203776042,15392.072916666666,31342.728841145832,57471.608723958336,93855.85481770833,3.764078192899806,-6.530555206669386,-7.715668578591759,-6.841417506571585,-7.920986115754282,28.47167977330557,-0.009716800138436,0.99995279078318,4.01249272618233,0.02883409468097,0.99958421105174,6.036459537029823,0.014919151181117,0.999888703270536,98.43386340229476,-0.069402758214635,0.997588721443963,,12.5293172200524,0.1009419759114,0.1052652994792,12.687296549479498,0.454166666666663,,461.8952445475208,88.19498019131703,867.0486582416655,,745.0515167158491,,18.828462072093807,13835.702816645304,0.839644444067511,1072.928055,2010.0,4.633447808646152,101.868123,5.082126617431641,160.1163246468193,58.2482016468193,57.180008751922614,57.180008751922614,True,-0.52561384,-0.14170922,0.056804672,-0.07373691,-0.17630057,0.0026541033,-0.13268733,-0.18855976,0.111567535,-0.20167293,-0.1019348
16,ParedesdeCoura_07082016,2016,244,p,2016-08-09 14:00:00,2016-08-09 22:00:00,222.583333,222.916667,sat,3,4,819.25,102.40625,294.290839,294.290839,2587.365348,2587.365348,8.0,8.0,2,153.64659436834094,-0.872951872768392,-0.487806342548103,21.0,4.0,43.58658874192557,49.89234081820978,4.829283297446939,6.0,223,14.233060975609757,0.124493527395043,0.18199519416906,0.051306979464145,0.088490055174972,0.142109898952512,0.212419356483354,25.41416066552775,13.20183583731323,47.11303731686035,1755.6414435710399,999.738566776953,1118.3231467969804,10.64173093390651,45659.44731937678,2.724712365013279,43.76792490559956,478.28222582686277,89.55578371449658,25.770933520815923,0.147701709824637,0.98903195343471,41.55398828740878,0.235299265434802,0.971922967979378,0.012487793785664,0.012867664968644,22.491541181372995,17.25851565587454,5.809090925847979,-11.72202783137255,-41.84809440202527,48.83126085703052,45.72513477145722,21.682865221671488,4.541338315842578,37.7865709751526,48.26201754439932,15.678703243544037,9.243492190591862,34.53738729214689,54.904453842329254,0.583234554156789,0.812303794671385,0.927115559935672,0.374775584216963,0.022549434903346,0.999745729165941,-0.441223189076942,0.897397402169615,-0.842264370454001,0.53906468096484,-0.232285589116199,-0.069739745991735,-0.028598616303524,-0.0595931416526,-0.025749755851244,5795.194199444234,15200.48650854391,31100.266966172352,57287.29918887347,93378.95723808168,-3.994001268974836,-5.70999118202552,-7.367503437930313,-6.845749671809492,-8.397290241504617,49.855465728817386,-0.058609268165866,0.998280999360932,-5.860198977417475,0.005177528994292,0.99998659650693,1.158199150752149,0.012149597321225,0.999926190918576,146.03891053465807,-0.155060840282078,0.987904922455099,7841.15447116516,11.908414936484201,0.0,0.2275725917513,12.1016419077634,32.677966137367875,-21.67267285053797,755.1696694183601,69.10990722287256,835.3888534742574,,742.8479607350569,,17.749908838330015,37664.1831883062,0.845046803608935,,2700.0,5.687960765579873,294.290839,5.729714870452881,306.8814697569771,12.590630756977077,4.278295172136525,4.278295172136525,False,-0.34533492,0.24024479,0.09704388,-0.048757877,-0.15434022,0.001759934,-0.07189111,-0.17978194,0.11951147,-0.026535854,-0.092982955
16,ParedesdeCoura_07082016,2016,245,p,2016-08-09 14:00:00,2016-08-09 22:00:00,222.583333,222.916667,sat,5,4,433.25,54.15625,636.610593,636.610593,5970.356289,5970.356289,8.0,8.0,2,270.8215527230591,0.357704776790022,-0.933834724489082,21.0,4.0,19.03614457831325,7.891566265060241,66.80722891566265,14.0,233,19.993302325581393,0.183775202541879,0.266394383381164,0.077161233756276,0.13076930105686,0.209600504106943,0.310108235677081,26.414208984375023,12.625309244791689,42.93345736280493,2029.5797179929941,985.3774999999999,2715.596435546875,9.981662388178359,35357.08677098449,2.680977715386285,51.17669292111197,484.6278461985525,92.93890349709837,17.089011228046758,0.358212450114408,0.933640102278728,33.160179153579264,0.38426309747247,0.923223630503933,0.01065032012244,0.01110098689009,22.856221516927082,16.913953993055557,5.551998562282986,-11.790137396918404,-41.91658359103732,47.854376475016274,52.844970703125,26.4588688744439,4.629281626807319,37.37869093153212,38.64315991682183,21.864465056545573,6.785389560131587,34.28356412198955,54.325619694188525,0.601975613021897,0.798514471582646,0.961757483691001,0.273902432563775,-0.006075718295363,0.999981542653261,-0.453048988746446,0.891485621754957,-0.847434230137129,0.530900391403031,-0.271463624851163,-0.212924543977462,-0.023313284004373,-0.063235568232643,-0.028920236074421,5795.067925347223,15199.604166666666,31098.673177083332,57270.938802083336,93351.29600694444,-7.493492109311436,-6.483877251737865,-7.311218482296074,-6.771953529907006,-8.397396057125144,66.88981751164489,0.020343380745734,0.999793052016183,-4.85826655842751,0.013388958061678,0.999910363883695,2.401035602040013,0.018159458202958,0.99983510344345,125.51653542676497,0.016792730067604,0.999858992166834,,9.6164143880212,0.0,1.1170383029515,10.4352756076393,59.607777777781116,,935.7722478569849,106.35410293579093,804.9220093770291,,742.7904089805369,,16.04705814273843,33471.88936869303,0.966476402581207,,2700.0,6.457727741202488,636.610593,6.143840789794922,464.8393302465016,-171.77126275349838,-26.982155911674937,26.982155911674937,False,-0.3091451,0.20393221,0.13857828,-0.030479727,-0.13029401,0.14779371,-0.122575656,0.16081086,0.15283565,0.06332512,-0.08997149
16,ParedesdeCoura_07082016,2016,242,p,2016-08-09 14:00:00,2016-08-09 22:00:00,222.583333,222.916667,sat,6,4,847.25,105.90625,266.830781,266.830781,1533.570281,1533.570281,8.0,8.0,2,585.2985844883515,-0.911010234154172,-0.412383745152934,21.0,7.0,19.94038748137109,76.15499254843517,3.606557377049181,6.0,234,13.276733490566038,0.15708913194835,0.228654944351179,0.065535393456617,0.111740302907095,0.179216931660968,0.266520453559026,25.534651692708355,12.828000217013912,45.696385310095195,1822.4879133663364,991.0486111111111,2113.900146484375,10.439850462281921,40443.2899288788,2.668160332573785,48.31894020029485,476.50443335101295,91.40341042388232,21.877400343336223,0.25206218497121,0.967711038950956,37.34999148215641,0.329397214459178,0.944191439860866,0.010973457011565,0.011319532118397,22.36730278862847,17.011891682942707,5.675571017795139,-11.779395209418404,-41.92578803168403,49.202536265055336,49.2876091003418,22.759354803297256,4.564837137858073,37.199350357055664,45.57976063115925,18.389084660261865,8.301771353726128,34.536516891114715,54.095165467989275,0.602868789667039,0.797840348970519,0.952660995263188,0.304034583730455,0.054870682298819,0.998493469294648,-0.438595808169838,0.898684436860818,-0.833295597219758,0.552827683509216,-0.264164437814009,-0.127506975479382,-0.029931855578307,-0.065417474413319,-0.029643322874496,5804.133626302083,15202.744032118055,31099.268880208332,57278.100694444445,93359.43055555556,-6.598275644805032,-5.843531632052279,-7.294722961488168,-6.816012769988091,-8.402955947444527,66.15371527987003,-0.017273573800257,0.999850800693867,-5.272335674773846,0.00915184580177,0.999958120982284,1.797061253775174,0.015938231765046,0.999872978316848,135.70864112509122,-0.11660246338349,0.993178667477761,,10.0012613932295,0.0,0.4561225043403,10.3579915364587,37.865555555557414,,859.8600278048991,95.88298078264428,822.1677816898799,,742.787450772691,,16.953565170687344,37358.59938727485,0.870012992972302,,2700.0,5.590355366905868,266.830781,5.562512397766113,259.47643534307207,-7.354345656927933,-2.756183386851434,2.756183386851434,False,-0.34947085,0.20181188,0.11513207,-0.048757877,-0.15389653,-0.005180414,-0.11753829,-0.19743602,0.12604523,-0.025193874,-0.09482921
16,ParedesdeCoura_07082016,2016,246,p,2016-08-09 22:00:00,2016-08-10 13:30:00,222.916667,223.5625,sat,6,5,248.5,16.032258,52.662121,56.356487,318.665408,362.496285,15.5,15.5,2,597.3918390514632,-0.999478085175601,0.032304136789499,22.0,7.0,33.29969727547931,65.28758829465187,1.412714429868819,6.0,234,12.50609756097561,0.155798133081313,0.22606918991272,0.065463996736028,0.111057673757215,0.177629919195522,0.26324964326267,20.481827760119625,10.42312330458517,54.06308189626412,1181.8085815168583,993.0774468310307,2077.5899597633907,12.732164670494866,17309.275390592367,1.617601361868715,42.54965401913315,482.98781887164074,91.8094995999453,14.683262167853652,0.502797167259092,0.864404424211394,25.474043239022237,0.657171763646122,0.753740852724758,0.002874625864834,0.003010305216655,19.272101793982547,15.10838216819674,5.873179444459312,-11.870033675150463,-41.04270055542046,47.44911097502693,42.63463841591708,9.26591189617094,11.17570400980556,37.857994734772916,35.489064417411974,18.220019988939953,23.959384340273214,39.94818114589891,78.43793667675969,0.945780694699228,0.324805907480522,0.925898723305847,0.377771828198719,0.632300433040205,0.774723281163777,0.191034128641588,0.981583395180536,0.299010646094744,0.954249775227641,-0.16890933151004,0.086641842019926,-0.088321042927044,-0.066018076432855,-0.096017323257042,5891.503801354738,15207.132731144742,31041.387996422607,57177.17876015407,93332.76962183922,-2.945400481090123,-4.54322308038024,-5.942690521269629,-6.928570678946919,-8.131541180055509,59.57737742878619,0.036242978135244,0.999343007448338,2.938193471519012,0.000755333813515,0.999999714735374,4.696542483949504,0.006452126268087,0.999979184816674,103.59849272186501,0.034690319321311,0.999398109736748,,0.0,0.0437905538502,0.0842346161842,0.1280251700344,0.0,,507.9540646234639,130.67190929694166,856.5271718307282,,698.2307593865407,,20.514040994208194,17861.56541738182,0.897020744521108,266.830781,3180.0,4.049285949645953,56.356487,4.973088264465332,143.4723680162033,87.11588101620329,154.58004154198483,154.58004154198483,True,-0.52879757,-0.1876498,0.0897085,-0.053012747,-0.17864075,-0.01607013,-0.13356885,-0.18902828,0.0765436,-0.21129957,-0.2014412
16,ParedesdeCoura_07082016,2016,247,p,2016-08-10 13:30:00,2016-08-11 03:30:00,223.5625,224.145833,sat,6,6,432.0,30.857143,115.255751,115.525388,561.871787,563.186268,14.0,14.0,2,575.9083933717579,-0.951025220223824,0.309113297187661,22.0,7.0,54.65049104563836,43.789716926632,1.559792027729636,3.0,235,11.484295612009237,0.147400167507069,0.213424001128224,0.062817009890455,0.105721947478738,0.167779677561392,0.248357246430422,23.86546580353583,8.600086731252466,39.00125317860886,1894.7658034725885,994.3209568699583,1907.057578333403,9.709621345580006,28907.283209865534,1.505379141745805,38.3048114500486,484.13624970132304,91.48169394529462,13.53626347269661,0.501150511868475,0.865360135697251,22.991040586147278,0.698276903005615,0.715827749342596,0.087771040954157,0.09571353541636,23.63813884926891,16.4395477188171,7.428789435325489,-9.685316770624784,-38.469267915571,26.363699890133084,29.75086837756162,5.131953996624245,22.623220058279998,55.13981573776346,29.910593725132788,22.399931635123064,13.696694738464727,29.060383802900258,58.01386907936184,0.963283328695151,0.268486924556838,0.998715759551855,0.050663908482877,0.915672309481556,0.401925641939792,0.482275022800508,0.876019864148507,0.375553630446112,0.926800663928736,-0.161762751995458,-0.040745140563526,-0.050555192578662,-0.063735750301489,-0.12859899898522,5902.283587671643,15297.388896293196,31175.218155927614,57487.77289853505,94066.2764785935,2.262259685101632,-7.854708844358581,-5.79826447156612,-6.682909890987006,-8.023191195390288,53.324478370378266,0.030264115801247,0.999541936736408,-0.474180472181707,0.003102479364902,0.999995187299314,2.538899428705105,-0.000382875541625,0.999999926703157,116.66496505732378,0.035931598380413,0.999354251623431,,2.5629942824811,0.0,0.0,2.5629942824811,0.0,,612.9303137344007,219.61902236436296,794.6654854354887,,649.1237623141676,,20.618754847021336,16833.888834660745,1.400584306377473,56.356487,4110.0,4.7581091720108235,115.525388,5.262043476104736,191.87522478078571,76.34983678078571,66.08922774687906,66.08922774687906,True,-0.5324537,-0.052523576,0.08651945,-0.13476613,-0.25872818,-0.0018062114,-0.11335074,-0.17103206,0.080077976,0.043273214,-0.08589771
16,ParedesdeCoura_07082016,2016,248,p,2016-08-11 03:30:00,2016-08-11 13:00:00,224.145833,224.541667,sat,6,6,209.0,22.0,110.304968,116.966308,560.512653,630.995325,23.5,9.5,2,530.5305787589499,-0.730398029408008,0.683021755610243,22.0,7.0,60.59880239520958,38.68263473053892,0.718562874251497,3.0,235,11.027729468599032,0.139665358243909,0.201942273754365,0.059805337481804,0.100338130391808,0.158899968385976,0.234893022701697,21.47203029381301,7.776274496169688,42.51112749082,1555.0871242530006,998.2294313438417,1749.3479695101937,10.419288054388579,10519.882260968096,0.946689732863335,31.516496505655944,487.73760847867715,91.11829880736437,6.956151023417742,0.881479719680502,0.472221879831911,15.619828914624412,0.988829331716429,0.14905218125623,0.025001585548761,0.04909623547958,21.262643943547115,16.50625348839902,8.612874022672354,-8.618908313867319,-37.72031702190431,22.260923073349083,21.096830336338463,7.0445095332867,20.27390367526318,48.44116349346121,32.27907015031291,12.026390215274812,13.080960709102577,20.897572616385933,38.77072338273512,0.992327528562663,-0.123636871752387,0.857388685134201,0.514669449845088,0.968669262645735,0.248354302570679,0.719767832416403,0.694214856812063,0.65792863266301,0.753080284114637,-0.103897663677423,0.062406046561812,-0.037761994693821,-0.065383005376239,-0.084961282971299,6042.304582233353,15407.11072593663,31349.736132970625,57735.612016544954,94416.89381680914,0.644979181786141,-5.189913067465691,-5.079250855120901,-6.728861398333356,-8.111678794339921,65.65836431213273,0.025278104564673,0.999680457661156,1.484163735042866,0.000934341127478,0.999999563503233,2.337312403300479,-0.001218458579278,0.99999925767907,75.24395931471088,0.052395056816598,0.99862643567111,,0.0,0.0,0.0,0.0,0.0,,370.6714789433828,106.99565795794751,815.5352577998938,,608.7692803331909,,23.44942501418371,16233.298746345328,1.431787774975239,115.525388,4950.0,4.770399058271791,116.966308,4.776832103729248,117.7276368277185,0.7613288277185006,0.6508958355071792,0.6508958355071792,False,-0.4941616,-0.16615714,0.13802746,-0.07495521,-0.24223182,-0.032104865,-0.17846678,-0.16612405,-0.005847628,-0.03975242,-0.10271617
126,Penafiel_16082024,2024,2734,p,2024-08-16 14:35:00,2024-08-16 15:30:00,229.607639,229.645833,airb,1,1,6.25,6.818182,506.255558,506.255558,5049.530043,5049.530043,0.916667,0.916667,5,377.9042561848958,-0.995867039323138,0.090823124752274,21.0,4.0,0.0,0.0,100.0,13.0,223,16.69,0.230488944143056,0.30428031231499,0.105609143972397,0.171799574494362,0.259747768640518,0.343323364257813,33.37758789062502,12.587060546875023,28.403470636732553,3670.213943957293,993.048125,1983.3148193359375,7.338306276259662,34414.34204985045,2.190872192382812,36.0549664982058,524.9967656213746,93.68040602277881,9.376658302579568,-0.370247008632588,0.928933341310678,11.144268368214407,-0.408936302309063,0.912562929695148,,,29.379638671875,20.875823974609375,10.49407958984375,-6.2427978515625,-34.641204833984375,27.122840881347656,32.587608337402344,25.94364356994629,13.765541076660156,19.66419792175293,10.854188225689688,14.594577934510719,25.706913337098392,26.115936749765183,28.379251619434907,-0.270280026600283,0.962781754719599,0.54969332006831,0.835366538635753,0.016307275525733,0.999867027541627,-0.760735238998785,0.649062320694601,-0.301705010199366,0.95340132516197,0.07895842300007,-0.13240249591934,-0.058129343630959,-0.01150891664811,-0.013947781316724,5861.21142578125,15416.2587890625,31564.150390625,58194.2578125,95260.0078125,-11.820402345538149,-9.278897398525604,-6.680469914430108,-6.535605333483467,-7.915725249710257,5.67147524852945,0.011256265284468,0.999936646239073,5.971041188863994,-0.035885148976051,0.999355920622361,3.199288289110827,-0.001212137889602,0.999999265360598,24.510301135790257,0.013626050304882,0.999907161067011,,0.0,0.0,0.0,0.0,0.0,,1333.804133300775,,733.899539698138,,646.1079254429021,,13.882609831713978,5427.093982696533,1.303497159760409,,0.0,6.22901493576763,506.255558,6.107540130615234,448.23230212309767,-58.02325587690234,-11.461258046455331,11.461258046455331,False,0.24693426,0.1205727,-0.08200028,0.0897174,0.20384498,-0.28239858,0.015422511,-0.079378724,-0.22417815,0.16422044,-0.056983545
126,Penafiel_16082024,2024,2735,p,2024-08-16 15:30:00,2024-08-16 16:00:00,229.645833,229.666667,airb,1,1,24.5,49.0,762.468568,1467.340635,9604.880088,22467.336636,1.416667,0.5,5,406.30026830808083,-0.993140415951587,-0.116927816209438,21.0,7.0,0.0,0.0,100.0,13.0,233,23.360799999999998,0.230232561057806,0.304156871763893,0.105209642648697,0.171494053006172,0.25951963186264,0.343270263671875,33.00283203125002,13.368066406250023,30.524602087543173,3487.6027689603616,992.728125,1983.3148193359375,7.660013476605783,37363.400339297674,2.418365478515625,36.0549664982058,524.9967656213746,93.68040602277881,10.713204115970907,-0.519505080328563,0.854467361291708,13.99550166756432,-0.532434346979173,0.846471302618619,,,29.5841064453125,21.22296142578125,10.38623046875,-6.212188720703125,-34.46136474609375,27.79998779296875,31.551542282104492,28.413984298706055,13.760875701904297,19.732234954833984,13.314297496482759,15.026926744305435,24.84084815060244,27.368560921372243,31.837225193722862,-0.406868599139677,0.913486695597761,0.451703406825275,0.892168163667837,0.033324498114585,0.999444584669611,-0.718037229537134,0.696004696103868,-0.149189125352559,0.988808679612259,0.115271813625242,-0.118955697496585,-0.029648531597256,0.008479062434927,-0.016952151205048,5833.09716796875,15397.068359375,31552.498046875,58184.4453125,95264.7265625,-9.764687111545635,-9.12322405089214,-6.973245771245697,-6.481538588172245,-7.874128858217527,7.134016304579156,0.011000302020012,0.999939494847297,4.962564082005608,-0.034907453799785,0.99939054911942,3.066413169288445,-0.000549456548891,0.999999849048739,34.345597550252236,0.013664802461942,0.999906632228068,,0.0,0.0,0.0,0.0,0.0,,1238.065649414051,,746.0320688267458,,643.5164391509201,,14.294145000643454,6657.148361206055,1.26903863153981,,55.0,7.291888222448035,1467.340635,6.276258945465088,530.7954619871126,-936.5451730128874,-63.82602312467734,63.82602312467734,True,0.26055822,0.13269043,-0.08089115,0.09255586,0.13263208,-0.2793526,0.08204406,0.014809929,-0.12396878,0.13821314,-0.069225155
126,Penafiel_16082024,2024,2736,p,2024-08-16 16:00:00,2024-08-16 17:10:00,229.666667,229.715278,airb,1,1,94.75,81.214286,752.226842,803.933014,8497.541922,9264.616166,2.583333,1.166667,5,431.6057755235602,0.236453650305146,0.971642769364015,22.0,4.0,0.0,0.0,100.0,13.0,223,21.543368421052634,0.230132548967003,0.304106099635466,0.105070711374283,0.17138510376215,0.259426010251045,0.343245544433594,32.45339355468752,14.080102539062523,33.06737157492706,3263.0949516251344,992.6859375,1983.3148193359375,8.055688435571474,37379.91061752551,2.506782531738281,36.0549664982058,524.9967656213746,93.68040602277881,11.482584452318424,-0.58146262745212,0.813573114647035,16.009547671007237,-0.579093776380374,0.815260938692342,0.002398280170641,0.002409847862691,29.359344482421875,21.32843017578125,10.314865112304688,-6.192092895507812,-34.30503845214844,29.624741554260254,32.042962074279785,29.679240226745605,13.595869541168213,19.500957489013672,15.758396000932413,15.870123155021389,23.544813995993927,27.72272198132854,34.38343867459669,-0.48122184374622,0.876598846167099,0.433005567476562,0.901391246093671,0.046238270382349,0.998930439195868,-0.68880101203898,0.724950457489391,-0.075703155151871,0.99713039884463,0.127746175872074,-0.125036040966625,-0.033815657533828,0.011595121122479,-0.034723830614203,5821.684326171875,15385.72900390625,31541.8095703125,58175.265625,95261.8671875,-8.573734908636547,-8.76289436217734,-7.087035408533103,-6.445823790795624,-7.836156201443796,10.97634561346814,0.009796724475526,0.999952010943301,4.07961455076702,-0.034521745958186,0.999403946888343,2.915785173143394,-0.000260097523141,0.999999966174639,43.766140991564086,0.013395346583104,0.999910278319969,,0.0,0.0,0.0,0.0,0.0,,1019.4396997070269,437.2518994140481,759.8159141974285,,658.6562732887669,,14.824740153107797,7899.0068435668945,1.342874610902904,506.255558,85.0,6.690759061533857,803.933014,6.350070953369141,571.5333307412911,-232.39968325870882,-28.90784172457294,28.90784172457294,False,0.22649749,0.1147171,-0.07337836,0.010616029,0.034365304,-0.2581143,0.11914378,0.12842503,-0.07713173,0.118456624,-0.075444564
126,Penafiel_16082024,2024,2737,p,2024-08-16 17:10:00,2024-08-16 19:00:00,229.715278,229.791667,airb,1,2,61.0,33.272727,288.451882,277.819451,2445.764318,1848.517831,1.833333,1.833333,5,408.7449845679012,0.960788525620877,0.277282183046912,22.0,4.0,7.083333333333333,0.0,83.75,13.0,223,17.267213114754103,0.229882936790585,0.303979812915144,0.104726935923099,0.171122135519981,0.259189448356628,0.343184509277344,29.365014648437523,16.797387695312523,46.8414455071356,2176.0907004576425,992.72875,1983.3148193359375,10.21025223311242,20540.61645825343,2.821266174316406,36.0549664982058,524.9967656213746,93.68040602277881,9.324721915437975,-0.680268393648378,0.732963104530546,16.094631269652638,-0.589417413401961,0.80782864072682,4.8747315941e-05,4.9811604203e-05,27.972625732421875,21.722900390625,10.080368041992188,-6.04937744140625,-33.598289489746094,37.18361854553223,31.85472011566162,32.82472801208496,12.641828536987305,24.11457347869873,20.528763257231972,19.495040196302188,18.702453541609977,27.617683707309656,43.548962022973825,-0.371882954507872,0.928279628208276,0.278249427622183,0.960508852654637,-0.038503142114481,0.999258479097031,-0.631507518966424,0.775369752755982,0.154537852375067,0.98798686842655,0.110645610098072,-0.116475643792667,-0.028406229728727,-0.015220219473867,-0.072534995212598,5822.635009765625,15385.5029296875,31539.009765625,58170.26171875,95289.78125,-1.535339684943497,-6.819358403252277,-7.491764794069979,-6.298525574921841,-7.678938429119357,32.26562947673419,0.020760786400616,0.999784471647779,3.213253613355194,-0.014917724304684,0.999888724559673,3.336335732157739,0.000320919142768,0.999999948505451,71.23243819207272,0.030383757306031,0.999538307065801,,0.0,0.0,0.0,0.0,0.0,,347.58482482910415,156.9863122558583,826.1168003753274,,712.2349727179936,,18.087266200844624,10301.85842514038,1.341070499793623,803.933014,155.0,5.630564443310737,277.819451,6.3149590492248535,551.7794233821927,273.9599723821927,98.61079611095793,98.61079611095793,True,0.18654513,-0.092538,-0.09964391,0.07582019,0.02157158,-0.010792718,0.14483584,-0.052406058,-0.08628604,-0.04232388,-0.07692935
126,Penafiel_16082024,2024,2739,p,2024-08-16 19:00:00,2024-08-16 19:40:00,229.791667,229.819444,airb,1,2,10.5,15.75,217.110504,157.337014,1859.461903,767.017942,2.5,0.666667,5,420.4467540922619,0.789380950835172,0.613903668712413,22.0,4.0,19.047619047619047,0.0,71.42857142857143,13.0,233,19.75090909090909,0.229859919089078,0.303966858846918,0.104687789678573,0.17109968483448,0.259167833328246,0.343176879882813,28.601953125000023,16.819482421875023,48.96340309938416,1994.0107143188102,992.705,1983.3148193359375,10.570900702817475,15876.538298160185,2.877792358398438,36.0549664982058,524.9967656213746,93.68040602277881,7.96211283327226,-0.688608927960717,0.725132914942352,14.587603258388862,-0.54365954137838,0.839305845963347,,,27.6849365234375,21.766357421875,10.010772705078125,-5.96771240234375,-33.46067810058594,38.51218795776367,31.683923721313477,33.27371597290039,12.166118621826172,27.5922908782959,20.446390554266248,20.22096057446813,17.821367902555675,27.49402879646716,45.763481105305445,-0.290794470144075,0.956785543438877,0.224647876969701,0.9744400091196,-0.093309421017597,0.995637158782938,-0.631996262060272,0.774971434790885,0.191091917520184,0.981572146639491,0.099114747541244,-0.081726055390028,-0.031839905058722,-0.041933010375687,-0.083375424801544,5826.4345703125,15388.841796875,31539.841796875,58170.07421875,95303.703125,1.249294482163164,-6.458029741183679,-7.564512004585329,-6.239459711325837,-7.663344035519348,37.7055983502597,0.026122239563973,0.999658756076373,3.600761508632361,0.004395419594114,0.999990340096639,3.684862732205577,0.000378903314635,0.999999928216136,76.42569875341795,0.043794875293126,0.999040544171286,,0.0,0.0,0.0,0.0,0.0,,269.09166870117497,,835.3777565491648,,723.5636021941515,,19.18914627164358,10223.19507598877,1.328659868528741,277.819451,265.0,5.06472576141213,157.337014,6.524065971374512,680.3430824103116,523.0060684103116,332.4113348244372,332.4113348244372,True,0.28902704,-0.14822195,-0.08884235,0.041161306,0.02304878,0.07363103,0.104204655,0.10362014,-0.1082212,-0.07436445,-0.098473616
138,PenalvadoCastelo_15092024,2024,2815,p,2024-09-15 20:15:00,2024-09-15 21:50:00,259.84375,259.909722,airb,1,1,14.75,9.315789,293.177469,293.177469,4532.035038,4532.035038,1.583333,1.583333,4,529.6092425847457,0.65283476735349,-0.757500340946798,31.0,7.0,0.0,0.0,100.0,11.0,233,26.5,0.201845358783007,0.277197691356848,0.106243133544919,0.153253641724587,0.225312603712083,0.317066650390626,22.272607421875023,0.357080078125023,23.353412304711494,2057.10550665794,960.028125,5175.62060546875,7.772096506643837,18092.19419854249,2.289321899414062,45.11651595619859,840.9103393090919,92.95783018704314,8.794976310153302,0.604599439114117,0.796529671903625,20.000311020419126,0.709194903912379,0.705012473836251,,,26.026153564453125,18.499908447265625,7.9212646484375,-9.3919677734375,-38.52659606933594,21.606220245361328,18.807666778564453,19.15163803100586,12.670351028442383,23.736019134521484,11.407676542429693,27.77684457268684,17.06462380276649,15.175637809107652,64.11510975585298,0.719502717350617,0.694489625354532,0.972546215238145,0.232709817639822,0.998546238092134,0.053901858892321,0.291699022310373,0.956510156968117,0.739937254655434,0.672675894597821,-0.056371504389778,-0.157711345511003,-0.072934059108964,-0.041813933204887,0.054490242939016,5824.208984375,15261.66796875,31235.697265625,57551.0234375,94028.7578125,,-8.2122269504523,-6.807171224254656,-6.760666949517791,-8.120938367617487,79.95817051023211,0.300912490378681,0.953651756740426,2.673917601345317,0.006529260709943,0.999978684150108,0.941734367657042,-0.001010635206234,0.99999948930811,106.38298134104363,0.038834462591552,0.999245657741491,,0.0,0.0,0.0,0.0,0.0,,75.78302795410897,,692.0114710158066,,510.44718937074504,,20.427209169866188,5703.838348388672,3.024859691304877,,0.0,5.684183221278144,293.177469,6.154770374298096,469.9586858247307,176.78121682473073,60.298363795729045,60.298363795729045,True,0.29200107,-0.11977784,-0.0890418,0.076812625,0.19975415,-0.24295318,-0.07845102,-0.015603667,-0.079484016,0.11963811,-0.1335485
138,PenalvadoCastelo_15092024,2024,2816,p,2024-09-16 10:30:00,2024-09-16 11:00:00,260.4375,260.458333,airb,2,2,33.75,67.5,2913.220217,2913.220217,39722.971496,39722.971496,0.5,0.5,4,502.74698660714284,-0.479090820605675,-0.877765336300871,31.0,7.0,0.0,0.0,99.28571428571429,18.0,233,24.64361111111111,0.198468480050564,0.275932625152661,0.102006379961965,0.14943244278431,0.222148917317391,0.316918945312501,23.093164062500023,-2.582617187499977,17.91326558669461,2315.417069541429,960.385,5175.62060546875,6.961061182367076,45725.59339933464,2.760223388671875,66.88384361320045,847.1765065063543,95.02477463742345,19.748318348707105,0.851245901144221,0.524767010953589,27.774379413540927,0.861843951643172,0.50717354329271,,,20.772674560546875,18.68017578125,7.15972900390625,-7.298309326171875,-36.82623291015625,18.546232223510742,10.347221374511719,12.964110374450684,7.994463920593262,44.661415100097656,21.003696007025148,24.648234376555457,21.1919499965393,43.247199692409175,76.42048081988433,0.866827491201219,0.498608163288369,0.99927341411563,-0.038113565061437,0.954953895624656,0.296754203392796,0.957087750089276,0.289798272301695,0.934196909946663,0.356757807827812,-0.074848420765215,-0.163194728270734,0.001892219507585,0.030856512821949,0.109228749713701,5836.65380859375,15172.021484375,31133.46484375,57555.05859375,94414.5703125,,-2.283220198328046,-7.413204876222319,-5.645738445093595,-8.230564849286722,41.93469309098739,0.034800711707093,0.999394271779001,0.283223120030546,0.001723628488527,0.999998514551313,4.512278391800623,0.000873658750675,0.999999618360121,80.9512617177031,0.002827322903089,0.999996003114613,,0.099609375,0.0,0.0,0.099609375,0.0,,539.4824340820219,,654.3299274307717,,464.59599514155326,,18.679622342516637,10501.848220825195,2.99780047221739,,855.0,7.9773575559656145,2913.220217,6.90703821182251,998.2831898715885,-1914.9370271284115,-65.73265611551986,65.73265611551986,True,0.4019506,0.19589005,-0.06486611,0.11854715,-0.0063661993,-0.02357127,-0.11896886,0.028916804,0.2813053,0.15100494,-0.085821845
138,PenalvadoCastelo_15092024,2024,2817,p,2024-09-16 11:00:00,2024-09-16 14:20:00,260.458333,260.597222,sat,2,2,243.25,72.975,955.438103,665.768484,11820.791431,6601.297643,3.833333,3.333333,4,501.04640930113055,-0.714134440504694,0.700008572008263,22.0,7.0,0.0,0.0,74.38307873090481,18.0,233,20.926694214876033,0.19825503743589,0.275821647952379,0.101897567361591,0.149231130033732,0.221921764463187,0.316862182617188,25.934167480468773,-2.481115722656227,15.35184022256216,2853.050817217054,959.5728125,5175.62060546875,6.333729841776452,51359.51462186669,2.630989074707031,66.88384361320045,847.1765065063543,95.02477463742345,18.143758474282436,0.870907735804246,0.491446554282683,25.208485920161355,0.881847274657381,0.471535135678509,0.00033170957427,0.000323055006128,23.4298095703125,18.82311248779297,7.561134338378906,-7.25799560546875,-36.79161071777344,16.175472021102905,10.599561214447021,11.753205299377441,16.85116696357727,53.82710838317871,19.141750383480645,22.998651035305667,21.64327505625091,43.225925147049125,76.19727628137535,0.875925323572365,0.482446709517899,0.998821209808599,0.048540610178344,0.999013520095003,0.044407056504474,0.96643057312471,0.256927902980281,0.914087854453721,0.405516207247249,-0.05642348221597,-0.145064584273389,-0.07498570797185,0.020268816426467,0.080908115300101,5765.030517578125,15145.12548828125,31121.1318359375,57569.455078125,94432.22265625,,-5.026575848193225,-7.246884860171637,-5.786741585320331,-8.232151296528725,23.90469070111778,0.001220524876577,0.999999255159235,1.240534686949452,0.003211344065708,0.999994843621352,4.835159486844464,0.000843408739439,0.999999644330786,70.74898749278174,0.002737583800031,0.999996252810448,,13.452239990235201,0.0,0.0,13.452239990235201,0.0,,699.7402630615215,117.73139567057846,629.2506131755626,,791.0616741248464,,16.42526098868553,9571.804285049438,3.14217740110965,,885.0,6.502442885212544,665.768484,6.885629177093506,977.1168848875428,311.3484008875429,46.7652657597927,46.7652657597927,True,0.043051545,0.1916762,-0.07642341,0.05780536,-0.01778322,0.08421838,-0.11986911,0.15017353,0.17922397,0.12311995,-0.09233817
138,PenalvadoCastelo_15092024,2024,2819,p,2024-09-16 14:20:00,2024-09-17 02:40:00,260.597222,261.111111,sat,2,3,406.5,32.959459,357.566194,264.25931,3301.467414,2340.040661,12.333333,12.333333,4,464.50696172993156,0.059512418079072,-0.998227565284781,31.0,7.0,0.0,0.0,46.67165295437547,19.0,233,19.165577395577394,0.197616217263292,0.275484048992895,0.101413923526801,0.148703089356423,0.221235547016065,0.316683959960938,23.845625813802105,-0.222428385416644,22.341786494454478,2412.1625067175396,957.5234375,5175.62060546875,7.479236808876689,35755.196547205276,1.809775034586589,65.25691167326082,848.6468569181675,94.58550358351961,15.243748947714064,0.859624004700949,0.51092716755121,28.871122175567034,0.880710276501085,0.473655369298589,0.00368076556877,0.004337546488153,24.113810221354168,18.126548767089844,8.506998697916666,-7.310460408528646,-36.7151247660319,21.534810225168865,19.55071489016215,15.62410306930542,40.67227681477865,51.89768234888712,17.970044349271078,45.325526277888976,21.612526123095645,42.68039046880608,61.260723562386026,0.869112540157544,0.494614387721284,0.960559976594494,0.278072888582806,0.816988225025323,0.576654350690231,0.777921135317088,0.628361923756503,0.809441919461668,0.587199948074087,-0.074322928088451,-0.260607044830579,-0.017663350038076,-0.019138406507608,-0.059626804411457,5594.354899088542,14992.084716796875,30990.65185546875,57504.246419270836,94373.31966145833,,-6.532972167200378,-6.190011278043642,-6.176580455951215,-8.196207775246608,192.81380352436818,0.037233060118164,0.999306609221733,2.939389513408461,8.0490931898e-05,0.999999996760605,5.672299288620938,-0.000449791171692,0.999999898843946,147.63583385257286,0.01059938389716,0.999943824952682,,5.046468098958,0.0,0.0,5.046468098958,0.0,,671.2111521402986,210.74261718750165,672.2933884652466,,933.5245969366282,,19.268187776534408,9020.331621170044,2.683976636034654,665.768484,1085.0,5.580707875841381,264.25931,5.93421745300293,376.74427782970827,112.48496782970824,42.56613242110873,42.56613242110873,True,-0.5463493,0.18022355,-0.080824286,-0.019325871,-0.037769504,0.113855116,-0.16115949,0.12928833,0.15504165,0.13110791,-0.10029697
138,PenalvadoCastelo_15092024,2024,2820,p,2024-09-17 02:40:00,2024-09-17 13:00:00,261.111111,261.541667,sat,2,4,234.0,22.645161,344.999228,87.849996,4473.891767,453.308408,10.333333,10.333333,4,474.60732390608325,-0.490098634224869,-0.871666982700915,31.0,7.0,0.0,0.0,91.1991199119912,19.0,233,18.539831932773108,0.197596172719653,0.275411832810724,0.101379595561459,0.148836461413991,0.22117214462974,0.316584139737217,17.637841796875023,5.765682705965932,46.74353749286031,1133.3006121449077,956.2819886363636,5175.62060546875,11.369849844355779,22051.18058930829,1.095224553888494,60.37611585344187,853.0579081536075,93.26769042180817,19.370807745256702,0.881919884670461,0.471399318012703,32.20136803356114,0.872638134673133,0.488367367781873,0.003456796323617,0.003573650773439,16.706756591796875,14.982643821022727,6.792194713245738,-7.539023659446022,-36.05488725142045,47.46418016607111,27.56066755814986,19.738063443790782,28.224361766468395,40.44037576155229,21.715793541616566,38.98209630193211,20.723366100360007,56.829109141209926,83.78736159636738,0.876496400062396,0.481408413592514,0.975712155190164,0.219056591350651,0.180794284127292,0.983520933598721,0.4462675593532,0.894899584014284,0.4757829989643,0.879562696967383,-0.087733968665074,-0.223034661422044,0.06725906027298,-0.052018153885935,0.188247413113032,5467.330166903409,14687.364435369318,30578.648970170456,56979.981889204544,93860.90980113637,,-1.881257538295734,-5.270409944832247,-5.596216352768539,-7.948464911852435,62.434562654357116,0.041458710633048,0.999140218043816,0.242731685064115,0.005996986683979,0.999982017913678,7.242963420113878,-0.002033101673038,0.999997933246658,125.21500818847807,0.004771600522173,0.999988615849429,,6.4531471946028,0.1579700816761,0.0,6.606511896307301,0.0,,613.5498008034314,95.77703531901268,801.4012949837211,,830.3127165076563,,23.158629100681456,10869.04629794034,1.328639357356818,264.25931,1825.0,4.486949509580963,87.849996,5.536864757537842,252.88077258329497,165.03077658329497,187.8551896385914,187.8551896385914,True,-0.54769987,-0.11278672,-0.09757199,-0.01421559,-0.08287234,0.009843427,-0.17965646,0.03981254,0.15056321,-0.05787521,-0.10496
138,PenalvadoCastelo_15092024,2024,2821,p,2024-09-17 13:00:00,2024-09-17 17:25:00,261.541667,261.725694,"airb,sat",2,4,36.75,8.320755,75.783231,80.264995,750.741662,391.291852,14.75,4.416667,4,457.49926933453236,-0.417205877717877,-0.908812002340229,21.0,7.0,0.0,0.0,99.28057553956835,19.0,235,15.465555555555556,0.197344611300231,0.275218988893355,0.101684902667997,0.148685450434685,0.220837116003037,0.316422363281251,25.333837890625023,3.625048828125023,24.650968882044076,2434.9953294839665,952.6555000000001,5175.62060546875,7.639846041131404,36613.46396979197,0.77869873046875,60.37611585344187,853.0579081536076,93.26769042180815,15.15826162980472,0.966005403792006,0.258521874982842,22.91401628425527,0.970605737889571,0.240675095462413,0.001075247049632,0.00108133033639,23.039044189453126,14.42171630859375,6.86431884765625,-8.925714111328125,-36.66299133300781,27.446446228027344,40.2886100769043,2.985299158096313,23.05076904296875,23.34381446838379,16.906996447997273,28.358470952422213,12.241434819769525,47.91385402536042,102.531030081417,0.963388154537699,0.268110543799469,0.990067880083061,0.140590159071799,0.514045167593488,0.857763117459467,0.191202729096581,0.981550567411593,0.449928355349445,0.893064653344058,-0.039429664106799,-0.090711207129073,0.019331949287851,0.21604367947372,0.219963361097365,5148.72119140625,14488.614453125,30306.130859375,56607.56484375,93299.8015625,,-9.40275677475179,-4.863052344389159,-6.165870783477951,-7.73144302769403,-19.283360013030098,-0.010047158328233,0.999949526030953,-1.899291575440087,-0.005086180693652,0.999987065299322,6.096865703226598,-0.003884726339632,0.999992454422165,64.4485652751591,0.004322210386335,0.999990659205063,,0.0155029296875,0.0,0.0,0.0155029296875,0.0,,1379.6375351562556,135.48848266601965,690.6787646689766,,921.9003725703787,,15.625880189400544,8472.29232788086,1.737655403804933,87.849996,2445.0,4.397715358028035,80.264995,5.887838840484619,359.6250732870332,279.3600782870332,348.04721321795785,348.04721321795785,True,-0.23175824,0.1693966,-0.08654441,0.0029952358,-0.15137923,-0.07958753,-0.18692273,-0.1524999,0.08093336,0.10807203,-0.17856553
138,PenalvadoCastelo_15092024,2024,2822,p,2024-09-17 17:25:00,2024-09-18 03:30:00,261.725694,262.145833,sat,2,4,88.25,8.752066,77.035236,92.734314,767.527201,1369.956292,24.833333,10.083333,4,424.29107142857146,0.402381212084143,-0.915472206110975,31.0,7.0,0.0,0.0,91.90751445086705,19.0,233,23.43325842696629,0.19761799767007,0.275374602136196,0.101360866707035,0.148931337273597,0.221176605796003,0.316515662700284,19.421504523517996,5.088210345241792,40.77540667368184,1399.78175983509,952.6109668733219,5151.441561441081,10.56103901200305,17887.92121727819,2.552352096783383,52.06705570255165,856.3269461489077,93.06407575351022,13.25085857640799,0.829944731040913,0.557845626869501,26.220698890214205,0.877205108616438,0.480115816670544,0.002649999816216,0.002734605576185,20.447902617811284,16.052789607786472,4.948085414219706,-9.576978958870471,-38.418614207367334,40.647479069775116,33.6194609808549,6.39156508517713,5.865052351038522,24.685349637939428,13.807362220170438,28.984195710517643,11.355144245754484,18.452131261461414,30.89970229332332,0.853186825281462,0.521605445874696,0.921120123674304,-0.389278457870758,0.44481393109183,-0.89562300478864,0.972428721648338,-0.233200302987321,0.8683286360935,0.495989293977201,-0.060669519939231,-0.044074047831689,0.001983815546754,-0.042722270834591,0.040052111812139,5170.589691117346,14492.732005449925,30270.456797852792,56441.796835869005,93102.27053325069,,-4.795706882942609,-7.145681835764387,-5.671911532978443,-8.03926996752935,74.39643826120923,0.045661172520887,0.998956984721573,-0.336009264446833,0.0114884711322,0.999934005337875,2.228640811581808,0.002375235360787,0.999997179124512,148.91370108540062,0.016832696899341,0.999858320120953,,0.0,0.0,0.0,0.0,0.0,,395.1952627110039,657.7559835524557,770.6573243802338,,914.1173487809596,,20.614809342388874,6921.403397889179,1.868138163707028,80.264995,2710.0,4.54046433351808,92.734314,5.579221248626709,263.86526126516816,171.13094726516817,184.53896932387744,184.53896932387744,True,-0.532268,-0.16050565,-0.09771835,-0.014343021,-0.19163418,0.0010842595,-0.1807625,0.055691592,0.14411508,-0.06364735,-0.101898104
138,PenalvadoCastelo_15092024,2024,2823,p,2024-09-18 12:20:00,2024-09-18 20:30:00,262.513889,262.854167,sat,3,5,612.0,74.938776,387.463142,387.463142,5596.510447,5596.510447,8.166667,8.166667,4,525.7555962555963,0.235680286594319,-0.971830644974123,21.0,6.0,0.0,0.0,65.87230215827337,19.0,233,23.08926229508197,0.19862280142568,0.275911073280831,0.102042128568681,0.150400858585161,0.22207732239304,0.316804338812658,26.46058763526218,7.710890463305528,30.92025522138945,2402.2655797488706,952.0162315744524,5082.799146305314,8.367255436139969,12815.264448178672,3.595919337392223,39.911171509047826,862.243861786066,92.76059161790693,4.140087116566441,0.345796545019003,-0.938309516872189,5.513359377110097,0.268995838585242,-0.963141338965275,0.214868874863919,0.220658620086275,24.683914953622406,16.12672091697353,2.934882242189083,-10.367546389385597,-38.59922339275414,35.93148609145493,52.62584663748953,54.25813709557575,8.29099046203735,46.445166381968264,3.967385055696129,8.200342974185826,10.817638939767583,9.86589642715862,38.630646141840614,0.330767953843114,-0.943712117496877,0.303249403086844,-0.952911223319084,-0.247248401656479,-0.968952128785688,-0.55551755635096,0.831504807313739,0.343030478625049,0.939324273472303,0.012350161324801,0.165177839159344,0.006587550865931,0.032986053206479,-0.025420686981015,5167.685512012813,14568.862036525274,30353.248584888024,56461.23106399327,92922.88751822943,,-9.337142013556726,-8.488716165294276,-5.194482890680587,-7.869251209603252,10.590680802928023,0.036012352916549,0.99935134484195,2.34522105719902,0.003662845379609,0.999993291759362,1.087156416460566,0.007138697397742,0.999974519175095,24.05876520918863,0.013562993531655,0.99990801837292,2165.868119015995,0.0,0.4841546554354,24.9068471277455,24.916536458800202,0.414823442791598,,1266.054767252294,500.85620535782357,722.4363638272554,,938.4851361997046,,14.580912206613146,2627.2084946604905,1.500713714951228,,3845.0,5.962198292720141,387.463142,5.331616401672363,205.7719306741986,-181.69121132580142,-46.89251483068844,46.89251483068844,True,-0.34194446,-0.16296345,-0.09702106,-0.14096421,-0.11753625,0.16129562,-0.040638898,0.025566787,-0.19954404,0.18527149,-0.08943383
139,PenalvadoCastelo_16092024,2024,2827,p,2024-09-16 00:15:00,2024-09-16 11:00:00,260.010417,260.458333,airb,1,1,396.75,36.906977,391.670082,391.670082,2655.955254,2655.955254,10.75,10.75,4,600.9136075949367,0.143919222328698,-0.989589438830216,21.0,7.0,35.82813582813583,0.0,55.85585585585585,11.0,233,17.623576826196473,0.202953265208214,0.27845960015819,0.101561745350704,0.153499962267165,0.227234654107723,0.318410041930664,17.55862724898383,-2.800644080765523,25.13360282950696,1527.7724945137134,961.24620918394,5005.672209765099,8.48204005425555,25935.272752259407,2.364593058625958,67.86083432477267,850.4832598945227,95.14388396314406,16.74200934244361,0.827154743765508,0.561974225268577,29.54600616753031,0.846438467701148,0.532486544802527,0.000218088248237,0.000238899773677,17.832406824401403,18.1779808151305,7.448794697878586,-8.411646639656237,-36.85794482085636,25.573315894232017,12.368785477252935,17.435811909373008,5.642335765482797,33.47221767804309,17.15976334060341,35.44463220859012,16.225482167048227,32.18199308450272,93.4988007821003,0.82626232318654,0.563285516663069,0.982698473740253,0.185212606775506,0.842992554216092,0.537925230432844,0.877632009981373,0.479335013384226,0.933285613131035,0.359135022411667,-0.050576799416379,-0.200238121852903,0.018492128123848,-0.010979341399579,0.022414863480534,5863.15342237869,15160.809193424553,31130.192631773883,57464.02531254678,94172.9364725901,,0.377071434141835,-6.904042558377896,-6.193364644025547,-7.929074363681423,17.367864394222547,0.016307736041157,0.99986702003077,-0.073053286265117,0.000333170830288,0.999999944498597,3.135567119570806,0.000340908238016,0.999999941890785,144.22159422084792,0.012499200470717,0.999921881942581,,0.2870949392905,0.0,0.0,0.2870949392905,0.0,,377.03901812291593,22.98611852716358,707.4254779167667,,814.6609915542082,,23.26867977125929,8581.959884033586,2.554655333193216,,0.0,5.972969773298466,391.670082,6.207915306091309,495.6647772608175,103.99469526081754,26.55160555786785,26.55160555786785,False,-0.53473264,-0.05617602,-0.097873874,0.046726886,0.23946363,0.12351446,-0.14173032,-0.0015554472,0.17332809,0.08634135,-0.07500724
139,PenalvadoCastelo_16092024,2024,2828,p,2024-09-16 11:00:00,2024-09-16 14:20:00,260.458333,260.597222,sat,1,1,461.75,138.525,525.075949,972.840633,4501.495389,7715.771532,14.083333,3.333333,4,559.8980513307985,0.025956065747321,-0.999663084569457,21.0,7.0,3.673469387755103,0.0,74.421768707483,19.0,233,19.273164835164838,0.201575804034863,0.278664096612562,0.095679409859519,0.151669599142203,0.226427263228937,0.319451553002879,26.18663584132769,-2.871457678054736,14.712124770232098,2918.8132548226977,963.1288604036259,4742.482636825369,6.222761135078333,52251.906061145666,2.573230314524697,69.12172482832335,852.8345580011824,95.35151534677422,18.039630632397703,0.855336072810926,0.518073549361847,23.648814424499925,0.862637707077604,0.505822287298508,0.000227322909524,0.000220378148191,23.71353624739966,18.711038559842606,7.564577930793213,-7.291967727923574,-36.819528947177005,15.536519790184567,11.627034211123364,11.750951452551023,15.360616365248289,53.75507997209372,18.068139435819365,20.46733727880567,20.37844929336526,42.053835232922175,76.73756597220373,0.856853356932322,0.515560204742192,0.99566797899999,0.092979974156135,0.999519245916913,0.031004468092299,0.966217900471144,0.257726538814176,0.912949825732345,0.408071826637519,-0.046032634631667,-0.117233091207589,-0.071715237258055,0.017931641278192,0.080230542424118,5759.450755766358,15142.669848891685,31117.362474393914,57561.63685317018,94415.12783753633,-24.251161502050383,-5.458451816233592,-7.172551367573017,-5.801352097138373,-8.230463844337674,-3.534377664371834,0.000257634611521,0.999999966812203,1.113427151047335,0.003549885765695,0.999993699135675,4.756715602607478,0.000976098074024,0.999999523616162,64.31235684326074,0.003001709552766,0.999995494859732,,18.0259912727324,0.0,0.0,18.0259912727324,0.0,,707.5364759412994,134.86590778196432,625.6575681749952,,892.7663774100412,,16.02449264422352,9036.191224070393,3.178779397026723,391.670082,645.0,6.881247669105237,972.840633,6.6466827392578125,769.2250456760823,-203.61558732391768,-20.9300044032924,20.9300044032924,False,0.04080488,0.24912144,-0.075534135,0.060493216,-0.027080268,0.08374122,-0.11135378,0.12599063,0.17456983,0.116492674,-0.09233817
139,PenalvadoCastelo_16092024,2024,2829,p,2024-09-16 14:20:00,2024-09-17 02:40:00,260.597222,261.111111,sat,1,1,1660.75,134.655405,548.042576,584.452367,5366.113083,5665.593311,26.416667,12.333333,4,544.6791151643051,-0.636085115679323,0.771618899205574,22.0,6.0,2.303913264441809,14.230052515669996,57.07267491106217,26.0,233,19.06895720313442,0.200261708999646,0.278032404682345,0.094867508697327,0.150684687517873,0.224968331961222,0.319180920916577,24.29324803186971,-0.211792644691085,21.92499753615014,2496.772533116787,965.1625839075646,4326.953197024751,7.378624866657148,37424.73894936801,1.977016029503962,67.50719404703915,862.5486742623488,94.94546599009118,15.453562724636523,0.854146817756031,0.520031935285946,28.02550178979139,0.865328908714795,0.501204429093022,0.003025059443667,0.003508022391718,24.22294025839625,18.388488558053396,8.434456499045474,-7.312251628108065,-36.72242942402965,20.937878497991136,18.494670135800437,14.747721064088493,40.524759127397154,51.88615193443639,18.144954133509994,43.14073159816989,20.61084044995224,42.60930754729211,62.01414465987817,0.855472077555175,0.517848939868987,0.955114036629869,0.296238378730032,0.821314624256453,0.570475492885086,0.7815727015596,0.623814164777322,0.815361550559613,0.578952106714384,-0.082805227077382,-0.26054614010847,-0.013370638506234,-0.021074455769703,-0.072249205509007,5580.9553006868855,14984.254982402963,30985.83543378692,57494.93123595698,94361.78439800255,,-6.366234523141979,-6.405244555534918,-6.148952812788544,-8.197744582002274,30.60194737911658,0.005800836260549,0.999983175007799,2.616717202148142,0.000360778680001,0.99999993491937,5.679275970515651,-0.000310989693763,0.999999951642704,144.60492552914596,0.010116461568863,0.99994882729334,,4.1523165052178,0.0,0.0,4.1523165052178,0.0,,680.7038792844606,211.76433065561844,673.7230545922721,,925.1627390674902,,19.031830690921215,9117.92379185415,2.660254835594759,972.840633,845.0,6.372384825330373,584.452367,6.09794282913208,443.94150724440806,-140.51085975559192,-24.041456188608766,24.041456188608766,False,-0.5275796,0.15572886,0.100879066,-0.027942358,-0.036675125,0.12153191,-0.13889875,0.12902373,0.14745703,0.1261276,-0.10674275
139,PenalvadoCastelo_16092024,2024,2830,p,2024-09-17 02:40:00,2024-09-17 13:00:00,261.111111,261.541667,airb,1,2,878.5,85.016129,377.149863,369.410886,2960.704346,2660.914685,10.333333,10.333333,4,548.4800894378194,-0.928472621065115,0.371400850742799,22.0,7.0,0.0,62.92274278622402,28.048402109835557,7.0,234,16.612229806598407,0.200091438352243,0.277973790906867,0.094309746944974,0.150674379775752,0.22478907821276,0.319181384851112,18.071283123580397,5.838125380163552,45.81294483231728,1187.2323830385583,965.639719307545,4164.018018328354,11.201806295172476,23482.061340589935,1.3614167890516,62.02842932101706,870.2522632300332,93.66054865823448,19.83018870226715,0.878077453521554,0.478518532156386,31.209344502585047,0.865256370312556,0.501329645675918,0.003326783647617,0.003482152103961,16.998530379693012,15.47497072602668,6.752137147923481,-7.558119968106084,-36.11732159755309,46.164986356225626,25.628946920261793,20.274681837675583,28.0301713314171,40.96504603717287,22.33394816647501,34.07921400981731,21.104886624243555,55.874118758453285,83.29511459524475,0.877736338303555,0.479143945408337,0.977244999810899,0.212113673167468,0.152814796661939,0.988254844623172,0.440643539915325,0.897682165764081,0.475922649081649,0.8794871415155,-0.120621418078836,-0.210036879719877,0.056744518687879,-0.023068654411728,0.2165534196694,5443.248079534679,14680.687296387887,30574.92029315786,56976.77970622935,93851.32713789934,,-1.662424948117553,-5.612989987752882,-5.588031164024846,-7.960544885130753,15.958451458016379,0.007598759937222,0.999971129006941,0.72451835088893,0.009102307418179,0.99995857314174,7.076552506785532,-0.001960258003608,0.999998078692434,123.70368500597034,0.004964625086089,0.999987676172939,11352.208281249976,7.5785684711644,0.0920371015081,0.0,7.666218239167701,0.0,,576.8180383557309,103.32697577284114,805.1028674668563,,820.745381225463,,22.912143844452572,11176.149045491928,1.328987579257735,584.452367,1585.0,5.914612892188964,369.410886,5.637959003448486,279.88883987882616,-89.52204612117384,-24.233732549282223,24.233732549282223,False,-0.5205012,-0.08220447,0.11373453,-0.03483802,-0.018361818,0.083733365,-0.14417924,-0.14201996,0.12680948,-0.03999434,-0.1323368
139,PenalvadoCastelo_16092024,2024,2833,p,2024-09-17 17:25:00,2024-09-18 03:30:00,261.725694,262.145833,sat,1,4,497.25,49.31405,216.619917,218.577941,2021.853544,1919.32557,10.083333,10.083333,4,556.7634576865298,-0.271504154013689,-0.962437267749598,21.0,6.0,0.0,41.13436123348018,45.319383259911895,9.0,234,18.027878787878787,0.199596687943042,0.277734588206125,0.093636696308849,0.150388264536858,0.22425081062317,0.319077392578126,20.155444335937524,5.268750000000023,39.446727325620735,1492.7898443872114,962.78475,4089.754638671875,10.304124510281836,19619.50334224276,2.745606994628906,53.57293467465647,873.4933307083414,93.52030411372307,13.657628284550803,0.823301220881444,0.567604703728857,24.69242348678302,0.887577167569592,0.460659062224048,0.002624991588566,0.002740810144468,20.868597412109374,16.35008544921875,4.858871459960938,-9.646218872070312,-38.36058349609375,38.634735679626466,31.741780090332032,8.20396909713745,6.493349647521972,24.20201063156128,14.575265876867896,26.565147146058713,10.852996252497336,16.97103484086635,31.609088361373857,0.855092835916767,0.518474919319943,0.880686984696216,-0.473698675306029,0.373246310850739,-0.927732284355952,0.981090865934936,-0.193547701559688,0.878752552432975,0.477277646231762,-0.08835749852713,-0.051114788899696,0.003485594822327,-0.04096431060888,0.021433343552207,5146.08603515625,14487.1759765625,30269.584375,56435.97421875,93093.32421875,,-4.930353069799848,-7.394394091243873,-5.66411184335695,-8.003794763011214,16.393262866991037,0.002194977401162,0.999997591034203,-0.379471529720563,0.011387876931964,0.999935156027121,2.139365243579263,0.002138337301522,0.999997713754179,134.97924529756776,0.017440267398685,0.999847906970386,,0.0,0.0,0.0,0.0,0.0,,352.0408875732274,797.7187982178204,772.7094654689294,,925.7488315654803,,20.365902645332106,7301.688718795776,1.890062989810208,35.234289,2470.0,5.391707253770182,218.577941,5.497197151184082,243.007058019454,24.429117019453997,11.176387199774197,11.176387199774197,False,-0.53379,-0.13727152,0.11043338,-0.024816055,-0.1877934,0.11637268,-0.14633454,-0.0058488203,0.08824724,-0.014610672,-0.114490025
139,PenalvadoCastelo_16092024,2024,2835,p,2024-09-17 17:25:00,2024-09-18 03:30:00,261.725694,262.145833,sat,1,4,245.5,24.347107,230.669665,233.722643,2496.219992,2581.819864,10.083333,10.083333,4,486.7277428057554,-0.496946531142329,0.867781162036608,32.0,6.0,0.0,0.0,26.21870882740448,29.0,227,18.72732217573222,0.199222500980147,0.276355748970908,0.10051595293563,0.150163701823017,0.22312778734975,0.317166991294061,19.278077629962915,5.159101218594352,41.42898895158896,1375.3532622598766,952.47007051474,5069.90770966035,10.66579739041596,17389.749473584307,2.561734574912026,52.00718733199507,858.940919832917,93.00991096827964,13.042306298515841,0.828746596675001,0.559624051037482,25.560954935886787,0.872953694139948,0.487803083105691,0.003227019586862,0.003338924192779,20.459579888847106,16.038198276918415,4.91472912709436,-9.571272355734692,-38.43306766371244,41.27835432860316,33.9462165896454,5.959734977487654,5.781012206248214,25.07027770652892,12.753913477054342,28.74757540606771,12.075996989208202,18.77382240540536,30.7709840318891,0.841321475217884,0.540535082429626,0.93327020975429,-0.359175048667337,0.439031246939584,-0.898471793775784,0.962678805877728,-0.270646479219353,0.878350984310569,0.478016263698898,-0.035748243419645,-0.020304313602144,-0.003807484589355,-0.046326603471927,0.033799609870489,5177.9025558138965,14495.618939053984,30272.286948943958,56442.953224545716,93098.243213762,,-4.824369744322596,-7.157756755072393,-5.65665781347039,-8.044889349347752,16.84990173788122,0.017408681131126,0.999848457428062,0.09453135381393,0.011597591740509,0.999932745671338,2.276669762882356,0.002510074198553,0.999996849758797,146.98177365619375,0.016900795903064,0.99985717134891,,0.0,0.0,0.0,0.0,0.0,,402.91354991931746,82.97469498788399,773.0815508735957,,914.0222462216036,,20.541271509515102,6396.582018095558,1.836059200588602,35.234289,2470.0,5.458404574556225,233.722643,5.3333234786987305,206.1252077365379,-27.597435263462103,-11.807771343515956,11.807771343515956,False,-0.55024415,-0.17591658,-0.097029954,-0.028064515,-0.18296658,0.0981768,-0.16719988,0.021872213,0.1017366,-0.059102707,-0.10420219
139,PenalvadoCastelo_16092024,2024,2837,p,2024-09-18 03:30:00,2024-09-18 11:30:00,262.145833,262.479167,sat,1,4,360.25,45.03125,165.445153,240.142751,1580.232789,1449.609641,18.083333,8.0,4,498.0103806228374,-0.27888659515886,-0.960324042727609,21.0,7.0,2.583798882681564,87.70949720670392,9.35754189944134,7.0,234,13.994258241758242,0.199918726862968,0.277803001185706,0.094186151623723,0.150917768031359,0.224490229114891,0.319011611938477,17.408929443359398,9.465478515625023,61.166920614482876,845.7026970336316,964.098671875,4089.754638671875,14.501349717155465,10982.96070033776,3.28221321105957,40.666313484083965,877.3016640416748,93.25467893861017,13.336151480258353,0.902023435847039,0.431687063951078,20.903938092321045,0.922953206436273,0.384912170149246,0.022626557444763,0.025339695422308,16.286266326904297,15.786052703857422,3.221626281738281,-9.368030548095703,-39.09088897705078,62.865511417388916,36.56045985221863,23.32039165496826,4.647009432315826,27.641931533813477,14.102016824272642,16.882271582064064,8.220889556486707,15.768876401219455,33.752441089173374,0.934173666201667,0.356818667358277,0.504941398879035,-0.863153626939077,0.32161366110913,-0.946870980117134,0.995883567698907,0.090641709975579,0.671031711915233,0.74142864903112,-0.088659252121124,-0.067500207512335,0.002769884285298,-0.007338366561882,-0.057893269001852,5263.236755371094,14518.307006835938,30274.358154296875,56454.85400390625,92948.4384765625,,-0.545805741403226,-8.084987415814954,-4.916151690292607,-8.28490066732532,11.019200796467807,0.007598967694483,0.999971127428176,-1.811876604918724,0.011040580727822,0.999939050931202,0.834974944974016,0.000698618786411,0.999999755965866,92.18659693100332,0.009880361724957,0.999951188034788,,0.0,0.0872039794922,0.0,0.0872039794922,0.0,,346.42739990233866,99.86613439941866,857.2912030797983,,834.0917830282085,,22.73443292769643,7148.723006248474,1.049243945767576,233.722643,3075.0,5.4853890859346155,240.142751,5.07930850982666,159.6629206777,-80.47983032230002,-33.513329045814096,33.513329045814096,False,-0.36114737,-0.1670068,0.15867971,-0.06870313,-0.17181823,0.013176866,-0.15436545,-0.20282833,-0.0068491925,-0.18860458,-0.092024855
139,PenalvadoCastelo_16092024,2024,2839,p,2024-09-18 11:30:00,2024-09-18 14:30:00,262.479167,262.604167,sat,1,5,93.25,31.083333,237.863293,251.514197,3676.970074,3887.990296,3.0,3.0,4,562.1993371212121,-0.478426475310674,0.878127614713149,22.0,7.0,0.0,0.0,94.97041420118343,11.0,233,24.090888888888887,0.199081833259265,0.27619661548696,0.101915113131203,0.150702009995779,0.222639379501344,0.316998087565105,26.272932942708355,8.249414062500023,32.11463359860819,2324.292250103339,952.6845833333333,5069.1435546875,8.546067607942664,17927.95095702271,2.88525390625,39.949910408295246,862.6780486096727,92.75496898478507,7.718860760177705,0.924375494533161,-0.381483872669048,9.802572671250312,0.929216837421297,-0.369534936173515,0.016012948286696,0.016084917321617,23.109161376953125,14.843424479166666,3.072916666666667,-10.318400065104166,-38.3764394124349,37.96467844645182,54.15195973714193,34.093719482421875,8.984408378601074,30.442218780517578,7.52955588830878,13.576680340285511,9.33268909499709,11.522167945660577,42.6075337589781,0.949324913865897,-0.314296369551905,0.698312739336312,-0.715792789905442,-0.20207660634729,-0.979369718322535,0.138427753965083,0.990372534419338,0.679570354436111,0.733610341647103,-0.004102047204657,0.015704797003951,-0.003280417111275,0.013015007932829,-0.014714553900956,5233.429361979167,14586.575520833334,30353.097005208332,56505.57421875,92954.4765625,,-9.019119927722498,-7.574114754198504,-5.2291929220923,-7.820851734976038,-12.522878040415192,-0.018502181540988,0.999828819987814,0.551040594020914,0.009689373423868,0.9999530569195,0.742000513829041,0.000838476937857,0.999999648478151,22.311759397443367,0.005707908179875,0.999983709759419,2144.0716210937553,0.0,0.0258382161459,1.8355712890633,1.8614095052091,0.0,,1262.3702050781446,399.5411157226557,730.3386779849661,,924.1209980972948,,14.552302399248296,3844.0651098887124,1.415104627319446,150.411385,3555.0,5.531467472877381,251.514197,5.528345584869385,250.7271052020213,-0.7870917979786896,-0.3129413000804442,0.3129413000804442,False,0.13099447,-0.14782782,-0.08516682,-0.033904277,-0.15356545,-0.009724103,-0.14318205,0.012109315,-0.15388992,0.077784196,-0.15924467
139,PenalvadoCastelo_16092024,2024,2841,p,2024-09-18 14:30:00,2024-09-18 23:00:00,262.604167,262.958333,sat,1,5,590.5,69.470588,250.695917,292.249687,2384.157686,3299.986053,11.5,8.5,4,562.4172700170358,0.49314017150424,-0.869949867089345,21.0,7.0,0.0,63.376068376068375,35.81196581196581,7.0,234,17.227976391231028,0.201053654767026,0.27836998052426,0.094757623701261,0.152235592774181,0.225626592535222,0.319278089390521,25.21861726660906,9.820304774557485,39.82719343394631,2010.0567418646654,959.35711921799,4452.669762761842,9.76946908565232,11851.349465880521,3.300482949135558,40.920418550414695,869.0351067210036,93.23136385477673,4.762067044497508,-0.366047961923665,-0.930595986221481,6.67584767155673,-0.476083572101807,-0.879400041150092,0.130219590607455,0.131059948228506,24.016292220419338,15.869472164214304,3.268506265943189,-10.635292582955042,-38.7761311209471,42.9591300356922,59.08533759728036,55.98579516282384,8.1726674954838,53.875440528063685,4.364130924560609,10.283313648697884,12.447476560430374,9.228283531925605,34.567058710431404,-0.518997756015779,-0.854775601693559,-0.066331686976098,-0.997797628431189,0.011090348788501,-0.999938500190761,-0.90104979676782,0.433715648489503,0.18268493925593,0.983171507402985,0.019323976622911,0.101507786021407,-0.011773554973912,0.062360415797897,-0.008565277713556,5192.462230745492,14584.03764731844,30371.590312591994,56448.697805760574,92897.50500305476,,-8.889364375505963,-8.108499926051723,-5.429312739527691,-7.843931045184497,0.187870760873707,0.02685590332827,0.999639315181442,2.954307330002529,-0.003002744428969,0.999995491752785,0.918839302358336,0.005377302197912,0.999985542206022,29.262327744069257,0.004992540176485,0.999987537193632,2055.3032463177888,0.0,1.5108379259861,34.9137663240836,34.9396045402294,2.535802661239271,,836.3347626186576,294.8003321160377,766.4637627427888,,945.3117692103325,,15.951133533511763,3012.284039101018,1.473761894690593,240.751959,3735.0,5.681024420184337,292.249687,5.337737083435059,207.0413968955498,-85.20829010445019,-29.155990201094788,29.155990201094788,False,-0.34654054,-0.14784808,0.12843342,-0.14365084,-0.1367774,0.108435676,0.12982818,-0.024524981,-0.20002082,0.041236933,-0.088260986
96,Penamacor_25082023,2023,2579,p,2023-08-25 15:40:00,2023-08-25 16:45:00,237.652778,237.697917,airb,1,1,32.0,29.538462,1151.431356,1151.431356,9304.857779,9304.857779,1.083333,1.083333,4,415.9712936046512,0.258183435865592,-0.966095913170446,22.0,3.0,0.0,0.0,0.0,0.0,233,16.45,0.190607133483885,0.264397048158214,0.113630959987645,0.156086547374725,0.208159432411191,0.303439331054684,34.45058593750002,6.973535156250023,18.36213418156595,4442.372765298128,961.84,4364.98779296875,5.885467386579835,65086.854532546684,2.761337280273438,57.94848822417487,912.5648887414403,96.94871376043987,14.651371681587982,-0.985073932996258,0.172131770836424,21.3311969299623,-0.97230037670388,0.233734844346095,,,30.969573974609375,21.737274169921875,10.214599609375,-10.612823486328125,-37.96641540527344,22.41973876953125,34.11772155761719,47.18967056274414,60.051326751708984,68.4379653930664,20.243790070992443,25.61732319486375,61.027105605727826,80.05528456687215,102.2613744171621,-0.970416360841513,0.241437541842845,-0.979228192083494,0.202761307524121,-0.970501010787285,-0.241097051124351,-0.977883529941139,-0.209150189743776,-0.96789707425261,-0.251346879139642,-0.075675980096904,-0.199303630159043,-0.061568410985489,-0.035053757793791,-0.144047617494169,5550.5830078125,15139.3759765625,31307.59765625,57656.6015625,94235.078125,,-10.07378049614237,-7.414638415530626,-8.132927897902869,-7.624495217534215,45.05173996262733,0.003752513295744,0.999992959297197,17.564370414790154,-0.003176562586664,0.999994954712339,12.501877630574363,-0.001478059502388,0.999998907669457,59.60732076579487,0.002422107299724,0.999997066693812,8355.040429687564,30.449462890622904,0.0,22.6545410156241,42.6728515624986,4.599999999998263,,1731.969277343764,,644.7092394162712,,618.2470009287025,,7.290162197469982,10121.894836425781,1.920050107073151,,0.0,7.049629212142532,1151.431356,6.869542121887207,961.5077536668009,-189.92360233319914,-16.494565771856497,16.494565771856497,False,0.27161318,0.3371617,-0.069648005,0.103762425,0.18314925,-0.09819105,0.030171389,-0.08969636,0.11287307,0.15488581,-0.060628887
96,Penamacor_25082023,2023,2580,p,2023-08-25 16:45:00,2023-08-25 18:30:00,237.697917,237.770833,airb,1,2,55.25,31.571429,371.197187,379.081831,4831.921906,4908.511427,1.75,1.75,4,410.1290299773756,0.274559389746102,-0.961570143828441,31.0,6.0,0.0,0.0,0.0,0.0,233,20.117818181818183,0.190548678977786,0.264353870143627,0.113613567799334,0.15604220867157,0.208092868626115,0.30340423583984,32.65834960937502,7.809472656250023,21.53846708495285,3869.2609638169197,961.8743750000001,4364.98779296875,6.49031962844618,53124.30730573251,2.53717041015625,57.94848822417487,912.5648887414403,96.94871376043987,13.698493716371845,-0.972749836254299,0.231857188948791,19.57026339883842,-0.981149991607733,0.193247752815255,0.000113841440946,0.000113989187926,30.091445922851562,21.235687255859375,10.161346435546875,-10.447998046875,-38.00279235839844,24.294994354248047,34.80270767211914,46.05200004577637,49.34944534301758,67.10577774047852,18.561476495191002,26.59496354634713,59.686035418461955,79.19033316054424,101.47423438353066,-0.978865680155095,0.204504230309554,-0.983422234740151,0.181330384157448,-0.988724831937505,-0.149743803578487,-0.964805040276431,-0.262966222654535,-0.965920513834468,-0.258838870639162,-0.06948908076549,-0.191858130809709,-0.159462698455,-0.050699436443262,-0.112921946642688,5531.343505859375,15096.65234375,31265.2783203125,57622.01953125,94212.17578125,,-9.662919405281304,-7.126143539115184,-8.0477700927466,-7.680578041483411,43.97374890021426,0.005610863373631,0.999984258982211,17.664314949965643,-0.002222149435747,0.999997531022895,12.645148786992955,-0.001504086565653,0.999998868861162,57.59735951804167,0.003691587170699,0.999993186068866,,40.058593749996,0.0,10.630676269530099,44.8673095703085,15.839999999993474,,1359.0254565429764,324.02491699219513,669.3270877385621,,615.3923889637233,,8.99195470773013,14850.289154052734,2.002929868438471,1151.431356,65.0,5.940386574273924,379.081831,6.619617938995361,748.6586270626581,369.57679606265805,97.49261659091702,97.49261659091702,True,0.19010223,0.20594363,-0.08690761,0.08735146,0.055911884,-0.05937306,0.053498644,0.12217697,-0.061194718,0.10151834,-0.06421479
96,Penamacor_25082023,2023,2581,p,2023-08-25 18:30:00,2023-08-25 19:20:00,237.770833,237.805556,airb,1,2,77.75,93.3,702.666093,1457.529302,7810.250736,13590.097404,2.583333,0.833333,4,411.41358366935486,-0.877363859836289,0.479825653183705,22.0,1.0,0.0,0.0,0.0,0.0,233,14.424125,0.190528067779539,0.26433775720299,0.113612637519841,0.156036567687988,0.208065977692601,0.303390502929684,30.159814453125023,9.082177734375023,26.98644783636446,3120.294102725485,961.78875,4364.98779296875,7.470202564760337,31663.144937640947,2.361724853515625,57.94848822417487,912.5648887414403,96.94871376043987,10.14748735062638,-0.975935771708668,0.218058179161909,18.00519658719332,-0.968829674562273,0.24772779756733,,,28.4822998046875,20.960418701171875,10.236968994140625,-10.564544677734375,-37.85853576660156,29.017471313476562,32.63151550292969,45.877811431884766,61.33161926269531,48.7796516418457,17.10268157009699,30.46280944757946,64.9728206693518,79.87006308270333,103.67429987592931,-0.968184311083967,0.25023816609555,-0.979135026988799,0.203210725414887,-0.996998215369754,-0.077424534545103,-0.945593021525242,-0.325351867433956,-0.9651240794697,-0.261792878489398,-0.064338557440642,-0.159073686864524,-0.179539986135422,0.020770075777103,-0.042858326520319,5542.50927734375,15070.2333984375,31245.783203125,57600.2421875,94204.4375,,-8.207465177465863,-6.900351279294562,-8.122810492840223,-7.607882180195708,59.345344024063905,0.00842271932728,0.999964528270445,20.855743756484824,-0.001936163265546,0.999998125634148,13.343207864155815,-0.001833352233106,0.999998319408382,72.63125957433425,0.008383894180868,0.99996485454158,4761.7512695311625,42.6296386718721,0.0,18.439575195312997,47.149902343747705,4.679999999997916,,823.356630859376,,706.2243591415917,,631.841726847509,,11.406239764588861,8551.34105682373,2.117586046224736,379.081831,170.0,7.285183879609907,1457.529302,6.25116491317749,517.616616248011,-939.9126857519889,-64.48670942410934,64.48670942410934,True,0.27417842,0.100557595,-0.08596342,0.1039004,-0.0061777304,-0.073387064,0.04125404,-0.12498168,-0.08615978,0.1479196,-0.049940143
53,Penedono_21072019,2019,1809,p,2019-07-21 17:30:00,2019-07-21 20:30:00,202.729167,202.854167,"sat,fops",1,1,172.5,57.5,518.151192,518.151192,5717.808689,5717.808689,3.0,3.0,4,865.1583333333333,-0.965176272861918,-0.2616003866671,21.0,7.0,16.545718432510885,0.0,82.87373004354136,10.0,233,17.88764367816092,0.195265438989798,0.24424141014461,0.14722363154093,0.17671575586001,0.205346494515737,0.270154622395833,29.03424479166669,11.429996744791689,34.10332978282902,2664.8461748785435,931.0362500000001,7581.40185546875,8.536421711732418,26314.878865113704,2.317601521809896,25.631606588099334,565.1307795221575,92.199358831644,9.669297596640098,-0.581787458498899,0.813340859131885,16.319534716277904,-0.547410572369635,0.8368641856705,0.001585295834834,0.001713645346278,29.351318359375,21.127156575520832,10.491953531901041,-8.036794026692709,-36.92969767252604,34.92987887064616,44.14836629231771,22.704537709554035,10.08247152964274,55.23293940226237,10.416728606314464,10.753473764898951,23.982878808581447,16.63053911364139,11.397785967165783,-0.554491408079953,0.832189448602607,-0.013062322194281,0.999914684230056,-0.434443931404836,-0.900698878907657,-0.13676559327362,-0.990603438564855,-0.078410709975588,-0.996921140592938,0.006452455971441,-0.027863858060536,-0.043739582486316,-0.06532031668114,0.06990381091341,5789.545247395833,15359.848307291666,31509.179036458332,57979.375,94912.89583333333,,-8.973755437756155,-6.8435661034975,-7.235315057462679,-8.053560436271477,-4.865421729700128,-0.00436575586085,0.999990470042472,6.577401449851128,-0.015940340439851,0.999872944701806,1.531912215088423,-0.008570164180544,0.999963275468614,78.15209948596295,0.013267830678683,0.999911978460645,,0.0,0.0,0.0,0.0,0.0,,792.7103597005281,536.1251928710909,719.7073362155237,,946.6522737126394,,13.637095796134389,5210.255146026611,2.003531113972036,,0.0,6.252195154807696,518.151192,6.878921985626221,970.5784195445224,452.42722754452234,87.31567822862836,87.31567822862836,True,0.12228515,-0.078964256,-0.09101852,0.024660842,0.17304058,0.015147951,0.075765885,0.02364096,-0.054351974,0.070978686,0.25484887
53,Penedono_21072019,2019,1810,p,2019-07-22 14:00:00,2019-07-22 15:00:00,203.583333,203.625,"airb,fops",2,2,30.0,30.0,685.788198,685.788198,10601.142558,10601.142558,1.0,1.0,4,886.3730630165289,0.719877929874604,0.694100688718471,22.0,7.0,0.0,0.0,100.0,10.0,233,16.448275862068964,0.198035343250632,0.245079175983539,0.147010221779342,0.179250162839888,0.208475129902363,0.269970092773438,35.12209472656252,9.693505859375023,21.27938037902171,4445.602829112215,930.3840625,7581.40185546875,6.209227498132657,38523.98925630083,4.320167541503906,35.63193952470759,574.9829188471427,94.24274265161652,8.652348406616598,-0.715780864772927,-0.698324962767994,8.179235181117738,-0.7243483912046,-0.689434121696415,0.001443250999657,0.001446928266908,33.26263427734375,24.086883544921875,9.446548461914062,-9.486236572265625,-37.20671844482422,23.4628849029541,34.273794174194336,57.486392974853516,9.507050514221191,30.087738037109375,6.238369833720137,11.24416355139955,25.818716980571605,43.84989347749296,12.25650399845111,-0.786516136680543,-0.617569726218112,-0.506875657714294,-0.862019180538752,-0.078185605559097,-0.996938820130582,-0.091091385988813,-0.995842537451899,0.120541672875829,-0.992708267871431,-0.015572336175582,0.056179105634674,-0.030132595681886,0.013560716939888,0.000853336792506,5711.452392578125,15385.2158203125,31596.513671875,57980.748046875,94641.29296875,,-10.01207724198947,-9.420798127406151,-7.393088183878354,-7.726761519706704,1.352267307620017,-0.002394641530193,0.999997132841861,8.622556311629744,-0.006183283796525,0.999980883318022,7.77333505577838,-0.002835855174251,0.999995978954631,18.077365554695675,-0.012322856028086,0.999924070727028,2984.2044433593765,3.1890869140628,0.0,11.1682739257819,13.4437255859383,64.07999999999457,,2483.6925097656663,573.5700195312347,643.0998893851984,,931.8653396549837,,7.413482919516809,7487.147426605225,1.18765530613034,,1230.0,6.532025944833739,685.788198,6.127108097076416,457.10943520892624,-228.67876279107372,-33.34539198224489,33.34539198224489,False,0.2426804,0.077923365,-0.090585716,0.0017626584,0.008427307,-0.3089108,0.047463536,-0.11488397,-0.2757928,0.09980872,0.24330325
53,Penedono_21072019,2019,1811,p,2019-07-22 15:00:00,2019-07-22 17:00:00,203.625,203.708333,"airb,fops",2,2,138.25,69.125,773.051623,868.648107,9600.63309,10269.254434,3.0,2.0,4,843.2473912078153,0.979771452281062,0.200119717407001,22.0,7.0,1.123595505617978,0.0,95.88014981273409,10.0,233,24.48535714285714,0.197878880494832,0.245002417710826,0.14842194974422,0.178756998777388,0.208264408707619,0.269935506184896,34.64899088541669,9.245507812500023,21.210737431973573,4338.41412913559,929.9110416666667,7581.40185546875,6.24733972734279,41901.15828827388,4.708470662434896,35.63193952470759,574.9829188471427,94.24274265161652,9.04587168590235,-0.903055137424562,-0.429524642798415,11.376843674695184,-0.804862549928773,-0.593461267246779,0.061585486675766,0.06397662025749,33.19831339518229,24.213999430338543,8.79705810546875,-9.300669352213541,-37.15201314290365,22.3064390818278,30.91621271769206,61.49980799357096,28.393767674763996,58.44234085083008,9.061605013592207,14.443051001772972,26.812544167701457,41.317367934825576,13.280166822858579,-0.853695467557068,-0.520772549845437,-0.544921866327728,-0.838486827325215,0.01882153858512,-0.999822859153205,-0.06604123616118,-0.997816894588533,-0.01539930387107,-0.999881423689973,-0.022446196887281,-0.171429280282437,-0.540937687446651,0.48436029628804,0.157441584531785,5685.127115885417,15358.081705729166,31548.364583333332,57922.860677083336,94634.48958333333,,-9.803191913710387,-9.92053058486587,-7.06700545011702,-7.763237755511772,-0.904084008826121,-0.003289702167099,0.999994588915186,8.052109746742643,-0.007735351071749,0.999970081724347,6.76535658951516,-0.003287836218785,0.999994595051892,28.18214858183178,-0.008476780786401,0.999964071448319,3237.789322916667,48.6461588541673,0.0,28.8560791015633,58.846761067709295,40.23999999999799,,2704.508001302106,355.3516015625323,642.7901976934858,,940.009528532179,,8.28931396809594,10900.250244140625,0.970824846402004,685.788198,1290.0,6.768088655114025,868.648107,6.755780220031738,858.0097050776119,-10.638401922388084,-1.2247078922590784,1.2247078922590784,False,0.19193451,0.15012759,-0.08726986,-0.05252074,0.015054904,0.0053095557,0.098028876,0.012069544,-0.18806247,0.0918152,0.275415
53,Penedono_21072019,2019,1812,p,2019-07-22 17:00:00,2019-07-22 19:30:00,203.708333,203.8125,"airb,fops",2,2,161.0,64.4,528.102075,290.874723,6538.099666,3712.093262,5.5,2.5,4,828.5993916797488,0.864850870340859,0.502028855814741,34.0,6.0,0.0,0.0,80.79710144927536,28.0,233,21.066219512195122,0.197698606048027,0.244922609142916,0.148883813420927,0.178355997800826,0.208086082736651,0.269908854166667,32.17942708333336,9.981347656250023,25.699724255498044,3577.6565915891483,929.4325,7581.40185546875,7.095820341903402,28893.18314769588,4.13287353515625,35.63193952470759,574.9829188471427,94.24274265161652,7.154113659141208,-0.839894052016909,0.542750385892647,6.244896374066252,-0.999356210693902,0.035877069940644,0.094153905210498,0.113937995458333,32.267069498697914,23.698974609375,9.4332275390625,-9.522664388020834,-36.76153055826823,23.80770746866862,29.683062235514324,51.98261642456055,38.712727864583336,75.55182647705078,4.309459750231063,11.390492462823207,31.073395128326624,37.95387948641594,20.86358095558347,-0.996300170411872,0.085941668806668,-0.584170028641024,-0.811631306467133,-0.064559833761484,-0.997913837896183,-0.250486530629067,-0.968120084479923,0.491553084710068,-0.870847612910558,-0.008700715713069,-0.162764530523594,-0.55944952326051,0.260904495689915,0.087461724806484,5646.44775390625,15292.255533854166,31484.47265625,57885.486979166664,94623.0234375,,-9.349036427666128,-9.179757329600598,-7.402111224946199,-7.592516751054665,-0.670616282256887,0.147018149679085,0.98913379462282,11.11156581643486,-0.014852028732969,0.999889702538493,6.712921928836146,-0.00618984200065,0.999980842744503,32.69348477435903,-0.39992205239967,0.916549154167105,3822.6667936197664,66.0632324218733,0.0,20.2270507812499,71.25716145833209,15.798333333333431,,1351.6955253092792,1086.0245343017484,672.4376990207779,,949.7737362270235,,10.630367995532026,7376.609865824382,1.975161119510557,868.648107,1410.0,5.676324679386309,290.874723,6.595126152038574,730.5211637557451,439.64644075574506,151.14632038884488,151.14632038884488,True,0.15425336,-0.051364474,-0.08279886,-0.14801757,0.010609049,-0.007149431,0.04132785,0.09073008,-0.24829306,0.14022207,0.22993943
53,Penedono_21072019,2019,1813,p,2019-07-22 19:30:00,2019-07-23 01:00:00,203.8125,204.041667,fops,2,2,224.5,40.818182,456.925018,412.0628,6597.80951,5901.902196,11.0,5.5,4,822.4005301339286,-0.969452085465433,-0.245280765627316,22.0,7.0,0.0,0.0,98.5244040862656,28.0,233,23.793157894736844,0.197640557885455,0.24481775962788,0.14851015526362,0.178330669179349,0.208049175679636,0.269779242031279,24.64111472945284,14.009005221775482,53.045619215754535,1522.1133869445375,930.2218197667299,7560.5490670408935,12.111932904189054,5884.011915883867,3.825749130813884,36.6613680708997,578.8109194655889,93.65043810581078,3.598721074555269,-0.994831417324692,0.101540391489024,2.810266566149746,-0.896131827650222,0.443787953275293,0.075101219101412,0.08172664560436,27.59810099287805,22.699303008147908,9.047804746520145,-9.858769926173036,-36.43010978553888,48.018266176719635,36.85638377973544,70.83046759487819,17.350268994224212,31.75253016459398,2.248621501973442,6.120154520904828,29.33208030060188,30.1451622267058,31.658326953526345,-0.998719081821472,0.050598375524087,0.648537588327624,-0.761182630205254,0.055164682291743,-0.998477269559829,-0.161688188379683,-0.986841897032395,-0.205006956481586,-0.978760516058018,0.004260023008041,0.04460822852966,0.077421308412983,0.019528295161653,0.085097473364768,5718.277617105872,15286.535809095321,31471.930261931917,57833.10713404646,94568.50195511238,,-5.345300373376081,-8.784499024800262,-7.382853265272811,-7.406451565174283,0.721694385890854,0.078918216217444,0.996881093786544,11.734751210749048,-0.013912948496142,0.999903210247944,5.677415873827221,-0.005656651418815,0.999984001019379,12.056853010746279,-0.289884854609132,0.957061529405629,4912.471080364081,21.649180828502303,0.0,16.1971669673064,32.284297502461904,346.75965099982176,,57.62900021348227,24.608810181671956,796.4454951279021,,949.9640048243664,,15.64503427301846,4149.6765320435015,1.936162494589499,290.874723,1560.0,6.02359963951275,412.0628,5.935548305511475,377.2473344222607,-34.8154655777393,-8.449067855127739,8.449067855127739,False,-0.079885446,-0.2148544,-0.11202353,-0.04699868,0.026259122,-0.047928624,0.07531133,0.009280127,-0.24472624,-0.017356934,0.32033157
127,Pinhel_06082024,2024,2745,p,2024-08-06 15:55:00,2024-08-06 16:20:00,219.663194,219.680556,airb,1,1,5.5,13.2,1195.020068,1195.020068,14254.179705,14254.179705,0.416667,0.416667,5,563.73291015625,-0.745227199481131,-0.666810633653596,31.0,7.0,0.0,0.0,88.23529411764706,35.0,233,21.5,0.21727454958856,0.280307218462332,0.124808684289451,0.179847552180289,0.237180494070052,0.313657836914064,31.229394531250023,11.404443359375023,29.652580538859308,3195.324144985126,937.21875,6195.18994140625,7.720506339082144,36988.55520020476,2.659866333007812,39.27496838207792,540.602523876804,93.26706539217793,11.575838169112242,-0.759619923518839,0.650367259164569,16.142764897748204,-0.659722993011786,0.751508863880907,,,29.92633056640625,21.116729736328125,9.7969970703125,-8.819732666015625,-36.289031982421875,30.071041107177734,44.922428131103516,15.101202011108398,7.600156784057617,68.29833984375,11.373047025539424,15.746040993113683,15.742076417606805,45.143200267005554,61.388432693951,-0.641867622423329,0.766815463644691,-0.657619233365497,0.753350478799726,-0.954809462152331,-0.297218591249565,-0.94121725802056,-0.337801825341809,-0.962857900233835,-0.270008636819808,0.029623525625923,0.02374458227899,-0.067530426458589,-0.013596836913381,-0.037670520063898,5275.7783203125,14841.1884765625,30921.697265625,57405.88671875,94172.1015625,,-9.612554498694008,-7.284048875801357,-7.269671334018168,-7.656747307175255,15.064634526077242,-0.003882937484127,0.999992461369832,1.25599286773665,-0.008475865849898,0.999964079203896,6.556856502166974,-0.004233007868856,0.999991040782057,37.64971732814249,-0.000604162136659,0.99999981749404,6633.1855273437595,14.5584716796877,0.0,0.0,14.5584716796877,7.839999999999109,,1898.4862207031324,,701.5299467656966,,918.9356961714833,,9.858858095588062,5686.5234375,1.094914042223271,,0.0,7.086754713634021,1195.020068,6.880369186401367,971.9855065094936,-223.03456149050646,-18.663666616392458,18.663666616392458,False,0.25652727,0.14820416,-0.08570289,0.09898431,0.14997482,0.018754123,0.041254587,0.0923938,-0.1040075,0.1366514,-0.041436516
127,Pinhel_06082024,2024,2746,p,2024-08-06 16:20:00,2024-08-06 17:00:00,219.680556,219.708333,airb,1,1,4.0,6.0,608.681655,272.995283,7908.458432,4220.052087,1.083333,0.666667,5,579.6012834821429,-0.0829090934823,-0.996557114378269,21.0,7.0,0.0,0.0,84.61538461538461,11.0,233,26.5,0.217161549815534,0.280249756961339,0.124589173495765,0.179711936116217,0.237084445953368,0.313629760742189,30.653222656250023,12.116357421875023,32.1149879620758,2984.0464651501215,937.1,6195.18994140625,8.108086121293155,39238.958249016294,2.512588500976562,39.27496838207792,540.602523876804,93.26706539217793,13.149580178216915,-0.751292495601387,0.659969382663347,18.532545228993143,-0.657891675207572,0.753112570398725,,,29.748992919921875,20.960784912109375,9.93560791015625,-8.6728515625,-36.124237060546875,32.43843078613281,48.542964935302734,13.236133575439453,6.408710479736328,75.06295776367188,12.787233287710903,18.807797465442047,16.231130120989267,45.01231429514068,60.495826639304056,-0.652146503271505,0.758092961496642,-0.647227972716304,0.762296498308593,-0.951748115318214,-0.306880310525501,-0.951159714054482,-0.308699203691549,-0.976329212353696,-0.216289780398452,0.030411948748932,0.061402432822416,-0.033252862392204,-0.03254856556864,-0.021176946602263,5261.44775390625,14824.4580078125,30906.75390625,57397.9765625,94177.78125,,-9.589211821326938,-7.09450748670859,-7.26644186785565,-7.651754038912222,16.62389626558875,-0.001299918558748,0.999999155105513,0.806990395076856,-0.008550903977529,0.99996344035228,6.215127738488366,-0.004124658494173,0.999991493559973,46.90114563437601,-0.00015071019986,0.999999988643218,7288.172832031276,6.1458740234375,0.0,0.0,6.1458740234375,18.839999999999524,,1822.9232714843697,,714.6308510737161,,921.8763526110431,,10.437698662907735,15344.68002319336,1.024782716367636,,25.0,5.613110890911417,272.995283,6.824891567230225,919.476588813518,646.481305813518,236.810430828403,236.810430828403,True,0.24188356,0.14651723,-0.08842042,0.08972774,0.13477439,0.0009889903,0.050881192,0.018122962,-0.10435945,0.09031228,-0.089280196
127,Pinhel_06082024,2024,2747,p,2024-08-06 17:00:00,2024-08-06 17:40:00,219.708333,219.736111,airb,1,1,2.75,4.125,478.574325,242.120923,6116.43819,3742.785934,1.75,0.666667,5,570.3502197265625,-0.043848840629675,-0.99903817703601,31.0,7.0,0.0,0.0,100.0,35.0,233,20.666666666666668,0.217161549815534,0.280249756961339,0.124589173495765,0.179711936116217,0.237084445953368,0.313629760742189,30.653222656250023,12.116357421875023,32.1149879620758,2984.0464651501215,937.1,6195.18994140625,8.108086121293155,39238.958249016294,2.512588500976562,39.27496838207792,540.602523876804,93.26706539217793,13.149580178216915,-0.751292495601387,0.659969382663347,18.532545228993143,-0.657891675207572,0.753112570398725,,,29.748992919921875,20.960784912109375,9.93560791015625,-8.6728515625,-36.124237060546875,32.43843078613281,48.542964935302734,13.236133575439453,6.408710479736328,75.06295776367188,12.787233287710903,18.807797465442047,16.231130120989267,45.01231429514068,60.495826639304056,-0.652146503271505,0.758092961496642,-0.647227972716304,0.762296498308593,-0.951748115318214,-0.306880310525501,-0.951159714054482,-0.308699203691549,-0.976329212353696,-0.216289780398452,0.030411948748932,0.061402432822416,-0.033252862392204,-0.03254856556864,-0.021176946602263,5261.44775390625,14824.4580078125,30906.75390625,57397.9765625,94177.78125,,-9.589211821326938,-7.09450748670859,-7.26644186785565,-7.651754038912222,16.62389626558875,-0.001299918558748,0.999999155105513,0.806990395076856,-0.008550903977529,0.99996344035228,6.215127738488366,-0.004124658494173,0.999991493559973,46.90114563437601,-0.00015071019986,0.999999988643218,7288.172832031276,6.1458740234375,0.0,0.0,6.1458740234375,18.839999999999524,,1822.9232714843697,,714.6308510737161,,921.8763526110431,,10.437698662907735,15344.68002319336,1.024782716367636,1195.020068,65.0,5.493558945080436,242.120923,6.55563497543335,702.1955199709383,460.07459697093833,190.01852102262896,190.01852102262896,True,0.2644033,0.121666536,-0.08570289,0.08007253,0.057231657,-0.2881933,0.044636875,0.13258356,-0.0956905,0.095485374,-0.08112277
25,Pombal_06102017,2017,310,p,2017-10-06 14:30:00,2017-10-07 00:00:00,279.604167,280.0,sat,1,1,1227.25,129.184211,762.300884,762.300884,9928.397299,9928.397299,9.5,9.5,2,240.92581549439348,0.867866387263441,-0.496797678998506,22.0,4.0,0.0,24.453608247422682,71.05154639175257,12.0,4,23.356848534201955,0.149957372701918,0.192705453931515,0.080297133848074,0.121803888678555,0.164941328763967,0.215323486328127,22.370874023437523,12.835522460937522,58.75516175949862,1314.8652541432728,992.804875,2183.210693359375,13.529201564275237,17677.730589375446,2.1371337890625,49.714047071397054,1084.9995565411393,93.8742868684401,10.709695561688479,-0.464913384499781,0.885356168393804,20.219760341677063,-0.265481137022002,0.964116054158163,0.041996073451858,0.048917508892039,25.508642578125,18.244259643554688,7.969992065429688,-8.182305908203125,-36.95007171630859,24.41275806427002,29.594909286499025,15.755002498626709,10.155097770690919,16.8973087310791,26.657569861314748,17.593174605698895,16.819330405192872,35.206981106403624,65.99539191383757,-0.079539645835699,0.996831703318234,0.148194244175673,0.98895827313047,0.401499702382762,0.915859153465506,0.418124747130027,0.908389616760039,0.400617012150808,0.916245605487611,-0.083352044978126,-0.073780473113947,-0.011847739664573,-0.038962284340895,-0.052497869119188,5935.2880859375,15386.41298828125,31341.730078125,57738.516015625,94463.17578125,11.800024239334942,-7.926497261887924,-6.611310479690478,-6.307332126560588,-8.018679721222576,51.76523350711234,-0.020932214787615,0.999780897189022,1.929728446884626,-0.026806144739012,0.999640650736169,4.475050332847408,-0.014024015457136,0.999901658659719,108.13056158360928,-0.108512910588759,0.994095039840536,,0.0,0.0957641601563,0.0,0.0957641601563,0.0,,367.08314559938106,139.9482727050843,865.8904430485339,,690.4681247816318,,22.560746921755893,13984.47961807251,0.96426845840297,,0.0,6.63765229693293,762.300884,5.565327167510986,260.21064936948164,-502.09023463051835,-65.86509935498361,65.86509935498361,True,-0.4207912,-0.12807055,0.10409937,-0.07343294,0.23739168,0.12247267,-0.005413415,0.051777486,0.025734419,-0.16801675,-0.104581736
141,Pombal_12092024,2024,2887,p,2024-09-12 16:18:00,2024-09-12 18:00:00,256.679167,256.75,airb,1,1,48.75,28.676471,979.349471,979.349471,9534.783224,9534.783224,1.7,1.7,5,301.50200320512823,0.533517762418199,0.845788860877393,22.0,4.0,3.076923076923077,0.0,96.92307692307692,19.0,223,16.376122448979594,0.146152456681435,0.206086442682472,0.07276225179434,0.109184972792868,0.164069798290735,0.237797546386724,21.334619140625023,14.911035156250023,66.92396407994461,843.56910043765,995.516875,2011.44091796875,15.51129630280858,21139.187716643155,0.023567199707031,51.224114384366786,928.7674227430264,89.46250908424621,24.775064319709145,-0.38605812460213,0.922474457331305,38.238691327864856,-0.391083168006446,0.92035534208372,3.4133683871e-05,3.4311013301e-05,16.581588745117188,15.267318725585938,9.220184326171875,-5.304519653320312,-34.18644714355469,82.45709609985352,63.53597831726074,48.252912521362305,27.897912979125977,38.30635643005371,53.83412691173317,47.80713467952227,45.1931131939715,45.17108521515285,50.7669458863087,-0.227331734253955,0.973817376411558,0.000748797214841,0.999999719651326,-0.316599433865235,0.948559327863162,-0.806273436885467,0.591543020390654,-0.95670289098428,0.291066278332481,0.008476960231053,-0.211114035851688,-0.101761430376747,0.012513497083904,-0.083896995829492,5873.6171875,15149.49609375,31148.814453125,57779.2265625,94996.1875,-14.205984777227709,-1.434059548488276,-3.891224627248712,-5.671770802407318,-8.050500960714512,81.36018987571964,0.010740123002077,0.999942323215644,6.629188589836126,0.000707709818447,0.999999749573375,3.462179977698868,-0.001632180426471,0.999998667992641,129.39163376710928,0.00652980586214,0.999978680590443,,6.2450561523444,0.2247314453123,0.0,6.469787597656699,0.0,,702.2147521972668,122.43824951172053,905.0533094990817,,741.0971686959574,,26.07928900502334,26922.988891601562,0.24018050180467,,0.0,6.887909111158082,979.349471,6.306476593017578,547.110326830478,-432.239144169522,-44.135332378151865,44.135332378151865,True,0.27180636,-0.104463205,-0.07663664,0.15006752,0.2311027,0.024576968,0.020242268,-0.119400665,0.28051543,-0.26973382,-0.07649221
128,Pombal_17072024,2024,2749,p,2024-07-18 16:30:00,2024-07-18 18:25:00,200.6875,200.767361,airb,1,1,31.75,16.565217,684.779865,684.779865,6666.902636,6666.902636,1.916667,1.916667,5,303.950736053719,0.726930992196409,0.68671051585391,22.0,4.0,0.0,0.0,100.0,12.0,223,16.69,0.147219636563961,0.222020446892742,0.080149929672482,0.108071145415309,0.165158612430101,0.261597595214849,27.934960937500023,12.664086914062523,38.96830089035343,2297.512348330641,994.3925,2011.44091796875,9.29825622555736,32061.503249947775,2.141311645507812,32.33847506670935,511.5918981667254,90.6395726688313,13.962706454237553,-0.497916240205086,0.867225125178019,19.887618275195162,-0.526575235183865,0.850128532453215,1.1331146066e-05,1.1332095268e-05,23.86962890625,19.883804321289062,9.601181030273438,-8.325149536132812,-33.092491149902344,41.7365608215332,22.557209014892578,27.902400016784668,23.711600303649902,18.844188690185547,16.213902107933574,17.162494387904623,38.32049984267596,58.58028888672145,87.22317865716369,-0.400679163453603,0.916218428091316,-0.704737210932803,-0.709468437301233,-0.855722643787823,-0.517434785174692,-0.794078294521143,-0.607815483654697,-0.83594583245175,-0.54881195796607,-0.045315006803281,-0.051243178632416,-0.02784441446052,0.009794920156188,0.082390476013697,5873.08056640625,15340.7978515625,31405.978515625,57836.982421875,94976.08984375,-10.02777668547214,-4.34911374353742,-6.616687233972865,-7.000076452119167,-6.903608061595412,2.768088072375465,0.009819257292928,0.999951789931002,8.211155048257984,-0.009408809701228,0.99995573617036,8.079545769195121,-0.005260243812473,0.999986164821811,51.17595438590638,0.008993081714063,0.999959561423003,,0.0,0.0,0.0,0.0,0.0,,412.99505004882815,107.41916748047174,794.669731479928,,689.0010118647608,,18.155631809783088,8108.37721824646,1.589093206191999,,0.0,6.530556679726128,684.779865,6.499086380004883,663.5342238616653,-21.24564113833469,-3.1025505018805846,3.1025505018805846,False,0.19610253,0.11132111,-0.105983175,0.09748513,0.20303276,-0.270355,0.08069246,-0.11571878,-0.10631963,0.018179411,0.018329501
128,Pombal_17072024,2024,2750,p,2024-07-18 18:25:00,2024-07-18 19:15:00,200.767361,200.802083,airb,1,1,14.5,17.4,505.721472,249.627688,4923.619968,2430.333562,2.75,0.833333,5,304.0463541666667,0.972154993666132,-0.234338789554789,21.0,4.0,0.0,0.0,100.0,12.0,223,19.087333333333337,0.147120165073876,0.221959084577631,0.079803044199946,0.107986770272258,0.16507879197598,0.26155639648438,24.461816406250023,12.893701171875023,48.50926834752467,1576.8778122928247,994.585625,2011.44091796875,10.924060317943303,21098.901266466262,2.166748046875,32.33847506670935,511.5918981667254,90.6395726688313,13.380175116921626,-0.519540598587657,0.854445765639446,20.180810602883213,-0.457493157502458,0.889213141399986,,,23.437591552734375,20.01708984375,9.68359375,-8.17913818359375,-33.34117126464844,38.29646301269531,21.852079391479492,28.101816177368164,24.889673233032227,12.075929641723633,18.89746475103652,17.725100734044663,33.79878116980818,43.03410920613944,78.40501022122189,-0.317532480266714,0.948247395976213,-0.707322742769234,-0.706890753625628,-0.847059920642408,-0.531497404359869,-0.896910933525653,-0.44221123608762,-0.905202218849801,-0.424981108979443,-0.047859574145437,-0.040911261049837,0.010547429233493,0.001017372200861,0.006653174486841,5877.037109375,15341.6337890625,31411.0,57834.5546875,95000.03125,-3.268426085327886,-3.732264347123287,-6.649422987766653,-6.975241738160916,-7.013623711958059,14.048979204878519,0.010925058953717,0.999940319762563,6.988837409712042,-0.009943723928736,0.999950559955056,5.374656934511771,-0.004865771493541,0.999988162063818,66.54281027522306,0.011172403552025,0.999937586751729,,0.0,0.0,0.0,0.0,0.0,,294.0674829101571,,838.3167147158773,,672.5383758215206,,20.53680661884769,9448.732376098633,1.275136548382289,684.779865,115.0,5.5239685231903515,249.627688,6.153112411499023,469.17850078133955,219.55081278133954,87.95130641971876,87.95130641971876,True,0.29613897,-0.12241089,-0.093606085,0.033266015,0.05423718,-0.27478912,0.012178498,0.11255053,-0.06263838,-0.08137038,-0.052738782
17,PontedeLima_08082016,2016,260,p,2016-08-08 17:00:00,2016-08-09 01:30:00,221.708333,222.0625,sat,1,1,554.25,65.205882,404.756952,404.756952,4297.921809,4297.921809,8.5,8.5,1,500.63701489169677,-0.561646581861527,-0.827377251973526,21.0,7.0,0.050327126321087,42.0231504781077,33.11524911927529,6.0,234,18.171466905187835,0.197589887712058,0.288071192494711,0.081881635559545,0.138904946626692,0.225955742265673,0.335944898728919,27.692778857370012,13.92239617108577,43.63046263165208,2195.554249196766,987.1462339284631,2751.389775481522,9.947204106904378,27102.453298096738,3.782008755747452,45.60420715347049,481.3060730446289,94.57838598754334,11.63903608363963,0.305060392266699,0.952333007445446,23.127152866482167,0.43782420492792,0.899060601727845,0.010849956597175,0.010197339160275,28.3022016287821,22.673936826275927,9.109919314781022,-12.68613113583037,-36.90194472668498,28.26300145260439,21.123015958354536,41.07615966715398,54.93187464718971,60.60722136979004,31.584219871180736,23.89820046949117,23.27336313006525,32.61378927653639,75.3363988050381,0.620182563611,0.784457511783071,0.151758654058245,0.988417579223695,-0.649608431770811,0.760268955944058,-0.989825543077306,0.142286310907676,-0.999684629289409,0.025112585738976,-0.318081799726234,-0.182822220089233,-0.041055840419979,0.011142516527802,0.07658260872555,6036.648815336964,15623.742847921476,31779.98359410054,57968.29102915581,94619.63055105461,4.977415135766744,-6.141254659627079,-8.728206700726865,-8.511168470498266,-6.749876047697141,77.78144664820083,-0.070089014909422,0.997540741017141,4.289299894212397,0.024805689120446,0.999692291551385,3.898234623477996,0.010554708113859,0.999944297516932,130.93592978034576,-0.102897854613038,0.994691927943539,,5.3410161076657,0.0,0.0243131857298,5.3653292933955,106.42287879976874,,403.0394877834215,101.04989183273716,807.4288514610021,,692.8330605074315,,13.153491489531993,27170.484838949647,1.476518585543264,,0.0,6.00575433995094,404.756952,5.913724422454834,369.08193329249826,-35.67501870750175,-8.81393600065991,8.81393600065991,False,-0.38452202,-0.08256819,0.10762521,-0.030511506,0.26120508,0.078247264,-0.09956691,0.028855786,0.124139935,0.024879774,-0.08309146
129,Portalegre_27082024,2024,2755,p,2024-08-27 15:00:00,2024-08-27 15:15:00,240.625,240.635417,airb,1,1,0.25,1.0,428.011773,428.011773,3363.459181,3363.459181,0.25,0.25,5,411.3681233723958,-0.880840262949596,-0.47341359419316,31.0,1.0,0.0,0.0,0.0,0.0,237,11.5,0.192006041795015,0.262823443852083,0.120529240369797,0.156257089972495,0.209381952881813,0.300292968750002,32.52602539062502,5.838525390625023,18.905960292326434,3963.377149775465,968.48,4091.763671875,6.150796140109239,49385.76306064599,0.33551025390625,51.98005167878528,968.4373560029165,94.58541397898526,12.46052575729358,-0.99899068957534,-0.044917726364838,17.012077135086056,-0.999969605328708,0.007796692808306,,,28.539459228515625,18.889892578125,12.2188720703125,-6.118988037109375,-35.44767761230469,23.046483993530273,37.61277770996094,3.148361444473267,17.183908462524414,45.90266799926758,18.087917778581524,15.103580683927552,24.640181271940886,43.17181521127569,57.52900959697118,-0.999957162883253,-0.009255938551822,-0.979931416458463,-0.199334941838381,-0.833461562448803,-0.552577437035209,-0.904855684176417,-0.425718440772335,-0.999982183287393,0.005969347349464,0.041278048148686,-0.030458343713341,0.002315698845704,0.015301640794657,0.016998971967944,5544.4013671875,15054.2392578125,31164.841796875,57884.10546875,94870.734375,,-10.529079251691531,-4.292684364911164,-7.16077516504,-8.175030689397094,39.715802488190334,-0.004183090992589,0.9999912508366,4.40727332638681,-0.004075978462062,0.999991693165287,5.812954591373216,-0.001557425225323,0.999998787212598,42.237104077432264,-0.002400419050457,0.999997118990041,,0.0,0.0,0.0,0.0,0.0,,1651.3173828125011,,655.6457709226138,,566.5380935242997,,13.781795698261277,9043.95866394043,1.870379129511647,,0.0,6.06148436144191,428.011773,6.708194255828857,818.0902358188083,390.0784628188083,91.13732084626754,91.13732084626754,True,0.27472553,0.15894797,-0.079589784,0.10979142,0.16814315,-0.093316406,0.029022759,-0.12016156,-0.09183871,0.14743367,-0.037485737
129,Portalegre_27082024,2024,2756,p,2024-08-27 15:15:00,2024-08-27 16:35:00,240.635417,240.690972,airb,1,1,89.25,66.9375,1292.278719,1467.094321,17974.614809,21402.703485,1.583333,1.333333,5,487.66062675070026,-0.340328943788752,-0.940306444740028,21.0,7.0,0.0,0.0,39.705882352941174,36.0,233,25.583333333333332,0.191951989218593,0.262794761607186,0.120438556373119,0.15623877942562,0.209321036934853,0.300277709960939,32.33706054687502,5.356835937500023,18.480055419717914,3942.065584106024,968.1800000000001,4091.763671875,6.112621371554698,49700.45119340549,0.48712158203125,51.98005167878528,968.4373560029165,94.58541397898526,12.607717992768121,-0.997069919742668,0.07649558905159,17.293123020124906,-0.990317077424241,0.138823939440966,,,28.7646484375,19.167816162109375,12.193572998046875,-6.065521240234375,-35.43182373046875,21.372602462768555,35.31189727783203,2.808754205703735,17.18012809753418,43.75632858276367,18.3300761695684,14.734230737030698,24.24093499299926,43.78608600625454,57.29455527329203,-0.993046065247079,0.117726429901255,-0.999501634376449,-0.031567117049346,-0.840777835121154,-0.541380302531395,-0.886475235734981,-0.462776032686018,-0.999997876245981,-0.00206094724042,0.04561889388797,-0.040931804030292,0.017648356747673,0.013282583164201,0.01088919548518,5502.54443359375,15018.9541015625,31132.87890625,57853.1875,94844.125,,-10.471538386512789,-4.487802811038986,-7.130017776975583,-8.185514851465557,40.693184167706676,-0.004360873008438,0.999990491348095,4.206224572681829,-0.004850789783005,0.999988234850031,5.908437787434235,-0.0021326632442,0.999997725871158,44.00278641081636,-0.001824890003743,0.999998334886851,,0.0,0.0,0.0,0.0,0.0,,1638.595751953127,,652.4878188692775,,557.527449626554,,13.875126364366139,9165.038108825684,1.920549941171018,,15.0,7.291720458472828,1467.094321,6.896303176879883,987.6132236089832,-479.4810973910169,-32.68236339870727,32.68236339870727,False,0.23588641,0.19163455,-0.086895846,0.11724164,0.12021645,0.14053656,0.03977363,0.012988193,-0.06725785,0.13129939,-0.052609686
129,Portalegre_27082024,2024,2757,p,2024-08-27 16:35:00,2024-08-27 18:00:00,240.690972,240.75,airb,1,2,32.0,22.588235,198.903335,210.79852,3074.714046,3258.593786,1.416667,1.416667,5,520.7444661458334,-0.865144552039753,-0.501522585808391,21.0,7.0,0.0,0.0,46.05263157894737,36.0,233,25.88235294117647,0.191895100064576,0.262760108381924,0.120361014455557,0.156212839484214,0.209257128834725,0.300254821777346,30.952661132812523,5.975122070312523,20.91298573547656,3540.8168867043496,968.0834375000001,4091.763671875,6.577073975272607,46010.13932944822,0.499702453613281,51.98005167878528,968.4373560029165,94.58541397898526,12.97996452875475,-0.965788061101372,0.259332645523184,19.643665482489492,-0.93499388745407,0.354663827340096,0.001829005554016,0.001829322601725,28.197921752929688,19.122589111328125,12.123184204101562,-5.9346923828125,-35.42436981201172,22.921725273132324,32.296345710754395,2.504934906959534,17.242135047912598,38.19889450073242,20.94563695467677,11.396449678619208,22.506273934777997,44.83000473075949,57.98104454551368,-0.940398182434892,0.340075371753309,-0.999641162966026,-0.026787036116946,-0.861197850541461,-0.508269871448985,-0.862311545157599,-0.506378118689891,-0.999822332172986,-0.018849511616244,0.051591688943787,-0.100081675617309,0.012935239564222,0.000667755912665,0.006993063144397,5481.4375,14985.20751953125,31110.4150390625,57832.0859375,94832.86328125,,-9.902506514633767,-4.503993950212937,-7.051444031062085,-8.21990417901305,53.29880144173919,-0.001171448308871,0.999999313854194,3.099482758653669,-0.005932731193162,0.999982401195436,5.891100999599411,-0.002978821284922,0.999995563302034,58.14697736438716,0.001614873781983,0.999998696090484,,0.0,0.0,0.0,0.0,0.0,,1257.3699707031278,452.47573242187514,671.4004109567234,,556.8731253171798,,15.381853433690537,10507.95841217041,2.080477864930761,1467.094321,95.0,5.355635445418623,210.79852,6.813351631164551,908.9154027373208,698.1168827373208,331.1773169647115,331.1773169647115,True,0.21206625,0.16221257,-0.0821006,0.033110596,-0.014581682,0.13647379,0.027164286,0.022001175,-0.08574469,0.09289397,-0.03317221
129,Portalegre_27082024,2024,2758,p,2024-08-27 18:00:00,2024-08-27 19:00:00,240.75,240.791667,airb,1,2,1.25,1.25,93.098168,47.15939,1439.142507,403.893978,2.416667,1.0,5,541.3001708984375,-0.770216193175408,-0.637782890778973,21.0,3.0,0.0,0.0,0.0,0.0,222,15.04,0.191874950319529,0.262743157220548,0.12033024430275,0.156205210089683,0.20923435986042,0.300239562988283,29.261499023437523,7.320214843750023,25.390421808080724,3040.1911583570454,968.1343750000001,4091.763671875,7.346166619939066,39376.55451010798,0.711372375488281,51.98005167878528,968.4373560029165,94.58541397898526,12.855144577032615,-0.910741829883825,0.412976172799185,22.605674697182742,-0.874043844952809,0.485847051138638,0.005581277558883,0.005583331001715,26.979934692382812,19.473739624023438,12.050994873046875,-5.878662109375,-35.411155700683594,27.950578689575195,28.9014949798584,2.36751663684845,17.752763748168945,33.52628135681152,25.1385409917812,10.602908103052481,20.91580369856196,45.472518160943075,59.42136151855424,-0.867698470482317,0.49709090146838,-0.807883376628754,-0.589342387553214,-0.870285680585088,-0.492547291301606,-0.846003545243722,-0.533177270178553,-0.999487775708246,-0.032002909395593,0.047597313381947,-0.171713605709743,0.006513370904324,-0.001400784624537,0.006317978495011,5490.365966796875,14976.22802734375,31112.142578125,57834.693359375,94843.8984375,,-8.19034943400413,-4.776405693840669,-7.001375388693758,-8.231838685611066,83.14541736882529,0.005623276359902,0.9999841892565,2.271218878234235,-0.006639077566879,0.999977961081673,5.908439638974725,-0.003500804951034,0.999993872163572,84.78193337913629,0.006012411344023,0.999981925291568,,0.0,0.0,0.0,0.0,0.0,,810.3247802734437,441.61464843749286,701.6729778458914,,566.5522489735855,,17.22193625224169,12618.17741394043,2.183906384777003,210.79852,180.0,3.874516134807393,47.15939,6.755543231964111,857.8061541480562,810.6467641480561,1718.9509112566047,1718.9509112566047,True,0.27579024,0.10208793,-0.081659995,-0.0668304,0.006667761,-0.11570114,0.038914584,-0.12601358,0.115267545,0.12288863,-0.042682316
67,PortoMos_06092020,2020,1986,p,2020-09-06 02:00:00,2020-09-06 04:30:00,250.083333,250.1875,sat,1,1,34.25,13.7,289.69045,289.69045,3794.140195,3794.140195,2.5,2.5,4,457.24389826642334,-0.974093625794674,0.226145104271981,21.0,7.0,0.0,0.0,100.0,14.0,236,22.75,0.178535206764935,0.242576495163575,0.073234513401987,0.139290348688763,0.200219191114106,0.276460774739575,17.188216145833355,14.380029296875023,83.57791563376009,322.10800239877017,980.898125,3047.08203125,18.60722280245204,2635.2798815267997,3.599171956380208,38.11936726982446,839.0297806018742,94.00806427942878,8.165372314519493,-0.315563905489272,0.948904326869868,19.373306825489724,0.059263873605727,0.99824235197934,0.000219158181435,0.000218617756271,27.45086669921875,20.161966959635418,6.963623046875,-7.983235677083333,-36.377665201822914,24.325771967569988,35.45727030436198,30.915292739868164,15.509997685750326,27.87485186258952,29.698358470291584,3.618414318646236,8.390841560124295,22.510102320290745,39.420412429146545,0.40538731479147,0.9141450240559,-0.542895627482818,-0.83980017722077,0.098623059154071,-0.995124862619306,-0.999999701290684,0.000772928549652,-0.691110385489276,-0.722749220040302,-0.07830104183642,0.001652713462197,-0.004539928940081,0.003796165839318,0.101729703998799,5586.977864583333,15109.9013671875,31116.084635416668,57628.68359375,94423.42447916667,48.60914760163405,-7.953248658332231,-8.492902171515778,-5.836618565028952,-7.914616579698419,96.74494699126967,-0.419079202048241,0.907949680549869,0.612142033829315,-0.01993359200733,0.999801306215233,2.819484470708375,-0.004595023297346,0.999989442824721,130.0534058825533,-0.692968092477852,0.720968253675297,,0.0,0.2400716145833,0.0,0.2400716145833,0.0,,74.99958190918453,1.674248504639465,940.5400228226275,,718.8829105893823,,27.366318810931272,14945.581118265787,0.548352972868166,,0.0,5.672258955288014,289.69045,5.972336292266846,391.42141172363574,101.73096172363574,35.11712647884517,35.11712647884517,True,0.18959486,-0.26912513,-0.10348266,0.06775406,0.19135064,-0.24397367,-0.050371673,0.050830316,-0.06393911,-0.25095263,-0.08366665
67,PortoMos_06092020,2020,1987,p,2020-09-06 04:30:00,2020-09-06 12:30:00,250.1875,250.520833,sat,1,2,30.25,3.78125,59.262482,62.468513,798.174763,840.460245,8.0,8.0,4,473.7792306673729,-0.999758247388571,0.021987423189908,21.0,7.0,0.0,0.0,100.0,14.0,236,23.0,0.178389697615056,0.242497622864927,0.073767163045707,0.139020408503713,0.200044042244552,0.276417160034171,23.046777343750023,12.967797851562523,57.88020326217017,1462.1754064438956,981.456796875,3047.08203125,13.379306399574917,4526.552291020846,3.566938400268555,38.11936726982446,839.0297806018742,94.0080642794288,2.924190433464659,0.472643868085118,0.881253524226449,7.699435402180794,0.762512076394943,0.646973981974447,0.341535490870146,0.369076270075223,26.203960418701172,19.953941345214844,6.820064544677734,-8.427082061767578,-37.243377685546875,34.692246437072754,37.0096960067749,36.93968749046326,17.235046863555908,29.05776572227478,11.59343744223626,2.324839589238371,8.44319033698744,21.372703627523194,24.524473899013415,0.990068349653377,-0.140586852211145,-0.371446765677161,0.928454253190741,-0.956264081661497,-0.292504711285296,-0.998754408620222,0.049896204882451,-0.906258662544254,-0.422723593573272,0.001408724083831,-0.00576064646937,-7.2138637261e-05,0.014626125938939,0.018787083736202,5632.7012939453125,15150.8173828125,31144.781494140625,57605.63330078125,94282.19921875,17.079017046178706,-6.819678907203288,-8.451418718666567,-5.953878376079911,-8.032206842216752,41.02150719008545,-0.034647349946265,0.999399600330969,1.44149136461114,0.013144030299359,0.999913613502431,3.21265893883045,0.00776845127896,0.999969825127102,52.9388750966448,-0.115131486254826,0.993350260921471,,0.0,0.0299835205078,0.0,0.0299835205078,0.0,,249.92300701141488,125.21756134033055,850.0191154462043,,714.6947187129529,,22.03346684995602,7051.597967743874,1.236672190608362,289.69045,150.0,4.150543924652563,62.468513,4.666712760925293,105.34757729792219,42.879064297922184,68.64108370551766,68.64108370551766,True,-0.32411325,-0.26716694,-0.115140125,-0.19370759,0.047048733,-0.23333733,-0.11270158,0.02395367,-0.23333286,-0.20457695,-0.09679257
67,PortoMos_06092020,2020,1989,p,2020-09-06 12:30:00,2020-09-06 14:00:00,250.520833,250.583333,"airb,fops",2,3,78.25,52.166667,419.794713,419.794713,6287.825148,6287.825148,1.5,1.5,4,513.8455911624204,-0.997601639166094,-0.069216829840169,21.0,7.0,0.0,0.0,100.0,14.0,233,25.333333333333332,0.177788182012736,0.242206910322173,0.073550155013802,0.138241161406042,0.199456982314585,0.276290893554679,32.39431152343752,11.962304687500023,28.805932334026416,3453.8747944317206,981.7959375,3047.08203125,7.490563780415787,26511.6283351838,3.697013854980469,38.11936726982446,839.0297806018742,94.0080642794288,7.663536135119831,-0.608327330146999,0.793686247453125,9.04689312316252,-0.614163884636595,0.789178511369948,3.5092207038e-05,3.7525882994e-05,27.715606689453125,20.26678466796875,6.872756958007812,-8.590591430664062,-37.15082550048828,34.1500244140625,37.30704307556152,36.46315956115723,17.119510650634766,23.453598976135254,4.561881371739196,2.060582200855137,3.89449847716848,22.48706484967617,17.740842991865122,-0.692511852258289,0.721406497393663,0.952082881967625,0.305840131219272,-0.992777065716157,-0.119973737909667,-0.921639872721582,0.388046318124199,-0.933694714162649,0.358070077980176,0.012740568272,-0.071956439134654,-0.079280891259185,-0.053512249704738,0.009216482525087,5692.699951171875,15224.82958984375,31229.5400390625,57698.4375,94326.34375,-20.065228068748016,-8.127747103832814,-8.61882125327027,-6.038303295003725,-7.960832665863236,-14.263566040309385,-0.011402176126653,0.999934993076838,-1.46775717287289,-0.0066441713516,0.999977927249922,2.783312638175632,-0.001615261486801,0.999998695464314,13.114951969795793,0.001491592494062,0.999998887575297,,0.0,0.0,0.0,0.0,0.0,,1111.944787597792,202.97099609380484,728.9354476663236,,710.2692621319611,,13.634168118462412,2304.223954677582,1.579135435982981,,630.0,6.042145097181073,419.794713,6.051224708557129,423.6327630976458,3.838050097645805,0.9142683265870014,0.9142683265870014,False,0.26306412,-0.09574577,-0.08699175,0.0862883,0.0026406727,-0.28741074,0.13010365,0.012373493,-0.29933816,0.1363443,-0.07346892
67,PortoMos_06092020,2020,1990,p,2020-09-06 14:00:00,2020-09-06 15:30:00,250.583333,250.645833,"airb,fops",2,3,185.5,123.666667,650.164228,944.702796,7943.14414,9647.465681,3.0,1.5,4,514.6088951935915,-0.739531617979707,-0.673121821075738,21.0,7.0,0.0,47.85522788203753,51.87667560321716,9.0,233,19.492275132275132,0.177657492138445,0.242142728942998,0.073238030821087,0.138119091093542,0.199341417849062,0.27626190185546,32.37673339843752,12.701440429687523,30.293432922134613,3379.136269716431,981.451875,3047.08203125,7.691646671722285,38844.62565600702,3.490943908691406,38.11936726982446,839.0297806018742,94.0080642794288,11.549750275701827,-0.592413693913707,0.805633921370939,13.520464807681902,-0.552350754700841,0.833611806407161,6.442339825e-05,6.6283728479e-05,28.124099731445312,20.356719970703125,7.374832153320312,-8.454376220703125,-37.23664093017578,33.57100868225098,37.57441329956055,29.052167892456055,15.654222965240479,24.488194465637207,8.766116687301555,2.385421003133638,2.887413259061931,21.33493173851872,20.280964980430692,-0.581768184875596,0.813354645321802,0.997039348357981,0.076893028460924,-0.965271589192253,-0.261248462384495,-0.872643891236332,0.48835708153759,-0.807193150290678,0.590287402985877,0.012530654930395,-0.090462207317583,-0.099029823799388,-0.059955140899757,0.037635873694558,5666.147705078125,15208.08740234375,31223.8837890625,57705.14453125,94340.625,-18.39065279279505,-8.475339882286695,-8.353616481233612,-6.181168442934864,-8.022721121140407,-11.113784208463207,-0.002021540284639,0.999997956685351,-3.124304518290698,-0.007960055744677,0.999968318254404,1.909746601951171,-0.001504469201494,0.99999886828557,24.489115911241065,0.003005055956259,0.999995484809156,,0.0,0.0,0.0,0.0,4.5e-14,,1080.5543884279334,265.7517944335218,736.856976491038,,706.2106395947096,,13.726032590465849,4387.0861530303955,1.525139230900608,419.794713,720.0,6.851928350557225,944.702796,7.055294990539551,1157.9793087892656,213.27651278926555,22.576043353772985,22.576043353772985,False,0.2680514,0.106288254,0.13255726,0.14038385,-0.013361437,0.1493576,0.12397268,0.10841214,-0.122373514,0.134254,-0.1016581
67,PortoMos_06092020,2020,1991,p,2020-09-06 15:30:00,2020-09-06 17:30:00,250.645833,250.729167,"airb,fops",2,3,221.25,110.625,876.884002,1218.324516,8526.500645,12228.814919,5.0,2.0,4,480.1098527746319,0.69657826466138,-0.717480815911715,21.0,7.0,4.624277456647398,21.15606936416185,74.10404624277457,16.0,236,19.186999999999998,0.177469437174498,0.242039738082447,0.072852345556023,0.137940563261511,0.19916979819536,0.276203918457023,30.034204101562523,14.098657226562523,37.93993528638853,2641.1289160510983,980.9725000000001,3047.08203125,8.950530918219812,44982.91571043989,3.132820129394531,38.11936726982446,839.0297806018742,94.0080642794288,17.066926483085588,-0.511535605712264,0.859262081142062,21.30640551050748,-0.446947508059803,0.894560185252581,0.000947890021515,0.000949022067855,27.697341918945312,20.590606689453125,8.324966430664062,-8.0797119140625,-37.4898681640625,35.32879066467285,37.758562088012695,18.174019813537598,12.633464336395264,33.935566902160645,18.534856573667817,1.095421582672967,2.451921795899875,19.46770935959985,27.96356223482118,-0.43501865128353,0.900421441901212,0.910686832965589,0.413097436766564,-0.973911693249626,-0.226927331433759,-0.627772349019484,0.778396992418752,-0.495987383635477,0.868329727277855,-0.030552143298652,-0.076721897480634,-0.017785844831784,-0.055694867960335,-0.032707611736069,5615.773193359375,15165.3232421875,31200.8818359375,57713.21484375,94353.79296875,-10.604082026417558,-7.754480710186333,-7.892723774850763,-6.405884470339252,-8.19773857632753,9.731026312341937,0.002992417734571,0.999995522708028,-5.136655279422143,-0.008340047141134,0.999965221202059,0.636766942853923,-0.000593189614795,0.999999824063025,55.43061167666101,0.005986993168192,0.999982077795799,,0.0,0.0,0.0,0.0,2.649999999999483,,584.1270568848831,258.939025879079,777.1607787856665,,710.1707033519622,,15.887287170042029,9283.5693359375,1.597263981909502,944.702796,810.0,7.106052308982635,1218.324516,6.972214221954346,1065.581786667622,-152.74272933237785,-12.537113661133766,12.537113661133766,False,0.21022207,0.19790041,0.07631132,-0.0036721672,-0.017138049,0.059766576,0.021688422,0.14585735,0.121712916,0.028774276,-0.10050193
67,PortoMos_06092020,2020,1993,p,2020-09-06 17:30:00,2020-09-07 00:00:00,250.729167,251.0,fops,2,4,122.25,18.807692,853.876077,131.36555,11890.728029,1829.342774,1.0,6.5,4,492.6078475050916,-0.853011898661715,-0.521891464522593,21.0,7.0,0.0,0.0,100.0,9.0,233,24.778688524590162,0.177382929495402,0.241989419098479,0.072258084799565,0.137978015414308,0.199096500447816,0.276172746930795,23.28233816964288,14.050927734375023,56.74140955367631,1272.3703199311526,981.8090178571429,3047.08203125,12.888552191851488,13692.341357707712,2.818963187081473,38.73461448649062,840.1302414514541,94.04800303701965,10.206768214504484,-0.367751809269512,0.929923979032157,18.530202360413707,-0.199547264562067,0.979888202401578,0.002248671758129,0.002314938269134,27.19110107421875,20.808707101004465,9.170780726841517,-7.218000139508929,-37.48415919712612,32.69160515921457,33.266011646815706,13.641843795776367,8.689594336918422,24.890230178833008,27.222296164997513,4.709547683315176,6.198704007548471,19.89083166098681,54.64200624786671,-0.079058337166561,0.996869991184637,-0.097076212412202,0.995276950895428,-0.231241429884938,0.972896397929795,0.272509820970536,0.962153001073429,0.591925230652364,0.805992879197543,-0.106099059906502,-0.041655550335101,-0.032832006495906,-0.049756157526929,-0.179127368285729,5667.914899553572,15210.66294642857,31253.420479910714,57816.685267857145,94532.27678571429,17.89208400200523,-6.964119156249494,-7.488800930509852,-6.39967664305321,-8.436339390882813,79.28104442182332,-0.108163084724507,0.994133163667161,-0.901604635720978,-0.005627377042338,0.999984166188457,2.116591231880885,-0.015451088315512,0.999880624809715,104.48761140880572,0.048616500655546,0.998817518801112,,0.0,0.0171770368304,0.0634765625,0.0806535993304,0.0,,168.57753274101043,42.30290527343846,857.0245097501204,,691.0185524108272,,22.605599221753128,13692.271913800922,1.224594325156122,1218.324516,930.0,4.885567413271335,131.36555,4.8767595291137695,130.20480890974505,-1.1607410902549589,-0.8835962626845156,0.8835962626845156,False,-0.30578005,-0.17806026,-0.11427532,0.025241444,-0.00547927,-0.23753801,-0.02448527,0.048842996,-0.043442577,-0.18725732,-0.16336079
67,PortoMos_06092020,2020,1994,p,2020-09-07 00:00:00,2020-09-07 03:30:00,251.0,251.145833,sat,2,4,36.25,10.357143,235.059012,152.025886,1776.001428,1006.828184,4.5,3.5,4,497.57738095238096,0.999997382225565,0.00228813068195,22.0,2.0,0.735294117647059,0.0,89.70588235294117,20.0,232,8.50027027027027,0.177373050685971,0.241976449562547,0.071670593321326,0.138151123747231,0.199089407175777,0.276158142089835,19.418664550781273,14.779748535156273,74.75861590732927,576.0569477811016,982.0187500000001,3047.08203125,16.964270706001884,4635.398567034081,2.431411743164062,42.42609778648758,846.733006548934,94.28763558256483,8.044193607273716,-0.50874905440028,0.860914862019945,14.290611253985766,-0.307611717548519,0.951511971142166,0.001005378074166,0.001004681632852,27.333572387695312,20.59668731689453,9.733863830566406,-6.939857482910156,-37.385719299316406,31.68638801574707,33.03807258605957,11.150236368179321,10.806463718414307,36.59650707244873,20.239883078375648,4.391750493526422,18.886232824521315,21.66114681930199,65.76430309709285,0.093671743543206,0.995603136024378,-0.510726290804319,0.859743366290931,0.019329525758441,0.999813167263741,0.256328113124103,0.966589829463479,0.800054483093133,0.599927349003678,-0.083904057185178,0.024010484241182,-0.073871980669823,0.010257799746249,-0.177620884479657,5701.77587890625,15238.249755859375,31280.56787109375,57867.2763671875,94659.7734375,36.96642320940463,-7.350920449585939,-6.990035854925175,-6.510943413840184,-8.486429442274416,61.32909930907402,-0.412593808555867,0.910915116320596,4.75681526765595,-0.016483279992181,0.999864141511585,2.962665541130726,-0.017987045710271,0.999838220006925,90.27328054086335,0.055235880045102,0.998473333422402,,0.0,0.3372192382812,0.1336669921875,0.4708862304687,0.0,,62.34212646484961,5.899899291993755,916.5787579322032,,686.8854970857129,,26.394173890590444,10122.43366241455,0.775832405362358,131.36555,1320.0,5.030607096623982,152.025886,5.340634822845459,207.6451209453644,55.61923494536438,36.58537135272106,36.58537135272106,True,0.07975704,-0.2304093,-0.10544383,0.0126019055,-0.0035472256,-0.0010235475,-0.016018342,-0.19530632,-0.064889185,-0.31410405,-0.18750665
67,PortoMos_06092020,2020,1996,p,2020-09-07 00:00:00,2020-09-07 03:30:00,251.0,251.145833,sat,2,4,37.25,10.642857,201.600503,138.829254,2394.599991,981.539796,4.5,3.5,4,505.3724662162162,0.973391102043811,-0.229150087196003,32.0,7.0,0.0,0.0,83.47826086956522,20.0,233,22.050833333333333,0.177373050685971,0.241976449562547,0.071670593321326,0.138151123747231,0.199089407175777,0.276158142089835,19.418664550781273,14.779748535156273,74.75861590732927,576.0569477811016,982.0187500000001,3047.08203125,16.964270706001884,4635.398567034081,2.431411743164062,42.42609778648758,846.733006548934,94.28763558256483,8.044193607273716,-0.50874905440028,0.860914862019945,14.290611253985766,-0.307611717548519,0.951511971142166,0.001005378074166,0.001004681632852,27.333572387695312,20.59668731689453,9.733863830566406,-6.939857482910156,-37.385719299316406,31.68638801574707,33.03807258605957,11.150236368179321,10.806463718414307,36.59650707244873,20.239883078375648,4.391750493526422,18.886232824521315,21.66114681930199,65.76430309709285,0.093671743543206,0.995603136024378,-0.510726290804319,0.859743366290931,0.019329525758441,0.999813167263741,0.256328113124103,0.966589829463479,0.800054483093133,0.599927349003678,-0.083904057185178,0.024010484241182,-0.073871980669823,0.010257799746249,-0.177620884479657,5701.77587890625,15238.249755859375,31280.56787109375,57867.2763671875,94659.7734375,36.96642320940463,-7.350920449585939,-6.990035854925175,-6.510943413840184,-8.486429442274416,61.32909930907402,-0.412593808555867,0.910915116320596,4.75681526765595,-0.016483279992181,0.999864141511585,2.962665541130726,-0.017987045710271,0.999838220006925,90.27328054086335,0.055235880045102,0.998473333422402,,0.0,0.3372192382812,0.1336669921875,0.4708862304687,0.0,,62.34212646484961,5.899899291993755,916.5787579322032,,686.8854970857129,,26.394173890590444,10122.43366241455,0.775832405362358,131.36555,1320.0,4.940422063988825,138.829254,5.454102993011475,232.7151329076927,93.8858789076927,67.62686984379582,67.62686984379582,True,0.08903838,-0.24051641,-0.09620881,0.04378492,-0.0011055683,0.005980217,-0.0091248425,0.12663285,-0.08082769,-0.28938866,-0.17801371
73,ProencaaNova_13092020,2020,2124,p,2020-09-13 13:30:00,2020-09-13 15:30:00,257.5625,257.645833,"airb,fops",1,1,299.5,149.75,1685.120998,1685.120998,26825.999418,26825.999418,2.0,2.0,4,580.4769326683291,-0.693038043682606,-0.720901012628354,21.0,6.0,0.0,0.0,100.0,17.0,4,28.035436241610743,0.170559813414511,0.237917520236282,0.097282741814852,0.142043722271919,0.18600116640329,0.273556518554679,34.03981933593752,6.230859375000023,17.85152554637388,4369.564395039419,968.828125,4227.37109375,5.858122489620348,75827.33556605552,3.166358947753906,71.67786319306393,1043.2139928085764,96.46971950253078,17.262655904887794,0.266280413549736,-0.963895607086048,24.159919415481426,0.35670084404082,-0.934218661695733,0.005251592424256,0.005251607439582,29.9091796875,20.169998168945312,7.8372802734375,-9.891067504882812,-37.28253936767578,23.30612850189209,37.50357246398926,66.48479270935059,77.9185905456543,80.26015090942383,23.59083622178567,31.52476856127425,57.829492890150966,52.8141039795822,55.01905063654089,0.340623230071563,-0.94019988041672,0.375740289803499,-0.926725004852239,0.135877296119098,-0.990725673634918,-0.243004013023392,-0.970025282997576,-0.575860311182868,-0.817548103786175,0.17812534144562,0.235074976947691,0.103584570734836,-0.019977147723054,-0.008471906881965,5839.1240234375,15395.61474609375,31396.7392578125,57731.375,94405.97265625,,-10.626862093472422,-7.935887054298122,-6.922765892232336,-7.635053810773551,50.58073174507953,0.002760765265551,0.999996189080313,15.375680971936749,0.001549863076572,0.999998798961501,6.736392699098612,0.002070417693588,0.99999785668299,67.58447864619916,-0.000268029056758,0.999999964080212,8900.642558593994,60.8494873046867,0.0,8.3090209960892,62.1800537109357,0.089999999999932,,2555.8259716797274,183.08446289061203,645.975274287862,,593.7814362162638,,9.345577847080747,11849.61748123169,1.081055728712122,,0.0,7.430185902297517,1685.120998,7.288670063018799,1462.6228760619908,-222.49812193800926,-13.203688174444626,13.203688174444626,False,0.23389582,0.3538225,-0.063065715,0.010124059,0.16464025,-0.26672712,-0.031122753,0.008018173,0.2220117,0.10674706,0.25254852
73,ProencaaNova_13092020,2020,2125,p,2020-09-13 15:30:00,2020-09-13 17:30:00,257.645833,257.729167,"airb,fops",1,1,725.0,362.5,1630.781911,1605.687198,24878.467892,25470.46669,4.0,2.0,4,637.4840388619015,0.984869667855504,-0.173296674342553,22.0,6.0,0.0,0.0,100.0,17.0,4,29.42977961432507,0.172678946988494,0.243539844419932,0.097083221037652,0.142406094350496,0.188858113475353,0.281032382743445,32.62232703706472,7.231724353355959,20.75744572724349,3899.6098283135657,964.3974826448928,4670.140522796364,6.389265023744156,60606.653483334274,3.891954642718893,70.64705626381468,1014.1302903450091,96.26503860568471,15.403170348791086,-0.071459762494476,-0.997443483283255,23.36035888669262,0.063546455829672,-0.99797888151578,0.006314771793108,0.006329711405387,30.224369464594126,20.774375295860473,6.990466010422688,-9.718002582217867,-37.4813063895286,24.300467951342256,36.851183072227926,68.98090694033695,64.53961353489822,104.39913943324981,21.83138972593883,29.656582731553055,51.72445209415107,59.09018757337337,60.34724039244209,0.056991897706901,-0.998374640901784,0.165088753416405,-0.986278714915524,0.290235247002964,-0.95695532884097,-0.215349174722837,-0.976537112938465,-0.313079896966244,-0.949726791301375,0.122372830565856,0.16194398694598,0.187333547651847,-0.119185921679016,0.430737245608158,5773.648696937416,15348.050676118391,31363.542467699,57707.351423385684,94374.89292784,,-10.311316677271888,-8.869703189738068,-6.524511924682381,-7.738697635361669,184.6089765117884,-0.003179727334006,0.999994944654262,13.720314991209632,-0.001699463711247,0.999998555910504,8.24770200455741,0.00092093785109,0.999999575936647,72.21436011264338,-0.002003507140358,0.999997992977555,7257.693126060618,100.0,0.0,0.7231753133332,100.0,0.0,,2583.372970388551,141.25026771510602,665.696841355709,,631.8775343447129,,10.428660424978862,10994.248151582558,0.820952887668197,1685.120998,120.0,7.381929697133062,1605.687198,7.092864036560059,1202.3493063671729,-403.3378916328272,-25.119331594298927,25.119331594298927,False,0.22987187,0.36421204,-0.063065715,-0.07105641,0.03199382,-0.27849358,0.001130734,0.023340592,0.2098849,0.11458947,0.2392888
73,ProencaaNova_13092020,2020,2126,p,2020-09-13 17:30:00,2020-09-13 19:00:00,257.729167,257.791667,"airb,fops",1,1,962.75,641.833333,1771.840962,2161.930668,28480.649826,36003.010437,5.5,1.5,4,672.1294041450777,0.997847519349453,-0.065576887148919,22.0,6.0,0.0,0.0,83.34650856389987,17.0,4,29.39385177453027,0.175491535954594,0.250456557773909,0.096748179465177,0.142847119811636,0.192668428099428,0.290120590482541,28.859591638808375,11.647298617085488,35.443657912082486,2597.9673667705633,959.9754456107196,5171.403717626327,8.733490996338215,32787.49901686622,3.046322230439984,69.27517610076833,979.6550146710945,96.01610980379893,11.791072495541593,-0.761855897084726,-0.64774654925922,20.897365023585234,-0.807082070602764,-0.590439269791192,0.065439673633655,0.065441497844948,27.44271355487148,19.466242908946047,7.37359844806608,-9.885210427664482,-37.43179009619192,39.76711737391706,49.05603281816239,61.350963660709795,60.49937594692382,95.07451825404526,19.70294602448821,25.033639862180145,52.78177118234168,64.71676349284621,64.03434963058498,-0.79531387298541,-0.606197858324283,-0.069272719094274,-0.997597759815691,0.462161020757133,-0.886796025528264,-0.088375836512545,-0.996087200761413,-0.32895118864682,-0.944346925386981,0.067542838670208,0.266731337647398,0.035235595314281,-0.08198321123213,0.281048559589993,5811.901268714543,15326.609577444166,31346.005573784543,57682.326319014915,94377.99523778349,,-8.703488417932238,-7.781404021597117,-6.739415027246514,-7.678288305406982,637.3451970757287,-0.060093245065483,0.998192767904827,15.747197575348206,-0.010121357765675,0.99994877774663,10.106640072837276,-0.002997094266722,0.999995508702892,87.68970494688338,-0.003068912800936,0.999995290876022,6419.071855196995,98.1580941243924,0.0,1.4248537320163,98.1580941243924,41.3355684859545,,1013.1544274638252,585.5633292447878,746.9231222210989,,678.5430824636662,,12.736299664177169,18126.7506815346,1.493999850568771,1605.687198,240.0,7.679219371810111,2161.930668,6.754819393157959,857.1847418550195,-1304.7459261449803,-60.350960623172966,60.350960623172966,True,0.2135766,0.12044854,-0.087381035,-0.061780937,0.035733894,0.022540053,0.0739977,0.045251176,0.037146226,0.043957047,0.26226187
73,ProencaaNova_13092020,2020,2127,p,2020-09-13 19:00:00,2020-09-14 02:00:00,257.791667,258.083333,"fops,sat",1,2,6931.0,990.142857,1458.272555,1461.660055,21393.891374,21571.570263,7.0,7.0,4,600.7247865095666,0.719820735147179,-0.694160002630643,22.0,6.0,0.962976472733905,0.0,85.93470727703811,17.0,4,27.58071943483276,0.176373244957961,0.25172482595883,0.09734060934849,0.143260762817257,0.193714780711032,0.29159338733495,23.211842174968297,15.873231286151986,64.4548117191404,1058.8042639000396,961.0685864743273,5197.2025732974635,14.58052949692502,8131.6317973826135,2.33710428268064,55.19996576182229,980.9423228534567,92.86202653140141,5.20909772872728,-0.999010929184156,-0.044465305245883,9.65018829194815,-0.982305599562502,-0.187285101030897,0.154923266957683,0.257852586319719,22.166506248772983,18.239507866476295,7.565299301115012,-10.65608821637214,-37.6751231434233,69.74846302664935,47.832679059090005,52.653462474958445,78.1274730084974,73.14257782069535,9.804617128364587,48.844619179641064,62.84529188008989,74.26311827242488,67.43537283461905,-0.954774417793977,-0.29733114725197,0.041261175237841,-0.999148395093538,0.30262664850987,-0.953109181369943,-0.045094883675921,-0.998982708291918,-0.024957287866797,-0.999688518380767,-0.019852795912115,0.093907300056816,0.223572143311299,0.03846818854368,-0.103597835271701,5928.47549105058,15335.904137053845,31341.736785024328,57622.75493233836,94257.67231941567,-11.20043673194008,-4.284925809263409,-6.868665470697585,-7.115293629870317,-7.531241351926791,595.3052876269596,-0.58731897962834,0.809355556086647,22.863827511172747,-0.011610744333659,0.99993259303616,13.45518526160445,-0.004483498614273,0.999989949069577,48.80131270830377,-0.015202635691296,0.999884433256183,4785.306292631514,87.1885902715525,0.081377435403,27.4670185065993,91.0145450591366,130.76312480063018,,389.51011344878106,112.40370555674285,863.1488029966704,,759.5469762885332,,17.292529528447247,11148.755652318006,0.947996813171184,2161.930668,330.0,7.288012012434206,1461.660055,5.615458965301514,273.6394002286614,-1188.0206547713387,-81.27886170983435,81.27886170983435,True,-0.23943588,-0.20042604,-0.11764262,-0.14518896,0.029374577,0.0028737753,0.122694835,0.027512882,-0.121032886,-0.12401497,0.31361735
73,ProencaaNova_13092020,2020,2129,p,2020-09-14 02:00:00,2020-09-14 11:30:00,258.083333,258.479167,"airb,fops",1,3,1820.0,191.578947,422.324262,424.827796,4498.243044,4327.289706,9.5,9.5,4,657.8047926393848,-0.960423772167656,-0.278542955134843,21.0,6.0,0.272323348143901,0.0,72.62433710763939,29.0,227,19.622543668122272,0.178603984539375,0.258343824543012,0.099469830275008,0.143077453651986,0.196659487712788,0.300534216079328,20.966139407819508,15.75067281563446,72.39490624908477,696.9938478800614,957.2604984715402,5623.37080973761,16.378887290819787,7414.876049481332,1.106409369116993,29.25216046903852,938.1666481195855,86.58440442632215,8.909079969968893,0.416845349009288,-0.908977422717047,13.589208934340167,0.304584895649491,-0.952485192190508,0.048508892436709,0.048529729127716,20.04266273566682,13.881979766621365,5.669161028387376,-11.759319616282983,-39.595648759529894,77.22757398732435,79.15869430730302,60.31195864746559,27.609614884902932,64.70544405688321,12.630854660525243,45.453205261575576,62.3760486828386,80.24485657301642,97.31918256649622,0.284552215250926,-0.958660543047324,-0.023821172614849,-0.999716235606511,0.043212921915086,-0.999065885404742,-0.084027274817159,-0.996463454968019,0.035736931462786,-0.999361231852439,0.037564015855462,0.089333073734627,0.181640219500008,0.04699506036134,-0.025007000196439,5951.4567179697015,15258.308517802676,31114.73822549098,57220.73522637745,93580.06657003991,,-6.722200237147446,-5.284804408587701,-6.80567037994935,-7.759052597381066,194.18821089455182,0.134609671763334,0.990898701315007,22.11421450080662,0.002814770236558,0.999996038526411,14.328230826143226,0.001773140615307,0.999998427984944,55.48583720799161,0.019485103176222,0.999810147355093,1504.3891561309672,28.0527291672022,35.1786877066289,15.6749691426071,64.9031905475251,113.56262309889784,-54.71116582282102,710.7329718810527,129.4490143341648,886.1013248024461,,845.1707553905893,,17.377835434414052,9017.563591353917,0.406601600230115,1461.660055,750.0,6.054035029802698,424.827796,5.30804967880249,200.95596504345386,-223.87183095654612,-52.697077042610964,52.697077042610964,True,-0.45099148,-0.1973455,-0.12493595,-0.10293252,-0.008439958,0.12340866,-0.09059941,0.07156923,-0.06403466,-0.31432804,0.3347874
73,ProencaaNova_13092020,2020,2130,p,2020-09-14 11:30:00,2020-09-14 16:30:00,258.479167,258.6875,"airb,fops",1,3,60.0,12.0,161.405115,165.01761,2472.987642,2361.701594,14.5,5.0,4,604.3253600823045,0.755709901289823,0.654906516300247,22.0,6.0,0.0,0.0,100.0,17.0,233,28.267377049180325,0.182754625931379,0.266990704731333,0.106541900932788,0.143264226317405,0.201682229638096,0.311560058593742,25.55957031250002,14.435742187500022,50.42801870257367,1623.606375145349,957.4493749999999,5637.69140625,11.07139747489487,22965.284514223567,1.88160400390625,27.22257976475212,917.254189073015,85.79693259848429,13.417175771391,-0.373712860889076,-0.927544445083955,17.78308267291296,-0.233322626507327,-0.972399378835529,0.060928008193152,0.061328608097663,23.719952392578126,14.149530029296875,4.386322021484375,-13.680621337890624,-42.19301147460938,54.987037658691406,84.7451400756836,52.34430694580078,37.21291389465332,80.18897933959961,14.664875955920795,22.171752365233274,42.62821467561747,64.72409910143648,85.90126820328838,-0.227395006446281,-0.973802603736145,-0.156078751350558,-0.987744614450947,-0.227422849500763,-0.97379610161725,-0.404885857181272,-0.914367236210149,-0.273726524339776,-0.961807563846774,0.082975787006885,0.156602964892787,0.093833511299505,-0.036799730881049,-0.031378215487287,5916.83330078125,15293.630859375,31095.419921875,57063.95234375,93113.7265625,,-10.442721335166905,-6.282452634860068,-7.054984526991547,-7.947496726647955,-33.75479431001757,-0.000108071858253,0.999999994160237,11.741745418778057,-0.000379853349918,0.999999927855714,10.182247902171884,0.000474302698687,0.999999887518469,48.43508177128446,-0.000647214691505,0.99999979055655,1131.7429663086284,15.220336914062798,19.5401611328123,21.7021484374985,40.2758789062494,667.839999999997,-54.72130371094217,1529.6224560547003,163.95634765624527,812.8550298055777,,828.7135806594858,,11.133344264808454,15224.705123901367,0.29121980686189,424.827796,1320.0,5.1120938670673475,165.01761,6.0696845054626465,431.54419471458255,266.52658471458255,161.51402551193328,161.51402551193328,True,-0.12906256,-0.08550795,-0.10693029,-0.084281735,0.013400199,-0.3234567,0.01364537,0.018878745,-0.029480852,-0.018372504,0.31809297
73,ProencaaNova_13092020,2020,2132,p,2020-09-14 11:30:00,2020-09-14 16:30:00,258.479167,258.6875,"airb,fops",1,3,1017.75,203.55,369.03653,479.544431,4432.909606,4707.927456,14.5,5.0,4,678.063492063492,0.980671346483101,0.195662234953558,22.0,6.0,0.0,0.0,57.27464417501318,29.0,227,22.542306182531895,0.17935588399673,0.261114913273048,0.10666816464486,0.141864320221509,0.197357785034824,0.304373658921894,25.546068606302697,13.890505900350046,48.85641197271256,1675.9488724628868,954.9794755608557,5820.214693139241,10.862152343713213,23935.660031929925,1.823500562391676,27.718430968563403,913.3625797390316,86.04829259827669,13.55103063505381,-0.427042532995214,-0.904231538386619,17.23523788819046,-0.293220493562238,-0.956044843171657,0.058704486858127,0.058176606792738,23.551893544451723,14.007780604068582,4.36077947928523,-13.743522224433026,-42.23108539315889,54.57790841235503,85.29324099664481,50.520486921523286,38.943620340441065,81.48598414773821,15.19688305887043,21.076710000441008,42.713368616421135,64.734348296521,85.50028716234159,-0.292408045169213,-0.956293644818536,-0.204166908034495,-0.97893609273723,-0.217755660575844,-0.976003315715258,-0.412591246557243,-0.910916276758924,-0.288157683193042,-0.957582972706187,0.078799386203921,0.146151814259865,0.086671739347965,-0.025917998776878,-0.033520374156966,5917.963071037247,15290.700299691092,31090.375699283963,57055.3550865346,93096.19936471092,,-10.41401393215112,-6.207675549511569,-7.069572636117317,-7.940576498427525,-39.35122801436436,0.001918121955661,0.99999816040239,11.97951991067855,-0.000948602077986,0.999999550076948,10.277214145619816,0.000265186033464,0.999999964838183,46.19150631071485,-0.001656260546987,0.99999862839956,1241.8559986097418,15.8084374973467,18.5221114807661,18.455480013220598,38.8136073785668,604.8228218406633,-82.94711821244445,1545.5723875684314,157.0157157503248,804.5301406553297,,824.5265373973834,,11.163738085642043,16106.056843854743,0.359515000089166,424.827796,1320.0,6.174919692397648,479.544431,6.317671775817871,553.2809985847397,73.7365675847397,15.376378666513949,15.376378666513949,False,-0.07938997,-0.074990086,-0.10421276,-0.08688099,0.028659126,0.18508753,0.027988838,0.09462999,-0.022396002,-0.014958559,0.3570112
73,ProencaaNova_13092020,2020,2134,p,2020-09-14 16:30:00,2020-09-14 19:00:00,258.6875,258.791667,"airb,fops",1,3,879.75,351.9,356.196925,853.510479,4164.209125,10446.790452,17.0,2.5,4,537.2615903343636,0.873007087524724,0.487707520068739,22.0,6.0,0.0,0.258695027306697,75.85513078470825,29.0,227,19.421993166287017,0.181298531368155,0.264678225756784,0.107165848210661,0.142525844012884,0.199814576042643,0.308794466174048,23.668639920869325,11.353325006426772,46.393251877212215,1580.6328653439193,955.6500765111115,5739.695871062725,10.719831759459504,17238.48230534379,2.14434525326433,27.218991914807592,911.0161252381482,85.82203762866699,10.378711199489416,-0.995346658773118,0.096358854648597,15.149719937612335,-0.999180069061901,0.040486906395203,0.036754891649273,0.03638589085922,22.93885034738406,14.371009735850235,4.082319229321572,-13.246456650400944,-41.38404519122676,49.928390441782454,73.21099903215905,54.68769361669476,46.17210673073413,54.30558837724754,12.18256184313052,13.16046226861025,42.67210813567313,61.59391829962968,58.853495581947286,-0.999531666052218,0.030601447006252,-0.7833807155505,-0.621542158267311,-0.320669886568566,-0.947191017613714,-0.558479042457402,-0.829518630975738,-0.521050877249343,-0.853525619602417,0.040077678339806,0.182223330666787,0.017063987394785,-0.01808576458865,-0.060602443671424,5834.3375407367685,15198.280051301137,30981.935720538673,56957.95029941727,93011.79108617228,,-9.348758973652876,-6.620591380443538,-6.766736534860972,-7.843025146320305,-39.421266338740956,0.002509958731825,0.999996850048621,12.884022427351846,-0.00896128119581,0.99995984691353,10.060851872187833,-0.003427739611136,0.999994125283323,55.285187110397715,0.002055704349076,0.999997887037582,1599.9120846790765,19.5954282834759,7.246169582883801,11.4063363891341,30.259791911580503,65.33612721093837,,1113.0827147435214,504.46432916486486,796.7636945851523,,754.1209951093429,,12.515213048558033,13448.731900771205,0.870762143445288,479.544431,1620.0,6.75052876579233,853.510479,6.3761444091796875,586.6575669831929,-266.8529120168072,-31.26533517543458,31.26533517543458,False,0.1589795,-0.13056102,0.041652888,-0.041410558,0.046456695,0.08128604,0.06298349,0.09588605,-0.06600515,-0.045303084,0.12582377
73,ProencaaNova_13092020,2020,2135,p,2020-09-14 16:30:00,2020-09-14 19:00:00,258.6875,258.791667,"airb,fops",1,3,77.5,31.0,193.809051,399.229425,2671.431438,6408.383922,17.0,2.5,4,479.1555947580645,-0.443714339364602,0.896168279422026,32.0,6.0,0.0,0.0,89.03225806451613,17.0,233,25.863333333333337,0.182675882910686,0.266906245472172,0.10701938321193,0.143226301670074,0.201537503798799,0.311472574869784,23.80743815104169,11.437402343750023,46.181736205933184,1597.390092944229,957.0570833333335,5637.69140625,10.677608836490876,16692.446414996,2.180002848307292,27.222579764752115,917.254189073015,85.79693259848428,9.94524399072472,-0.997682147573884,0.068046545925296,14.541416170371464,-0.999999737518319,-0.000724543507228,0.036934103594552,0.036458987616776,23.124766031901043,14.44342041015625,4.083414713541667,-13.235758463541666,-41.42466735839844,49.141466776529946,72.99711100260417,55.012908935546875,46.068684895833336,56.05349604288737,11.03238770993545,13.42136966136438,43.00769585318179,61.46147096139746,59.935648077092026,-0.999697451116553,-0.02459687441664,-0.800806841397227,-0.59892270183338,-0.31598432168541,-0.948764411457877,-0.558090300889216,-0.829780221536634,-0.489683768327951,-0.871900112992387,0.031657129192351,0.190842382224051,0.019367998245531,-0.012995063086902,-0.043230350738923,5831.28125,15199.661783854166,30983.942708333332,56961.365885416664,93016.63020833333,,-9.472609431530893,-6.666481450951339,-6.762986762849784,-7.857330097385987,-31.818065545932807,0.00566038630291,0.999983979885129,13.155818478829232,-0.008693953221724,0.999962206874529,10.105985218684808,-0.003293213447418,0.999994577357892,53.93949394235954,0.00199545130555,0.999998009085062,1512.851220703206,21.297403971354502,8.0737304687486,12.730305989583602,32.7899169921872,74.34999999998757,,1133.7194539388347,502.7376037597765,797.254447724055,,752.3278295941163,,12.366561046801232,12874.077351888021,0.844557329112202,479.544431,1620.0,5.99203794518388,399.229425,6.299605846405029,543.3573074458201,144.1278824458201,36.10151792940115,36.10151792940115,True,0.16278817,-0.12846594,-0.095023215,-0.052770734,0.032563247,-0.0051955963,0.080560304,0.01138312,-0.084118426,-0.040375177,0.12631461
20,Resende_17082017,2017,284,p,2017-08-17 02:30:00,2017-08-17 12:30:00,229.104167,229.520833,sat,1,1,78.0,7.8,145.673071,145.673071,1986.313021,1986.313021,10.0,10.0,1,914.9144841269841,-0.530737633849448,0.847536172688747,22.0,7.0,0.0,12.698412698412698,87.3015873015873,16.0,233,24.982727272727274,0.206919031531215,0.279677598209736,0.130358123898505,0.162194889128208,0.227406994640828,0.318174194335937,20.249340820312522,13.981152343750022,71.24728958748577,866.9387088136798,947.0146875,6609.04443359375,15.972761757527403,4257.160640495096,1.096513366699219,34.178788884989224,632.1589242785885,91.35458664401654,2.855706502546564,-0.714996469888832,0.699128062694174,5.433707477689585,-0.493197441342462,0.869917400592291,0.08376990200593,0.10579060675909,20.595013427734376,17.517242431640625,9.324215698242188,-5.818453979492188,-33.867578125,70.86377754211426,47.11954574584961,31.080038356781007,15.409515428543092,24.50224885940552,3.707963528241611,17.92638610134165,14.785417268712283,30.159067208324483,52.43681528699311,-0.61662818214068,0.78725452363888,-0.175085676917833,0.984553201070528,-0.951138896679618,0.308763338534677,-0.999255767710586,0.03857344549203,-0.964170883765518,-0.265281938508485,0.008356755611751,-0.02806231630569,-0.051492697345389,-0.005571496647753,-0.018259449309936,6069.09580078125,15452.86611328125,31483.8048828125,58106.286328125,95272.95078125,,-3.358295342217969,-5.272068601583614,-5.913081042473349,-7.818366726284543,-3.969428847317921,0.07143421232767,0.99744531344286,4.934423224993161,-0.003927689508981,0.999992286597812,5.537041575535259,-0.00294984475468,0.999995649198497,24.799143009274786,-0.077505192425619,0.996991948386278,,0.0,0.0,0.0,0.0,0.0,,314.98760464477516,169.38803023020395,865.9490379093911,,707.6767963315347,,23.078090875198303,1978.1361937522888,1.010470763085558,,0.0,4.98820610319996,145.673071,5.214418888092041,182.90492058282516,37.23184958282516,25.558498442601767,25.558498442601767,False,-0.3941347,-0.23875001,0.12821853,-0.14534281,0.20428672,0.0116192065,0.114714645,0.028193548,-0.24026729,-0.3014218,-0.08187944
20,Resende_17082017,2017,285,p,2017-08-17 12:30:00,2017-08-17 14:00:00,229.520833,229.583333,sat,1,1,26.75,17.833333,146.083575,202.835134,2258.208595,3135.493117,11.5,1.5,1,1035.7872540509259,-0.580688048597144,0.814126151291334,22.0,7.0,0.0,17.59259259259259,82.4074074074074,16.0,233,24.344827586206897,0.207509180809558,0.27976840153749,0.130877285152673,0.162824580967426,0.22799251228571,0.318000793457031,29.394921875000023,12.105737304687523,34.5032691939286,2679.8408990596563,946.65375,6609.04443359375,8.553945884486431,23149.840733044155,0.821022033691406,34.178788884989224,632.1589242785885,91.35458664401654,8.60134324843938,-0.720743848409934,0.693201489452553,11.814358638454713,-0.733160310493925,0.680055849997962,0.003459067566392,0.003461630925524,27.100341796875,18.0062255859375,10.364181518554688,-6.1268310546875,-33.69530487060547,35.874061584472656,51.40859413146973,10.659797191619873,9.869598388671875,17.879781246185303,10.046223672457858,12.35573794442145,21.415969356691193,36.93203413648679,46.34116534174496,-0.773066279843286,0.634325253296179,-0.602663208028522,0.797995650169079,-0.996370969943995,0.085116921072498,-0.976182162790134,-0.21695249491623,-0.964370812898012,-0.264554219831073,0.062732591140336,-0.055123883536824,-0.064666753429072,0.005321546593927,-0.058528360582451,5979.346923828125,15459.578125,31536.3203125,58189.30078125,95314.875,,-9.923002117942517,-4.917520946847365,-6.439597237032099,-7.684391044036912,-4.751669359489433,0.003642593174658,0.999993365735475,5.115814216426512,-0.004752764815123,0.999988705549524,5.608723881865023,-0.003351025652555,0.999994385297776,26.83240382159825,0.006255445747142,0.999980434507848,,0.0,0.0,0.0,0.0,0.0,,1204.94319580078,41.36954589843708,734.8129399903814,,667.7652880060693,,15.933370080905178,5050.2166748046875,1.422624941063813,145.673071,600.0,5.3173115004348155,202.835134,6.716270923614502,824.732543287504,621.8974092875039,306.60241005757115,306.60241005757115,True,0.2349628,-0.10403357,0.10216827,-0.037404798,-0.06808861,-0.010797426,0.06574553,0.0042667366,-0.20368738,0.05984594,-0.087839566
20,Resende_17082017,2017,286,p,2017-08-17 14:00:00,2017-08-17 21:00:00,229.583333,229.875,sat,1,2,81.75,11.678571,132.514757,132.848582,2048.45729,2053.617667,7.0,7.0,1,931.2545347003155,-0.647317985025395,0.762220064195809,22.0,7.0,0.0,5.362776025236593,94.6372239747634,16.0,233,25.824324324324323,0.206814103250951,0.279451152290182,0.129833494424819,0.162034980282187,0.227358906641603,0.31788345336914,25.842156982421898,12.822259521484398,46.73436813030307,1918.2492995281455,946.0057031250001,6609.04443359375,11.009373773180828,19004.129019370528,1.678688049316406,34.178788884989224,632.1589242785885,91.35458664401654,9.217029771494415,-0.912556158547636,0.408951412146702,15.053794653939097,-0.905264822533206,0.424847738706378,0.010476450140736,0.012005642615453,24.514820098876953,19.556686401367188,10.199310302734375,-6.292171478271484,-33.520090103149414,49.78781223297119,30.46648383140564,17.079564094543457,11.174032330513,12.583237290382385,11.584049954958735,15.123287542062117,23.31873271638904,40.091309345241434,48.153112098061676,-0.92572299067286,0.378202253483102,-0.733680988571159,0.679494081658734,-0.990873410213998,0.134795715550912,-0.948100538609791,-0.317970704134554,-0.965789374378575,-0.259327754660857,0.063868668948012,-0.086011209403281,-0.039879371371684,0.002000083746309,-0.013911281805879,5939.690246582031,15397.968872070312,31496.44384765625,58124.85009765625,95259.6728515625,,-5.410044257215363,-6.021306939193641,-6.439780458590213,-7.589465250266008,-10.894774880719892,0.003686422386765,0.999993205121908,5.612105541886268,-0.002011805798686,0.999997976316667,6.136617424793725,-0.002571441146518,0.99999669383975,54.80497594169026,0.006763109067477,0.99997712991635,,0.0,0.0,0.0,0.0,0.0,,702.970006790159,148.7486311558308,783.200643622838,,681.7242556729102,,18.191903080201737,5836.70049905777,1.432660401726355,202.835134,690.0,4.896709175961796,132.848582,5.998889446258545,401.9810128249808,269.1324308249808,202.585851330337,202.585851330337,True,-0.23833618,-0.14228001,0.17282279,-0.021595862,-0.027398467,-0.009534224,0.09437487,0.030261042,-0.068762265,-0.052328326,-0.10136487
21,RibeiradePena_15082017,2017,294,p,2017-08-15 15:00:00,2017-08-16 03:00:00,227.625,228.125,sat,1,1,505.5,42.125,395.626376,395.626376,5848.121192,5848.121192,12.0,12.0,1,530.3683754333829,-0.72361562509431,0.690203178143488,22.0,6.0,0.0,2.584896097313735,89.66041561074506,16.0,233,26.27204724409449,0.215805735305148,0.284751228176629,0.113370605171757,0.166553747755642,0.240129869325611,0.321230324934027,19.05374058038085,12.222358898137003,67.05066043614423,833.49208816147,956.3292917866464,5744.958468885999,15.261453976215487,8473.202843557665,0.820603203880187,35.73707404555142,618.0220487998666,91.17102199263498,7.065314717185815,-0.994550571564199,0.104255266539997,11.875105866823787,-0.971380891633793,0.237527184483666,0.012912483108669,0.026561757707351,18.525616538161522,14.647650940773884,7.006444533013513,-7.903371665050855,-34.84737060338596,67.40381285822377,38.095957392278905,54.78335251195104,68.82425820064458,71.88088554295243,7.613559736818363,20.481924300589764,31.48635911951536,49.535881299639264,74.67854049030241,-0.986342026085179,0.164710071271261,-0.773616721896627,0.633653823157343,-0.988315346736089,0.152423014685855,-0.98949416354575,0.14457282009042,-0.925788018381446,0.378043046518984,0.020045977713712,-0.089808375060648,-0.087677753708096,-0.012838048838074,0.055165367756822,6041.483356515965,15320.945790423992,31206.762464945637,57625.35993698496,94647.02360186094,,-4.231423916697318,-4.916981927613328,-5.822153780265733,-7.510325943858859,18.60142013622086,-0.02483395072333,0.999691589887337,9.802820695151961,0.000105110081071,0.999999994475935,8.321256223029616,-3.8686810029e-05,0.999999999251665,42.048622203414006,0.022260387903619,0.999752206864471,8697.206520016183,61.3360396325479,0.0,0.4275377841859,61.660950994668795,0.0,,472.8679242765189,105.76504825208383,865.7432673024637,,829.6735760821242,,22.49961387972081,3843.2172659304774,0.847333999527338,,0.0,5.982994719169324,395.626376,5.610789775848389,272.3600459357879,-123.26633006421207,-31.15725784274102,31.15725784274102,False,-0.38732553,-0.17951185,0.17953068,-0.033614874,0.18619502,0.004113581,0.13684332,0.024028845,-0.10816083,-0.13554974,-0.08413689
163,Sabugal_15082025,2025,3347,p,2025-08-15 14:40:00,2025-08-16 02:45:00,227.611111,228.114583,sat,1,1,1020.0,84.413793,646.419058,646.419058,6645.320126,6645.320126,12.083333,12.083333,5,808.1220674486804,-0.99982668406233,-0.018617245685802,22.0,,0.0,2.88728484175458,85.06385341476957,16.0,233,20.1699116781158,0.211481269144017,0.292421855963121,0.111485114525503,0.163288594190615,0.235259314371115,0.335247563274817,28.80938635829122,12.151865668174779,40.33150013970218,2621.5419676950874,929.624082903721,7832.860431214912,9.828533876763116,32500.69291385653,3.83853230186957,62.70869880918016,729.7105905855971,94.58275295847648,5.876316330031001,-0.462508901257026,-0.886614637967375,10.565422750245487,-0.614391616756263,-0.789001230201592,0.366218352696687,0.626330345539442,30.868388306002302,24.82907656416155,11.152011960422408,-8.701036280717888,-35.564803868165434,41.20860554474794,28.764324300850177,28.49813730484789,11.736265280240696,22.44041613715899,6.686959101658124,33.599812155018896,46.955440442220535,33.46148440714266,42.53406280871453,-0.566251691765832,-0.824232383234445,-0.217918108393726,-0.975967057863174,-0.438548522691788,-0.898707512622906,-0.324035540279086,-0.946044908361142,-0.592311830757351,-0.805708815357555,0.003947024063487,0.004520460115788,-0.012589493658873,0.061947368017277,-0.024489068665535,5880.506162720366,15503.377331125424,31788.654007418518,58241.95638046789,95065.53592704124,,-6.589766593605357,-8.800950516280603,-7.75244297659141,-7.487962389085095,0.115462435738019,0.001404553230291,0.999999013614625,16.95100246599423,-0.001317678498937,0.99999913186131,5.076199700409721,-0.001076552941324,0.999999420516714,41.66288605642681,-0.015797792634076,0.99987520708731,4493.122144210483,1.0789121273939,0.0,4.041385448536601,4.7520534816422,286.275132791588,,860.7110078506153,255.4943851779513,733.6966786417671,,941.2417372054291,,12.969749029644454,8549.45486848039,1.823327115362311,,0.0,6.472993778809866,646.419058,6.51688814163208,675.4700276693487,29.050969669348774,4.494138795850413,4.494138795850413,False,-0.39112523,0.1460883,0.13890183,-0.22610797,0.14566913,0.02544303,0.13457292,0.08932291,-0.11537779,0.018816758,0.23008835
163,Sabugal_15082025,2025,3348,p,2025-08-16 02:45:00,2025-08-16 10:30:00,228.114583,228.4375,airb,1,2,226.75,29.258065,156.905864,158.715657,1935.172323,1957.493102,7.75,7.75,5,791.2123202433628,0.429855537205459,0.902897678108548,22.0,,0.0,52.56696428571429,47.20982142857143,6.0,234,15.824588744588745,0.211701812200992,0.292115782711488,0.111517827212809,0.163395281359552,0.235531326681374,0.334662857055666,25.441735839843773,14.151300048828148,51.20529958686089,1666.3082820994541,930.431875,7873.7119140625,11.407674783896564,5750.489163517869,3.396774291992188,55.36162269970875,736.4241433673209,95.30357179226927,0.809977791538271,0.213467834709263,-0.976950092658033,3.595335322692654,0.329457272432986,-0.944170485474428,0.706919770033713,0.911762127555645,27.889461517333984,23.92452621459961,11.130977630615234,-9.05401611328125,-36.170162200927734,56.20949196815491,22.492644548416138,30.706498861312866,14.83612310886383,23.528492212295532,1.724669886433595,30.765421370967342,43.709167886740616,34.98955458562868,47.0000393294188,0.738355318176789,-0.674411909829633,-0.498351827078864,-0.866974888014156,-0.314972179187094,-0.949100904192032,-0.804221718334146,-0.59432939331626,-0.866163989929381,-0.499759884894351,-0.013030807837561,0.00408764897054,0.047196530167859,0.027002553126508,0.023242708184693,6005.707824707031,15557.829345703125,31840.294677734375,58245.29736328125,94961.37109375,,-4.326320501514938,-8.232423497107417,-7.882064813510167,-7.558309957092882,0.386167142947298,0.014758168802243,0.999891092296358,18.76739405376762,0.01029842365491,0.999946969829012,6.883999989307691,0.007017066373494,0.999975380086685,15.28134416869903,0.12874763830508,0.99167738989596,4329.200592447914,0.0,0.0,0.8995208740234,0.8995208740234,318.1674999999643,,150.6717942380917,89.81527357101443,789.3376612299256,,945.1850415936178,,16.602557144593092,2869.9925038963556,1.916767575014585,646.419058,725.0,5.073395090490494,158.715657,5.379114151000977,215.830111586135,57.114454586135,35.985394047252065,35.985394047252065,True,-0.3394867,-0.2050711,0.14641984,-0.2330168,-0.014407683,0.12867105,-0.08082956,-0.090131566,-0.18550692,-0.04104049,-0.038012132
163,Sabugal_15082025,2025,3349,p,2025-08-16 10:30:00,2025-08-16 12:00:00,228.4375,228.5,sat,1,3,279.5,186.333333,1592.520151,1325.30276,20521.23362,19627.837313,1.5,1.5,5,791.4602070347285,-0.777294063654515,0.629137456051896,22.0,,0.0,56.15906886517944,40.83414161008729,6.0,234,13.412898550724638,0.211476775461434,0.291956437353858,0.110308068692683,0.163342905342578,0.235351667404173,0.334538269042971,33.02309570312502,9.022851562500023,22.903352818823244,3878.774067843744,931.4146875,7873.7119140625,6.636739707409812,42112.26839247474,3.285064697265625,55.36162269970875,736.4241433673209,95.30357179226927,10.805949564245475,-0.212430277469844,-0.977176226283716,10.171425606617714,-0.079344087218585,-0.996847288115612,0.000568498284532,0.000572223666286,31.548751831054688,24.1231689453125,11.55303955078125,-9.99591064453125,-36.22801208496094,23.53784465789795,24.45716953277588,30.912479400634766,43.824594497680664,23.26888656616211,8.414235899372164,20.00500992685596,40.62670012362689,42.99727366188185,43.98877272792104,-0.07353400243099,-0.997292710535116,-0.26768706500383,-0.963505908248432,-0.328904387470973,-0.94436322667835,-0.792633987258614,-0.609697763028955,-0.864724681579724,-0.502246179743405,0.016593891272329,0.005274074643169,0.018251563667429,0.006215944624911,0.049876561695322,6030.069580078125,15642.25146484375,31943.310546875,58366.669921875,95048.32421875,,-8.10238983020225,-8.088657178256595,-8.414677966096216,-7.311892806293658,-0.607070857347368,0.000665122177514,0.99999977880622,14.667847705975584,0.002071928034194,0.999997853554807,7.282056422626423,0.003080017952418,0.999995256733457,21.42928609272327,-0.001224132619656,0.999999250749384,4339.3133886718915,0.0,0.0,5.3861694335938,5.3861694335938,0.0,,919.4403442382761,275.8514208984287,656.4712130881251,,917.1026939259227,,7.497985724327677,4216.08293056488,2.593218839995549,158.715657,1190.0,7.190150470475296,1325.30276,6.597909450531006,732.5600415945928,-592.7427184054072,-44.72507990592332,44.72507990592332,True,0.26955685,0.11750554,0.12452989,-0.017806025,-0.001003173,0.13620906,-0.017154459,-0.14770094,-0.19475177,0.1487673,0.008549123
163,Sabugal_15082025,2025,3350,p,2025-08-16 12:00:00,2025-08-16 18:40:00,228.5,228.777778,airb,1,3,2581.0,387.15,919.669298,1033.160438,11902.517191,11631.822441,8.166667,6.666667,5,761.5079041800019,0.94144238689401,0.337173890091314,22.0,,0.010496483677968,10.527973129001785,84.9060564710822,21.0,233,18.479856755710415,0.211230048304428,0.291253144338018,0.107470054785173,0.163356751707027,0.235280870293042,0.333593406789653,34.2620822839701,7.394908972124667,19.137995667926507,4358.522557800535,930.47663498532,7885.416726758676,6.008283191105142,56092.13685292605,3.957246091956112,54.88860311561127,737.7528133757429,95.28318701551892,12.084702479613352,-0.366147260220763,-0.930556921328743,12.768488710192427,-0.49778799876033,-0.867298742239481,0.053821215615383,0.064304429553771,34.16141974168868,25.28856275573273,11.374070571820502,-9.786633035680305,-36.061256329899095,19.049019865983517,27.23984976481355,37.60718228261745,67.93962506809146,25.431364462580657,10.351867989825966,16.22944562882669,32.47380503297344,44.38788441559909,35.617723176907305,-0.469479773650845,-0.882943227015617,-0.362363965748762,-0.932036671127714,-0.359080890896875,-0.933306441525347,-0.775396899031175,-0.631474187099391,-0.771057402992644,-0.636765640789639,0.021437634570836,0.106665762752357,0.176458213402035,-0.021337002852023,0.072321164967737,5904.2674043075385,15582.671104339397,31873.886602278606,58326.84340651781,95056.60513297991,,-9.681576155575156,-8.953730988176034,-8.263071044261954,-7.323745277874588,-1.289983428639102,0.00436111644927,0.999990490286441,10.112821975933967,-0.001274994466296,0.999999187194225,7.19163443378025,0.001307749731132,0.999999144894955,31.175817490643272,-0.004705334659773,0.999988929851596,4846.7548709403945,4.4984925669535,0.0,10.035776760692599,12.592647103295802,3.525018730388794,,1895.3804683810279,256.5090574969137,629.283337920492,,927.9508652254741,,6.037080246052949,5898.662217939564,1.944242341360074,1325.30276,1280.0,6.941345205507745,1033.160438,6.505983829498291,668.1336590586203,-365.0267789413798,-35.33108368415669,35.33108368415669,True,-0.24698442,0.3942062,0.16161476,-0.06444871,-0.021694385,0.01321827,0.1260939,0.055818647,-0.09971746,0.123938024,0.010105985
163,Sabugal_15082025,2025,3351,p,2025-08-16 18:40:00,2025-08-17 03:00:00,228.777778,229.125,sat,1,4,293.75,35.25,174.791796,177.290937,2701.989842,2388.656793,8.333333,8.333333,5,786.6769238945578,-0.173407712657907,0.984850123212031,22.0,,0.0,7.600341588385994,91.80187873612297,10.0,233,21.954280821917806,0.21007532252622,0.291235857132428,0.102032899346917,0.162696862652518,0.234398164465148,0.334177938934654,27.69921489016985,11.460459362470742,38.06680126248555,2405.674985377993,929.6158700765664,7821.733462824228,9.201029880156078,6004.433709483974,3.720015156811786,56.473359674405316,741.5307545569847,95.40001165534689,2.342470203746081,-0.452453306321186,0.89178809456004,3.977071232250793,-0.625437141861615,0.780274555256016,0.200513190538558,0.335778881075993,32.28256374580455,25.209313899473088,11.76928358584952,-10.41007518343438,-35.803401175036946,36.115048190128704,29.45997513703529,41.262458279747655,74.42793864321168,23.54155420284663,2.367109413403691,10.402005377957101,32.93532850801787,41.97825452864434,51.59910122560738,-0.685069680204933,0.728477544790442,-0.066208182172113,-0.997805831118191,-0.370907206516038,-0.928669932836457,-0.727344736449344,-0.686272274217336,-0.900320982290371,-0.435226525900825,-0.016026327968519,0.116487513910322,-0.018524219445748,0.058738151559572,-0.043952982024043,5845.479522109275,15492.82582737672,31802.39632872867,58274.2735377932,94952.45500715013,,-7.717943291891152,-8.648423119619883,-8.660847041107079,-7.078093917390218,-1.916155786311152,0.004457511199233,0.999990065247605,13.273890622202053,-0.008622303938412,0.99996282724649,8.040731192834718,-0.002376322652561,0.999997176541339,35.0868715964931,0.010443762832167,0.999945462421779,4774.621803954799,7.541873699908801,0.0,7.8614719477874,12.9311545194324,113.1830765827386,,42.34730569650264,17.71883017019743,734.1735331695094,,949.8420186085324,,12.05722600569423,6328.708696660691,2.607322536952582,1033.160438,1680.0,5.183416693515509,177.290937,5.562084197998047,259.3649232702971,82.07398627029707,46.29339077287242,46.29339077287242,True,-0.37619042,-0.20855732,0.17486097,-0.2382239,0.0047181156,0.002168365,0.14895298,0.099972665,-0.267616,0.034582738,-0.026991943
163,Sabugal_15082025,2025,3353,p,2025-08-17 03:00:00,2025-08-17 12:00:00,229.125,229.5,sat,1,5,128.0,14.222222,258.185955,103.619869,2464.184637,655.395671,9.0,9.0,5,750.7506847609561,0.937908249011806,-0.346883433498357,22.0,,0.0,0.0,100.0,21.0,233,19.453779527559057,0.212519829385425,0.290625644254093,0.102615275229202,0.16450062475536,0.237210595723272,0.331951472226933,27.28712927973807,12.158523153095166,41.03453868068523,2291.22217535013,927.5366124302202,8005.629292304109,9.703284410444544,13430.953463990207,3.440680155381406,56.58646062574034,744.489453144709,95.44520318027797,2.389656839600098,-0.87348125803601,-0.486857773748996,2.628246174017238,-0.998212856876078,-0.059758617514947,0.452954396568148,0.483461329109753,30.124269679948544,24.16586366050062,11.284503349737806,-10.593558457584717,-35.12316432510703,43.9309005820812,31.52752763985074,41.841052509429204,53.179945526245874,19.04117151510066,2.839316169459785,15.015549639644863,35.693916483867504,54.236105151923255,44.29859081328056,-0.97151295640317,-0.236986445900967,-0.480001107831466,-0.877267881824341,-0.678576822577222,-0.734529438389641,-0.673340246783795,-0.739332747861974,-0.999563657974276,0.029538003606944,-0.003734989772936,0.034647081574335,-0.025627483363847,0.049802819195196,-0.046117292746243,5784.271171864609,15380.268150354308,31672.986601393895,58104.95227592813,94876.24956557022,,-6.501486695258317,-8.288928798830927,-8.543193193282065,-6.837341990738244,0.884816953639733,0.011221908690646,0.99993703240021,14.093389558333783,-0.005705238166477,0.999983724996294,10.397743875247048,-0.002670954392792,0.999996432994954,15.823324897640466,-0.077806898289214,0.996968448135954,4774.3677834856435,5.701057245754,0.0,18.2891857250572,19.847597496439402,79.80680626072132,,367.5327045837031,219.52593365382992,744.8561489204425,,940.2220195908372,,12.06269470513719,5778.505544940102,2.169464392922333,154.31134,2180.0,4.650333485791041,103.619869,4.925447940826416,136.75103213615657,33.13116313615657,31.97375508760446,31.97375508760446,False,-0.4075863,-0.19158152,-0.09620922,-0.1984641,-0.14190538,-0.25386503,0.09778912,0.06132791,-0.22866054,0.030283965,-0.05090537
163,Sabugal_15082025,2025,3354,p,2025-08-17 12:00:00,2025-08-17 14:15:00,229.5,229.59375,sat,1,5,1984.0,881.777778,507.564704,2339.635367,5148.924433,24475.013084,11.25,2.25,5,758.2586882345507,0.651133057455249,-0.758963596945848,22.0,,0.0,0.0,93.98568676025324,15.0,233,19.95813953488372,0.215368444385337,0.290792204003522,0.107618073093012,0.166657171977269,0.240051629379999,0.330698955124256,34.85169671877248,8.958658430088905,20.62614500875951,4418.460291675099,929.1711642145418,7879.527792476452,6.148733759296527,62155.421252594504,3.705100775448053,55.48081857528624,739.8420645144688,95.37004304643362,13.80537105587433,-0.771970299308256,-0.635658600969043,16.5651985353735,-0.884240442378326,-0.46703194758237,0.013215200566679,0.013612680781978,33.46214842234241,24.800831256643807,11.390629705747706,-10.03669114595605,-35.838529236121275,21.898643574683657,28.97852026897125,40.10550543302394,34.82475487876727,24.82879911261138,12.633447422318234,18.598782919965124,38.049024475361755,59.31438253789243,44.46786739278532,-0.877559276653153,-0.479468159485065,-0.853701142115134,-0.520763247504387,-0.695444938335836,-0.718579388615527,-0.779568029814483,-0.62631756073989,-0.913110840444708,-0.407711409041197,0.033520715031603,0.095793130420893,0.001460720665831,-0.006418828835476,0.044441115699042,5721.4935146297,15378.97953840767,31661.658486820103,58118.737436981406,94945.49807327474,,-9.450755475945138,-8.629228835441788,-8.367182763387087,-7.191961907781583,1.770365056645189,0.001099939561154,0.999999395066298,11.26346076300433,-0.00242614711267,0.999997056900763,9.683653180397528,-0.000669747716377,0.999999775718973,38.814970048102545,-0.000469107123335,0.999999889969247,3743.4333579413683,0.0414567809584,0.0,16.2398270501936,16.281283831152,8.691382657580847,,1666.3236867124094,296.35596022593154,637.8649658470707,,914.9332452421986,,5.376796582616407,9045.424506690591,2.06940182867608,103.619869,2720.0,7.758177695854654,2339.635367,6.944494247436523,1036.4221855748667,-1303.2131814251331,-55.70155075473063,55.70155075473063,True,0.21962972,0.43619722,-0.08312345,-0.049592156,-0.1044336,-0.0012289172,0.060347408,0.11705371,-0.071851835,0.12231962,0.007938061
163,Sabugal_15082025,2025,3355,p,2025-08-17 14:15:00,2025-08-18 02:30:00,229.59375,230.104167,airb,1,6,3057.5,249.591837,542.238862,353.950261,5478.893772,3755.42643,12.25,12.25,5,744.9988573294156,-0.998305924099097,0.058183175477528,22.0,,0.0,0.207450166862091,89.58239379453414,22.0,233,21.24900097943193,0.215217319836619,0.291748651911108,0.10505144959223,0.1658766878512,0.240318908217237,0.332241420204488,27.305152689942172,8.54219819143561,33.28718623826497,2647.766071497716,927.1699182086667,7990.546136849403,8.59996768693329,31707.645049898067,3.382894276416117,54.06056642424995,732.7590360703988,94.99487310124384,8.712746033860897,-0.931844262623348,0.362858471330006,14.760679586816174,-0.875743892949577,0.482775966636203,0.131398687593843,0.119071530919384,28.447377595394602,23.37800778949787,10.612219236665636,-9.043260058197506,-36.1965007199015,33.17521438988688,22.615647381914147,48.0537817696593,25.949452430685863,34.60658618060918,9.785727025040494,14.578062795676484,48.160758460298126,67.3374003633898,61.6154478348685,-0.864675405275531,0.502331009904421,-0.958411373365374,-0.285390328154089,-0.69132550391107,-0.722543457268908,-0.792972036355492,-0.609258032001405,-0.85658323705479,-0.516008873951541,0.006363679838219,0.006585202075275,0.102247817014184,0.046023178218529,0.051435875003089,5691.399007691837,15236.17163673894,31471.307688925623,57931.58124029553,94765.39436668712,,-5.531419013542759,-8.21456040531259,-7.675294018337989,-7.568649637648768,-2.972933741038329,-0.003633450471643,0.999993398997048,17.472011797057274,-0.010983903280449,0.999939675114817,12.107501995862,-0.004523909811911,0.99998976706765,69.16871146512837,0.001633383957675,0.999998666027534,3892.2507315553644,32.230928090952396,0.0,14.982560451888999,44.6602205541235,1.955190300298663,,652.3237820396279,174.49021688212167,706.8583178416338,,933.3817986531662,,12.77856840419929,5986.147583331126,2.309413124669608,2339.635367,2855.0,5.871977669799958,353.950261,6.014032363891602,408.1297585892926,54.179497589292566,15.307093554959284,15.307093554959284,False,-0.40400383,0.21256201,0.033251457,-0.1859514,-0.09497581,0.01705836,0.10492787,0.12219351,-0.06338586,0.04967746,-0.0142972395
164,Sabugal_16082025,2025,3357,p,2025-08-16 14:50:00,2025-08-16 18:15:00,228.618056,228.760417,airb,1,1,556.75,162.95122,1237.90338,1237.90338,13480.162607,13480.162607,3.416667,3.416667,5,558.7325268817204,-0.773470051069566,0.633832848705747,32.0,,0.0,44.91771539206196,52.80735721200387,10.0,233,17.554928571428572,0.204626647871042,0.292990761729804,0.104235921988103,0.15950175920377,0.227548283193172,0.339744261125974,35.384108464008776,7.810291519759398,18.4751288453407,4673.269598299089,955.8591977757408,5323.019406712092,5.807256418874776,55688.393643370735,4.033652962686343,56.51141447649947,755.5541230713002,95.48113942367712,10.508520989735203,-0.212315946874364,-0.977201073834266,11.81996602791047,-0.648932866065125,-0.76084567117156,0.114768323087271,0.118932170013623,34.61744060425117,25.577455259451497,11.51014933407881,-9.84951989280004,-35.634290400183616,19.39524548855305,28.32915740909236,39.152791518118036,75.64133923122492,18.47857417282811,10.01852080975905,13.522338996966907,30.257489798824047,47.67705154602563,34.136444786974096,-0.619756613699055,-0.784794074758646,-0.512912181608557,-0.858441083568086,-0.339819727417903,-0.940490591583787,-0.779782350048611,-0.626050706055561,-0.69320743412305,-0.720738130860674,0.030219871035568,0.164958972300387,0.289737472322565,-0.080086921520846,0.04451068493658,5849.984184245433,15541.328612589468,31834.471959256858,58301.55616538519,95057.89052808969,,-9.863937478028891,-9.052063943072916,-8.34076539123554,-7.187204517831515,0.425065613609657,-0.003374013374136,0.999994308000676,8.550185694565059,-0.002516898595304,0.999996832605714,7.654356952446493,0.000641053264297,0.999999794525335,28.485649016865665,-0.004630338414961,0.999989279925621,5191.2408903236055,1.2757022213864,0.0,3.2101172787228,3.9745648374085,20.40225576664747,,1972.1285280560533,135.45512603436669,640.34800982859,,931.4128259721285,,5.931336924086136,7824.86741688403,1.732643600277908,,0.0,7.121981896344624,1237.90338,6.876600742340088,968.325765152119,-269.577614847881,-21.776951190478293,21.776951190478293,False,0.019715471,0.3170999,0.13387711,-0.16636056,0.15158257,0.12841046,0.08771802,0.0060250284,-0.1528223,0.114041284,0.0038558608
164,Sabugal_16082025,2025,3358,p,2025-08-16 18:15:00,2025-08-17 03:00:00,228.760417,229.125,sat,1,2,790.25,90.314286,229.614902,230.724024,2627.050658,2715.27995,8.75,8.75,5,556.9903174603174,-0.954844127038216,-0.297107208025366,21.0,,0.263455024463681,29.168234851336095,59.42792623259315,10.0,233,17.724393939393938,0.204920575063234,0.291981338042203,0.101687515443759,0.159859936930502,0.228099808648286,0.338045233798271,28.101499197636414,13.807886135904207,43.4921645271878,2276.401864229697,952.6389707066187,5616.56782412218,9.979605739709967,7367.896079964925,3.710498102800602,56.50157899880846,759.2136819013995,95.49311442482882,3.272050659627328,-0.489156010095257,0.872196306910141,5.072929316464122,-0.645896696770606,0.763424820857181,0.114467621309851,0.178481520927123,31.82310374581401,25.06245831582631,11.641462110225108,-10.339755648015522,-35.788523160614105,38.62037748967739,30.569366842407355,43.61113786064076,73.27912419308389,22.886740497952548,3.663282866454339,10.376859393383388,33.73923403219837,43.92990291295626,52.581302577712535,-0.606848582260391,0.794817462194027,0.080130457154051,-0.996784384827673,-0.370568226125796,-0.928805248577968,-0.727572240677402,-0.686031074074393,-0.900570790306229,-0.43470938757659,-0.019818561280758,0.10467711307201,0.041502519525561,0.055748421215763,-0.050682479268264,5845.044185222856,15488.94273173725,31795.978873778557,58266.6733974761,94951.160911436,,-7.376846453725989,-8.636175005884967,-8.583474696529084,-7.093547595756831,-0.053632500049296,-0.075334894009067,0.997158289212221,12.238411548491419,-0.008998894782015,0.999959509126596,8.01437182470125,-0.002836393926811,0.999995977426655,30.01945479167336,-0.015098177362949,0.999886016023985,4988.978831945362,7.714051808134401,0.0,9.3050458777921,14.370731815658399,151.09823089263907,,49.78644483586768,75.13851598923078,774.7719936225805,,949.8607724908317,,12.37352939585252,7184.07623570061,2.173552615937944,1237.90338,205.0,5.445547111863934,230.724024,5.598525047302246,269.0278352767663,38.30381127676634,16.60157040116739,16.60157040116739,False,-0.3823525,-0.1329185,0.1438385,-0.15628614,0.07716879,0.1438969,0.11130657,0.019421583,-0.22050102,0.041113913,-0.016321784
164,Sabugal_16082025,2025,3359,p,2025-08-17 03:00:00,2025-08-17 12:00:00,229.125,229.5,sat,1,2,20.75,2.305556,120.374418,20.761335,1263.466978,320.935642,17.75,9.0,5,596.1660380747127,-0.625931212357219,-0.779878270884002,22.0,,0.0,0.0,73.77049180327869,22.0,233,22.394736842105264,0.205575069294102,0.291736148832616,0.102497011911349,0.160518890734865,0.228737932508314,0.337324021604317,27.842390634482,14.600026085101728,47.65873275610568,2194.917653848743,952.4595523810527,5614.516212700781,11.073214154874856,14007.702386558016,3.427270031669326,56.730273977890604,763.7415607281301,95.53753535860177,2.347589237028291,-0.999211755798409,0.039697192271759,3.58321253026716,-0.922227895227555,0.386646749972315,0.552710298407966,0.463531904464952,29.67209860210692,24.02659712595048,11.172057062611831,-10.447573457754412,-35.16042280737862,45.97004369069214,31.36824847666162,41.92612102741522,50.41340122969851,19.428132492416683,3.246488934733701,14.567546721430734,36.029093641879726,54.8474959972615,45.22995495778922,-0.980590419565389,0.196067409470759,-0.551437245628467,-0.834216377286906,-0.694030633956762,-0.719945469552781,-0.673426541221024,-0.739254146812237,-0.999942629614249,0.010711558249857,-0.000897031522242,0.025327656124034,-0.015431023189873,0.089752990884222,-0.07118721253737,5785.7349148828125,15378.350392927003,31666.565532991168,58098.65620751097,94879.58487344273,,-6.160062374986177,-8.271670441335859,-8.442278019392344,-6.888418977521928,4.019309577347657,0.02274474441607,0.999741304839131,12.653029366824681,-0.007694035147999,0.999970400473505,9.92568775024581,-0.003853537233019,0.999992575097832,17.065158600565308,-0.008065264884207,0.999967475222243,4621.5279954578655,6.861255306208,0.0,19.934377144620598,21.9139479556593,77.9590651419925,,352.0977733070612,209.11350078741347,788.0306774432273,,939.6818190318434,,12.527584032260794,6458.750810208377,1.744547308462582,230.724024,730.0,3.080134771208781,20.761335,5.493277072906494,242.0524036342082,221.2910686342082,1065.880727969604,1065.880727969604,True,-0.39096653,-0.17042425,-0.10408853,-0.22137171,-0.0011462496,0.08877049,0.08182967,0.058152333,-0.24389233,-0.049261793,-0.061590277
164,Sabugal_16082025,2025,3360,p,2025-08-17 12:00:00,2025-08-17 14:15:00,229.5,229.59375,sat,1,3,506.5,225.111111,1032.052427,1044.185076,9054.122656,9160.561527,2.25,2.25,5,609.7573456790124,-0.757617843576137,-0.65269840132717,21.0,,39.78168587022438,0.0,51.72832019405701,9.0,233,17.474580000000003,0.207446897628465,0.289541645466498,0.105010905844337,0.162509517169352,0.230512688352496,0.332978019983976,35.28822227064561,9.977327240629378,21.540392756889617,4473.611524801545,941.8055274780867,6662.741716321809,6.227590402358648,58884.89163528694,3.386477089300728,56.49927899309355,766.6794792055643,95.45079927983586,12.951488684961888,-0.790082248147164,-0.613000849234912,15.239078995392209,-0.901472828698092,-0.432835695292176,0.012678122631454,0.013042380966635,33.15867997988065,24.0355763514067,11.262622172805237,-9.925750588644076,-35.8285560565328,21.236146813289533,32.881632955896144,41.7691133731286,34.413134266787786,24.518668924488434,12.504901983743753,16.524566497948932,39.77130137228107,60.539538305282726,45.7028636961782,-0.884818260441991,-0.465936311085979,-0.870030766060277,-0.492997430123695,-0.708180140012892,-0.706031790567054,-0.782616533378518,-0.622504105755609,-0.908717157973204,-0.417412418125171,0.022556907271125,0.043445033203838,0.021274361952732,0.006365695162829,0.049934409368749,5735.580054072295,15380.906923269724,31654.29848448839,58112.87534337266,94944.96636773167,,-9.954631602208623,-8.219171359463955,-8.273875608658862,-7.220105388566886,-1.436119163745802,0.00379193623888,0.999992810583936,11.800832001695587,-0.002460080518652,0.999996973997343,9.878256444661826,-0.000776430862844,0.999999698577512,34.29647665062983,-0.000645308722803,0.999999791788304,3830.390597346137,0.0058234664572,0.0,19.2706627524582,19.2764862189154,8.800581693665347,,1498.700470488506,189.89807959192092,652.3001338755915,,917.6013936847929,,5.845167046987939,8941.809679651846,2.063524247155234,20.761335,1270.0,6.951949254937552,1044.185076,6.8947834968566895,986.1119888295681,-58.073087170431904,-5.561570310207336,5.561570310207336,False,0.22983964,0.38627097,-0.08573284,-0.051445264,0.013221764,0.14355043,0.06122419,0.02870327,-0.06922501,0.12493923,0.0073196944
164,Sabugal_16082025,2025,3361,p,2025-08-17 14:15:00,2025-08-18 02:30:00,229.59375,230.104167,sat,1,3,7898.5,644.77551,693.505161,760.362948,6658.028303,6214.116672,14.5,12.25,5,763.0762803063873,0.093896967426268,-0.995581920038803,22.0,,2.799051169095222,12.64994916977296,79.44086750254151,10.0,233,17.718111490329918,0.206862797776816,0.28970347296935,0.102512819669128,0.162067617962855,0.230073195316357,0.333534518044764,27.488934860601443,9.833509281851763,35.927864842889306,2591.0383354837727,940.6239914033217,6669.347721829756,8.936640497958646,29052.238438627723,3.238714023976453,55.16181631480365,767.8226794847343,95.22375718593821,8.544147951543305,-0.902686140099977,0.430299584558716,14.14545237921227,-0.872084973105412,0.489354472426413,0.11626880674218,0.099469501262545,27.808008474053423,23.026857821073786,10.54942977312088,-8.964444270721069,-36.173834342124024,35.30049447970444,22.24423681050229,48.146905333033175,23.530536002483046,35.41616006690146,9.972905265713862,14.005447244678642,48.67131052507703,67.63988394849298,62.93313899920073,-0.877473936451577,0.479624322619457,-0.971860518181731,-0.235557069941738,-0.714040829871959,-0.70010405889108,-0.788946437818835,-0.614461974619236,-0.857215110929979,-0.514958496961943,-0.025708072232112,-0.030137466937199,0.104447868648296,0.036728346477254,0.077495137534562,5698.1116049999355,15233.038151354267,31461.717414423343,57926.51208210742,94760.9563835243,,-5.216930040838828,-8.029005492191917,-7.61999839721252,-7.584300631748032,-15.018488479789502,-0.006081692214089,0.999981506338899,16.894668742331245,-0.009848015216232,0.999951507122371,11.928801519285962,-0.004305461653723,0.999990731457021,64.19962890170443,0.004079164940785,0.999991680172083,4092.384405380862,33.0963635216785,0.0,13.491201445877499,44.8544225438262,1.767851530985902,,568.943262787526,144.25308662571203,729.149927712269,,913.8833377412412,,13.349916353811432,5423.92469923796,2.148186038514754,1044.185076,1405.0,6.635110179775085,760.362948,5.719491958618164,303.7500579807602,-456.6128900192398,-60.051964817628104,60.051964817628104,True,-0.4282546,0.033135414,0.14041972,-0.17454638,0.0003483286,0.085837856,0.11211363,0.016259035,-0.05508959,0.03418334,-0.01484761
164,Sabugal_16082025,2025,3362,p,2025-08-18 02:30:00,2025-08-18 13:15:00,230.104167,230.552083,airb,1,4,243.25,22.627907,233.472163,176.52163,1755.944102,1122.650821,10.75,10.75,5,652.6186855670103,-0.986417561613599,0.164257097686162,22.0,,69.45304437564499,5.779153766769865,24.251805985552117,3.0,235,10.881598360655737,0.204483913494781,0.292695891989707,0.103672196160664,0.160250826640562,0.227186369679189,0.339368896484378,23.22968306107957,10.744975142045478,48.10425671626062,1602.0057896454157,948.0743181818181,5661.79931640625,11.623319974473512,15465.582223259333,1.877874200994318,50.43882808809712,777.8574113115676,94.80030961777776,8.990757986357002,-0.435198099260832,0.900334723533286,12.345721066932175,-0.454806092495667,0.890590488512438,0.012410645240181,0.011424357314277,23.800176447088067,19.34806962446733,9.592321222478693,-10.2584228515625,-36.9744179465554,47.282445734197445,31.068787141279742,22.548731543801047,23.253250902349297,94.43594499067827,9.859829651870287,8.855305878408364,55.4348468662172,66.96621226531963,82.36002649384018,-0.449986085941977,0.893035566177865,-0.980541169410967,0.196313563184445,-0.776487891275015,-0.630132172407726,-0.820652111303849,-0.571428133900086,-0.892664835983025,-0.45072107849467,-0.058305296535194,0.001693165586097,0.035595904314585,0.114051285141188,0.136276601665809,5651.949751420455,15072.79483309659,31156.895596590908,57529.892755681816,94101.81676136363,,-4.85789541341452,-6.277652509714147,-7.751543219343688,-7.446772527609418,-44.35685690752344,-0.023610574527243,0.999721231529317,19.417524017251374,-0.012376619708357,0.999923406709031,11.77910809585663,-0.005772154124335,0.999983340979621,46.25362884043471,0.008319969421348,0.999965388455434,7419.121638849448,88.70210404829541,0.0,0.2366166548295,88.70210404829541,0.0,,439.52396489923973,165.20299438476653,790.8100007884173,,943.6948093456823,,16.868891133827187,4974.205233834006,1.622751142992627,760.362948,2140.0,5.179092460646176,176.52163,5.357187271118164,211.12744954110858,34.60581954110859,19.60429412594286,19.60429412594286,False,-0.42877924,-0.17911455,0.17288321,-0.059699345,-0.15043634,0.10338658,0.017378481,-0.15366794,-0.05839635,-0.036245838,-0.061826378
164,Sabugal_16082025,2025,3363,p,2025-08-18 13:15:00,2025-08-19 03:30:00,230.552083,231.145833,sat,1,5,992.0,69.614035,327.665776,316.261004,3621.324699,3435.15058,14.25,14.25,5,634.5054088050315,-0.871154846332218,-0.491008384563736,21.0,,11.801730920535011,22.685549436139524,62.10333071072647,16.0,233,18.168365287588294,0.204732478672052,0.292576904942348,0.106746872982809,0.160628089266163,0.227122637246335,0.339055437360494,24.65709402901788,12.053177315848236,49.48824872048208,1757.9662708580004,947.0901339285713,5661.79931640625,11.831862748811018,24545.537704481354,2.019817897251674,50.68134744295376,780.0215071652482,94.29333354318644,13.108286220241428,-0.598768209769655,0.800922362635258,20.212848459987033,-0.550444719405317,0.83487161341059,0.023933439533447,0.025097844660871,24.386071341378347,18.00028337751116,7.960647583007812,-10.083997453962054,-38.13634163992746,52.189717292785645,48.15995761326381,14.616735662732806,20.128597736358643,53.601349285670686,15.011735295654189,22.080527833217,21.528842096850955,44.834967789087926,80.24728463554523,-0.569489893189275,0.821998334277672,-0.181570096063663,0.983378004744581,-0.983167952242189,-0.18270407133915,-0.996942963960023,-0.078132749923469,-0.881542343151158,0.472104964209832,-0.093292276313202,-0.113437039045992,0.005506943278408,0.004096435776315,0.010626481732377,5548.249476841518,14972.150599888393,30919.05887276786,57263.668247767855,93776.51897321429,,-6.967822493182501,-6.460329053702604,-7.046277225683467,-7.819264275065043,-61.233772922527855,-0.014681081980276,0.999892227108446,4.804085660113173,-0.006111894084813,0.999981322200918,6.836087873067344,-0.003382340194758,0.999994279871044,84.65516009906405,0.008226040401482,0.999966165557272,6898.363632812453,6.3169555664059,0.2550397600446,0.0,6.572091238838899,8.770714285714584,,999.6004273332892,155.4936830832728,790.5236509405943,,941.7648041571172,,15.548622017897458,8329.787860597882,1.076464341262434,176.52163,2785.0,5.759724791572163,316.261004,5.646618366241455,282.3317198750681,-33.92928412493194,-10.728254098925182,10.728254098925182,False,-0.45661867,-0.10730244,0.094165266,-0.041532114,-0.18102694,0.15160431,0.17836876,0.012181619,-0.0057692365,-0.03426037,-0.085531674
164,Sabugal_16082025,2025,3364,p,2025-08-19 03:30:00,2025-08-19 10:30:00,231.145833,231.4375,airb,1,6,263.25,37.607143,329.028602,330.210247,4362.054511,4377.720011,7.0,7.0,5,584.9169054441261,-0.770839239939968,-0.637029721574098,22.0,,0.0,0.0,94.66800804828975,16.0,233,22.032284644194757,0.205021276888676,0.29260219271532,0.108244903853962,0.161002677168164,0.227268849185533,0.338941301618306,18.93311244419645,14.100488281250023,74.46398073386538,591.41705284618,947.3249107142857,5661.79931640625,16.759022387848507,7923.5309184688085,0.944320678710938,51.28764583009536,785.4317467994497,93.02589335670805,11.925053364275097,-0.316523284538042,0.948584740729709,18.709117820745586,-0.276541442793737,0.961001992931107,0.003490936639853,0.003334363338802,19.187334333147323,15.531520298549108,7.642878941127232,-8.140542166573661,-35.209154401506694,75.72602081298828,36.40583419799805,12.359154973711286,13.587255205426898,52.60594722202846,14.719062071802037,25.31907405281588,22.28742107327792,53.21712043678056,118.36006153789715,-0.292717914810289,0.956198840382646,-0.141697979020515,0.989909936681869,-0.763693745563959,0.645578703944369,-0.847806277009959,0.530306059424661,-0.748404851953269,0.663242171135706,-0.097358265476465,-0.154044054367755,-0.032907850764249,0.008480850051344,0.087958933012051,5582.052106584822,14878.865931919643,30787.711774553572,57180.38392857143,94113.34263392857,,-3.989024284129127,-5.076201965762005,-6.163288912954981,-7.54506044917602,-70.90530287323682,-0.024319393995071,0.999704239800809,4.220127893373778,-0.003649446892049,0.999993340746518,8.256457304081163,-0.002303778614176,0.999997346298527,73.70008450954556,0.013701847927616,0.999906125275452,92.68138793944239,12.1363002232137,10.6817103794641,0.0,22.0066092354904,0.0,,411.91378409250143,145.7646070861785,882.1108883120505,,942.5458261465483,,22.392479810636676,7367.112636566162,0.745568568419423,316.261004,3640.0,5.802753361042165,330.210247,4.771087169647217,117.04750989322089,-213.1627371067791,-64.55364091314196,64.55364091314196,True,-0.2797113,-0.19906323,-0.11316506,-0.016175402,-0.14740798,-0.0052947495,-0.0150781255,0.13774955,-0.053422697,-0.30760595,-0.09253629
164,Sabugal_16082025,2025,3365,p,2025-08-19 10:30:00,2025-08-19 15:00:00,231.4375,231.625,sat,1,6,264.25,58.722222,263.457345,180.461745,2268.729473,1426.885646,11.5,4.5,5,541.6447619047619,-0.999075549645744,-0.042988906709227,31.0,,0.0,2.431906614785992,96.10894941634241,23.0,233,17.99359550561798,0.205905546812666,0.292813258822841,0.112253114086698,0.161907581210897,0.227843384405985,0.338796175230341,26.802828615684195,9.020291473155366,33.14409997623963,2375.1909011676885,947.1877548303897,5654.548637563388,8.631026535247692,37205.13518773553,1.348062530566785,51.28527881364507,785.8432106138796,93.03315475233461,15.453128929808932,-0.471187016011224,0.882033330403358,19.22870548548451,-0.549319408101058,0.835612462738262,0.010158483680183,0.010007862760845,24.31970365029263,15.651295331591168,6.9551702704576,-7.546006841711373,-35.159597492234674,35.78869301163748,53.03641221554521,18.702685930213256,50.24436988884542,23.256432292303696,15.682600547712427,21.59730742541138,26.95411281805626,64.52149201544009,105.42224587078339,-0.542537465362858,0.840031605761144,-0.486467174149991,0.873698854568622,-0.823021543842985,0.568010156925304,-0.914746842866816,0.404027490977027,-0.885254173750608,0.465107565899683,-0.07772977476132,-0.045534675933215,-0.034161834547595,-0.050235954714809,0.049034837334676,5554.814639568906,14940.067481908287,30815.77269625466,57255.657164699456,94318.3062685456,,-9.458492954182052,-5.595803526840159,-5.662583764974795,-7.696966836302072,-15.095880786659473,-0.006789736752129,0.999976949471755,4.797577589739495,-0.002730724944294,0.999996271563689,9.859801490925127,-0.00198792864876,0.999998024067892,46.6450843963015,0.001923997719515,0.999998149114675,,1.8745014721834,0.2198552117981,0.0,2.0917247879286,0.0,,1412.178012385091,187.0943573550789,729.4053351619857,,918.7735396549875,,15.731679244304615,7943.934835360918,1.279073455283186,330.210247,4060.0,5.201044860139641,180.461745,6.530405044555664,684.6758845370169,504.21413953701693,279.4022298393584,279.4022298393584,True,-0.1474771,0.15304764,0.13717948,-0.023517126,-0.2050762,-0.032943618,0.13456462,-0.0051090633,-0.06426681,0.0391415,-0.10120281
54,Sabugal_29082019,2019,1818,p,2019-08-29 12:00:00,2019-08-29 14:00:00,241.5,241.583333,"airb,fops",1,1,188.25,94.125,1294.105434,1294.105434,15182.629825,15182.629825,2.0,2.0,5,815.8283756684492,-0.882627348862347,0.470073359211331,22.0,7.0,0.0,30.88235294117647,69.11764705882352,14.0,233,18.224105263157895,0.193176298626264,0.245861045054776,0.136784022053081,0.162343000769615,0.207651926279069,0.273736572265628,29.59674479166669,7.882796223958356,25.76399175041747,3076.689220904271,930.648125,7873.7119140625,7.362700415389273,33484.42670279491,2.43853759765625,36.363647117985735,812.4252725067703,92.60273967009489,10.783675030416708,-0.420404758859472,-0.907336673307273,12.472878311629858,-0.680261260150147,-0.732969725117576,0.00294954519942,0.002954002576902,28.466766357421875,19.662628173828125,8.785552978515625,-11.353973388671875,-38.396392822265625,25.586137771606445,36.26528294881185,31.415823618570965,39.39280319213867,44.70131047566732,10.148238043110679,13.879325005952625,19.9591333956466,23.86298092385851,44.207033692198884,-0.678314705467118,-0.734771502133185,-0.641500838307055,-0.767122333432775,-0.835607269249785,-0.549327308238828,-0.99733274634717,-0.072988992756518,-0.969214655706239,-0.24621728445468,0.035319275564997,0.07132599646595,0.004513692515551,-0.028383234084519,-0.002863702154943,5882.079264322917,15389.806315104166,31441.686848958332,57657.723958333336,94143.83072916667,,-9.606593957683016,-6.99920657899338,-7.864310197647139,-7.537759510815275,-0.384146284807024,0.000639585721033,0.999999795465032,4.480858098050865,0.001893416754847,0.99999820748489,2.911102710491935,0.0027246105351,0.999996288241827,27.066334343704394,-0.001515505816914,0.9999988516204,,0.0909423828125,0.0,0.0,0.0909423828125,0.0,,1473.6220654296837,188.04778564452897,676.7598172537305,,922.4075605661122,,8.827921463252721,5086.099624633789,1.802275242320391,,0.0,7.166347387035734,1294.105434,6.777731418609619,877.0744794864288,-417.03095451357126,-32.22542333545068,32.22542333545068,False,0.18733813,0.096537046,0.09787742,-0.03318631,0.15614676,0.13557875,0.07041878,0.0066249333,-0.14792815,0.13087681,-0.076262645
54,Sabugal_29082019,2019,1819,p,2019-08-29 14:00:00,2019-08-29 15:00:00,241.583333,241.625,"airb,fops",1,1,71.25,71.25,1114.489702,918.940728,10674.952146,5812.300104,3.0,1.0,5,806.0388541666666,0.799481915789266,0.600690158339492,22.0,7.0,0.0,5.102040816326531,94.5578231292517,14.0,233,15.11111111111111,0.192845777603984,0.2457217305909,0.133883754611014,0.16220316439867,0.207515625357628,0.273698425292972,30.471948242187523,7.261865234375023,23.42729760114873,3331.449416710602,930.3771875,7873.7119140625,6.962063054335177,40402.60845124905,2.901229858398438,36.363647117985735,812.4252725067702,92.6027396700949,12.0980376787729,-0.559987237929377,-0.828501233165182,14.210899776381188,-0.779779677851704,-0.626054034416753,0.002406107229275,0.002406133840385,29.495956420898438,20.635894775390625,8.83343505859375,-11.153594970703125,-38.528419494628906,21.7491397857666,31.82038974761963,32.351423263549805,38.996116638183594,28.91682529449463,11.451512013496359,14.943943477046151,18.587677019785193,25.17996941017869,43.8021335504005,-0.772551253378577,-0.634952408376557,-0.742166021086584,-0.670216082427532,-0.799254531881603,-0.600992673222161,-0.99868766966686,0.051214631262722,-0.976447743392365,-0.215754036865961,0.032589470574933,0.068477628179101,-0.006867369941183,-0.065474990881282,0.002562461823796,5841.769775390625,15376.658203125,31439.2919921875,57678.748046875,94158.37109375,,-9.667614580044155,-7.594675242634075,-7.804761701654154,-7.630413558920937,-0.355444312768845,0.000840368304866,0.999999646890494,3.270547589215393,0.000244892732585,0.999999970013774,2.895038622014959,0.00266425693493,0.999996450861194,31.779242596162792,-0.000296320134569,0.999999956097188,,0.0,0.0,0.0,0.0,0.0,,1686.7022998046778,73.23156249999374,662.0419673836307,,920.0439932578643,,7.953153491764269,5736.783266067505,1.759619467314284,1294.105434,120.0,6.82430924188068,918.940728,6.6799163818359375,795.2525280576039,-123.68819994239618,-13.459867015753401,13.459867015753401,False,0.24813047,0.11315412,0.16677232,-0.025836362,0.0125130685,0.026446423,0.045782913,-0.105086215,-0.08919668,0.1559389,-0.10081599
54,Sabugal_29082019,2019,1820,p,2019-08-29 15:00:00,2019-08-29 16:00:00,241.625,241.666667,"airb,fops",1,1,175.25,175.25,902.277882,487.176909,8732.448345,5188.265919,4.0,1.0,5,798.0281968390805,0.080869478053656,0.996724699964503,22.0,7.0,0.0,8.948194662480377,86.49921507064364,14.0,233,17.674829545454546,0.192657305932045,0.245642544975745,0.132248036563395,0.162125843465328,0.207435439229012,0.273677062988285,30.515649414062523,7.205468750000023,23.27746841277085,3346.2079720664506,930.0040625,7873.7119140625,6.937615825905041,39834.69327416036,3.070846557617188,36.363647117985735,812.4252725067702,92.6027396700949,11.851561457745355,-0.684809974940366,-0.72872168776713,14.411994171504801,-0.869381153237933,-0.494142095347767,0.004309087159396,0.004311223403735,29.804306030273438,20.996612548828125,8.85491943359375,-10.9822998046875,-38.56511688232422,20.914026260375977,30.500823974609375,32.89250946044922,36.19110107421875,25.58506202697754,11.56231575110784,14.649853970516675,17.435818580082532,24.035845805619136,43.39568819606572,-0.861490151813144,-0.507774278916298,-0.833237819729194,-0.552914763569341,-0.748208277080795,-0.663463920728014,-0.997616034934709,0.069009034489335,-0.982882764762488,-0.184232111025327,0.032253445828912,0.08402226165033,0.012144358400693,-0.048886726779402,-0.004844202575032,5814.269287109375,15357.734375,31427.2626953125,57682.314453125,94158.375,,-9.61047330420693,-7.812965967992053,-7.746261888400289,-7.688389061215149,-0.415607989991286,0.00113291138044,0.999999358255696,2.693924409369329,-0.001680189830049,0.999998588480071,2.627646759011345,0.002136308782698,0.999997718089789,33.05877501173184,-0.000254289287726,0.999999967668479,,0.0,0.0,0.0,0.0,0.0,,1735.9121972656108,25.1882324218725,660.8136537494406,,921.9328142307281,,8.062467014489016,5807.57474899292,1.724818856325846,918.940728,180.0,6.190677858601836,487.176909,6.929198265075684,1020.6745390202366,533.4976300202366,109.50798778934667,109.50798778934667,True,0.24525507,0.0851706,0.15948142,-0.05029123,0.02988471,0.010678114,0.04751076,0.0118948,-0.07845277,0.10808373,-0.10276859
54,Sabugal_29082019,2019,1821,p,2019-08-29 16:00:00,2019-08-29 17:00:00,241.666667,241.708333,"airb,fops",1,2,73.75,73.75,454.123713,473.141088,2145.19152,2966.594621,1.0,1.0,5,826.1955746644295,-0.708078095267626,0.706134131027647,22.0,7.0,0.0,53.22033898305085,46.440677966101696,4.0,233,15.926533333333333,0.192506320035458,0.245577527688864,0.130933013260363,0.16206153422594,0.207372342944146,0.273657531738285,30.174218750000023,7.450585937500023,24.14777037527999,3245.097745318474,929.8387500000001,7873.7119140625,7.088379355287517,36378.81171287268,3.113563537597656,36.363647117985735,812.4252725067702,92.6027396700949,11.150357098776972,-0.807161353611603,-0.590330881147078,14.23397591106626,-0.951505692511087,-0.307631138084229,0.004380317199288,0.004387065660493,29.77777099609375,21.067489624023438,8.840362548828125,-10.8902587890625,-38.55018615722656,21.46159267425537,30.61802101135254,33.34456253051758,32.649518966674805,25.62415313720703,11.337675846127295,13.809307554678188,16.182560081597202,21.866935235340563,43.517860704234224,-0.944785928171874,-0.327688190096027,-0.924925874687212,-0.380147506021144,-0.688121126080687,-0.725595835049683,-0.999093796009023,0.042562739294844,-0.988124104414339,-0.153657913155685,0.027298643769306,0.100117452460192,0.027157115765393,-0.024387110070246,-0.042181223227045,5802.904052734375,15346.4892578125,31417.748046875,57679.09765625,94157.0625,,-9.504182539362864,-7.867941218589359,-7.704636333766809,-7.709882656757942,-0.542451204727602,0.001442285268685,0.999998959906061,2.237750610355395,-0.003970552540444,0.999992117325194,2.226558808126039,0.001289570476807,0.999999168503647,33.97725532180979,-0.000250005660912,0.999999968748584,,0.0,0.0,0.0,0.0,0.0,,1691.448068847644,114.11648925780628,666.3137647241713,,925.1518446480234,,8.47111875699126,5699.394941329956,1.704965345268636,487.176909,240.0,6.16150493141335,473.141088,6.629977703094482,756.4652813217099,283.32419332170986,59.88154495720098,59.88154495720098,True,0.2507426,0.10369517,0.12824482,-0.04526506,0.0024195975,0.13110338,0.01804228,-0.100922205,-0.06808665,0.13877468,-0.11231952
54,Sabugal_29082019,2019,1823,p,2019-08-29 17:00:00,2019-08-29 19:00:00,241.708333,241.791667,"airb,fops",1,2,40.0,20.0,177.093455,221.877158,2204.524576,3222.286876,3.0,2.0,5,776.8860918209876,-0.699338432281048,0.714790708623641,32.0,7.0,0.0,1.851851851851852,98.14814814814815,16.0,233,23.048809523809524,0.192372563068072,0.245519336809889,0.129729404250779,0.162005745371182,0.207319858670235,0.27363932291667,28.444726562500023,8.612207031250023,29.10556377814512,2763.4278795220885,930.0120833333334,7873.7119140625,7.925672890021445,27503.769697708805,2.885604858398438,36.363647117985735,812.4252725067703,92.60273967009489,9.426757882346326,-0.980155125856907,-0.198232008657612,15.382964848992186,-0.999866986121297,0.016309814981008,0.044408752379502,0.044671491949299,28.802714029947918,20.562001546223957,8.790791829427084,-10.790781656901041,-38.52301025390625,26.926884333292644,33.88422203063965,34.265176137288414,27.063201904296875,26.987084706624348,10.778002992833915,11.131711190845804,15.203408824935075,19.454416583118224,43.41886687122054,-0.999974788170852,-0.007100917029527,-0.986865403283078,-0.161544655754771,-0.663704996248311,-0.747994437115029,-0.997209874115867,0.074648958236648,-0.990107730138806,-0.140309239608025,0.013003942572597,0.039120876172829,-0.008983092323864,-0.049296013936403,-0.038247042665856,5819.300130208333,15341.269856770834,31413.850911458332,57676.768229166664,94164.4453125,,-8.99181465605203,-7.574566417268245,-7.646434441745648,-7.730035782356754,-3.531016215578989,0.000217743944741,0.999999976293787,2.350865086789682,-0.006684111137856,0.999977661079635,1.98771956727006,0.000281165378023,0.999999960473014,61.844553894665694,0.000711655996213,0.999999746772839,,0.0,0.0,0.0,0.0,0.0,,963.8813541666649,637.2314147949214,695.1461271285243,,936.3320474913083,,10.053231286679477,5471.151351928711,2.104231641099467,231.818446,300.0,5.406620758693916,221.877158,6.5846099853515625,722.8686732194336,500.9915152194336,225.79679663078863,225.79679663078863,True,0.23574296,-0.103716485,0.14948095,-0.03249068,0.0234538,-0.0023976283,0.06988279,0.010351198,-0.09709084,0.1255016,-0.096502714
65,SaoJoaoPesqueira_10072020,2020,1964,p,2020-07-10 14:00:00,2020-07-10 16:00:00,192.583333,192.666667,airb,1,1,35.75,17.875,600.464395,600.464395,9282.178766,9282.178766,2.0,2.0,4,711.5029296875,0.817053021794723,0.576562537437278,22.0,7.0,0.0,0.0,100.0,17.0,233,26.5,0.194747024228177,0.264786405357799,0.157895525296525,0.155344888567925,0.209822098414106,0.301844278971356,31.17706705729169,11.559635416666689,30.070980695955583,3168.1682985824195,931.08875,7345.34423828125,7.78180470752888,18159.527929587715,3.020334879557292,29.43924281415276,456.06025323891504,91.31183186369395,5.57950643566642,-0.041067823155289,0.999156361087336,7.794902650225929,0.222451845304996,0.974943678640157,0.023673925793689,0.02358430621297,29.496083577473957,20.535064697265625,8.494394938151041,-8.505381266276041,-36.88591512044271,32.090433756510414,49.075094858805336,39.28261693318685,12.633917172749838,10.125099817911783,6.712538956031465,7.782940053429968,6.164721699071857,11.933689205469939,42.556269411883875,0.193701955724419,0.981060422373941,0.454172327585792,0.890913854901418,-0.494516984710933,0.869167965258964,-0.974846410536072,0.222877715047819,-0.998541483448828,-0.053989867862542,0.02113946077876,-0.001951086841076,0.056067499810083,-0.027886073289036,0.052279173134894,5504.751302083333,15066.3984375,31111.631510416668,57509.575520833336,94225.45833333333,,-9.777773591708204,-7.747959215157398,-6.638265017990352,-7.910743323339928,-1.193993976900622,-0.000890132827495,0.999999603831696,-0.206430472177044,0.026808843272644,0.999640578369237,1.126681091081587,0.009640674559891,0.999953527617174,15.39734923355747,0.007226503552663,0.999973888482296,2686.2373046876555,0.4058837890625,0.0,1.5167236328125,1.922607421875,10.583333333334487,,2124.16589355469,239.97808837890238,699.083559286321,,920.7481752599874,,10.550986561393946,6534.528001149495,0.896973778516088,,0.0,6.399367339980258,600.464395,5.973987579345703,392.0699474422419,-208.39444755775804,-34.705546122806844,34.705546122806844,False,0.2433816,-0.11305601,-0.08046838,-0.029484235,0.17951965,-0.23324867,-0.019874103,-0.033624392,-0.2628826,0.14557573,-0.08276198
65,SaoJoaoPesqueira_10072020,2020,1965,p,2020-07-10 16:00:00,2020-07-10 17:30:00,192.666667,192.729167,airb,1,1,108.25,72.166667,695.671452,854.59997,10753.921199,13210.691206,3.5,1.5,4,782.3187066974596,0.705502967110578,0.708706965817446,22.0,7.0,0.0,0.0,100.0,10.0,233,26.316756756756757,0.19440457776189,0.264631322356245,0.156656607985492,0.155109703540802,0.209535524249079,0.301788330078127,31.341821289062523,11.111840820312523,28.898377219423065,3250.3472160365527,930.6400000000001,7345.34423828125,7.608200418496438,23361.15600229479,3.583251953125,29.439242814152756,456.06025323891504,91.31183186369395,7.184179371017214,-0.32509329790334,0.945681948468051,9.434688074741612,-0.092868691243206,0.995678364828108,0.00119628588856,0.001206619730404,30.250396728515625,21.398468017578125,8.231964111328125,-8.329559326171875,-36.61053466796875,30.1932373046875,45.166500091552734,41.6610107421875,11.598042488098145,11.501296997070312,7.999206728505198,8.776897590533064,3.317028184852838,14.588369568146048,44.925471630380414,-0.097801751512888,0.995205917085008,0.105787041068272,0.994388808234495,-0.436186974530194,0.899856056961443,-0.998813251524701,0.048704092011388,-0.99937850296321,-0.035250642760285,0.015001780865493,0.001467727027074,-0.000849849657482,-0.068380559426756,0.041465457753445,5452.4140625,15036.59765625,31099.2109375,57502.724609375,94237.71875,,-9.658740366751253,-8.472413687337703,-6.467131117358653,-7.882992547365876,-1.501422087124717,-0.002265636057789,0.999997433443333,-1.917540557438205,-0.002179324634009,0.99999762526925,1.430740434127006,-0.005061601376934,0.999987190013703,19.45047050049292,0.00639452716462,0.999979554802167,2703.39746093767,1e-13,0.0,9.3536376953124,9.3536376953125,10.250000000001545,,2323.3725585937436,38.05029296875955,692.5054688584823,,924.4268388449889,,10.494211242629959,7017.433595657349,0.771677328104436,600.464395,120.0,6.751802942145137,854.59997,5.862771034240723,350.6973604172738,-503.9026095827262,-58.963565091480895,58.963565091480895,True,0.24241927,-0.04218586,-0.07710041,0.020769972,0.042165495,-0.24957396,-0.015496448,-0.009547258,-0.21447097,0.14570342,-0.07595123
65,SaoJoaoPesqueira_10072020,2020,1966,p,2020-07-10 17:30:00,2020-07-10 19:00:00,192.729167,192.791667,airb,1,1,97.5,65.0,661.459793,590.888188,9710.080638,7408.195001,5.0,1.5,4,810.2607052896725,0.66778851798274,-0.744351056458185,21.0,7.0,2.015113350125945,0.0,97.98488664987406,10.0,233,25.948095238095238,0.194184465110304,0.264530211480845,0.156239718198772,0.15492856502533,0.209323175251486,0.30175018310547,30.050195312500023,11.519799804687523,32.01523943839214,2891.4490670222867,930.5165625,7345.34423828125,8.155022553494547,27174.306555627467,3.375396728515625,29.439242814152756,456.06025323891504,91.31183186369395,9.377681037169214,-0.360321760843905,0.93282808097867,14.69837830993335,-0.21467373940352,0.976685817246524,0.003287183135787,0.003288235108729,30.123443603515625,21.349639892578125,8.598846435546875,-8.256561279296875,-36.273773193359375,32.5076904296875,46.370121002197266,38.2023983001709,13.774107933044434,14.88880205154419,10.24611548765202,13.680602888757189,0.747499975834711,16.045183342759188,49.396652207051226,-0.18543106046406,0.982657275867418,0.053433520440121,0.99857140901058,-0.569819326067427,0.821770001667171,-0.981486556781598,0.191531038886662,-0.99065471003393,-0.136393714985659,0.010369237537632,0.164894659694667,-0.066301846958569,-0.036251500857051,-0.025137218815526,5430.267578125,15013.97265625,31089.75390625,57518.01953125,94276.90625,,-9.573494640560522,-8.2049113249028,-6.581890376196446,-7.809471563383941,-0.921398244613061,-0.005700993890593,0.999983749202285,-4.084976915361777,-0.004516802615776,0.999989799195037,1.246774775345765,-0.004063252967707,0.999991744953587,51.61009169390242,0.007526865037068,0.99997167275014,3043.25244140636,0.0,0.0,4.7134399414061,4.7134399414061,12.875000000001737,,1724.2456665039117,866.1287841796459,709.496072285147,,942.3675507448843,,11.976466625816698,12295.341110229492,1.180934170109832,854.59997,210.0,6.383317745423893,590.888188,6.357484817504883,575.7937887823367,-15.094399217663295,-2.554527154918063,2.554527154918063,False,0.27975407,-0.07931649,-0.07909553,-0.004197705,0.057846792,-0.016010288,0.016233904,0.0019053533,-0.12021486,0.12661156,-0.10367971
130,SaoPedroSul_17082024,2024,2760,p,2024-08-17 16:35:00,2024-08-17 17:00:00,230.690972,230.708333,airb,1,1,1.0,2.4,426.79067,426.79067,3831.23662,3831.23662,0.416667,0.416667,5,780.1993408203125,-0.934288154572075,-0.356518785236214,21.0,7.0,0.0,100.0,0.0,8.0,234,14.0,0.219293988156318,0.295720918162058,0.101123418211936,0.162229384779929,0.247426636219023,0.336158447265624,27.293115234375023,17.561914062500023,55.37843161779292,1615.5177932497688,964.536875,5345.38134765625,11.56139831334675,25684.700816929882,1.742233276367188,41.05378182006627,526.9530975876222,92.09375429124894,15.898742139671917,-0.642592109504508,0.766208444747606,24.352236438913057,-0.64527133219348,0.763953472306561,,,23.3681640625,19.37744140625,9.892974853515625,-4.66998291015625,-31.70257568359375,68.90925598144531,52.02828598022461,38.65719223022461,57.226905822753906,30.93228530883789,24.2660185608899,35.00601085124959,47.169365710686954,59.563995989211556,71.56297289040027,-0.638232548234948,0.76984362981941,-0.487954398679732,0.872869122382675,-0.644643538787658,0.764483294715669,-0.892948999524045,0.450157843704858,-0.662265875641714,0.749268916985427,0.037683780379273,-0.205333483994333,-0.155434456426923,0.0159200047428,-0.016306500299968,5811.84033203125,15259.986328125,31366.115234375,58049.71875,95567.7109375,,-4.354458250980238,-6.103087411103798,-5.686708573015125,-7.535020443727205,-1261.079699142854,-0.151379140765817,0.988475773977796,11.86316303297784,0.000251034350143,0.999999968490877,8.284932713675692,-0.001277282667645,0.999999184274161,71.4585820921183,0.006716702079701,0.99997744270217,,11.446777343751,0.0,0.0,11.446777343751,0.0,,652.4686328125001,,836.1637478693167,,785.2021397486063,,19.81569396317323,12133.00895690918,0.937640238554024,,0.0,6.058633987153818,426.79067,6.748881816864014,852.1043021509507,425.31363215095075,99.6539198363804,99.6539198363804,True,0.34997374,-0.0855359,0.10609539,0.052745197,0.21457025,-0.08700989,0.07727206,-0.13136677,0.17355421,-0.08296816,-0.08315141
130,SaoPedroSul_17082024,2024,2761,p,2024-08-17 17:00:00,2024-08-17 18:30:00,230.708333,230.770833,airb,1,1,18.5,12.333333,640.819253,709.561319,6568.397341,7519.378983,1.916667,1.5,5,849.866796875,-0.989397222430102,-0.145234762531561,21.0,7.0,0.0,90.47619047619048,9.523809523809524,8.0,234,16.083333333333332,0.219260862883924,0.29570446666446,0.101122259497641,0.162198609411716,0.247389717698096,0.336150817871093,26.448876953125023,17.749414062500023,59.0025304376887,1420.2993734219467,964.5496875,5345.38134765625,12.976910878315174,21892.455772205387,1.671928405761719,41.05378182006627,526.9530975876222,92.09375429124894,15.336421969044768,-0.637944895752448,0.770082015101897,23.712167803296083,-0.633709782044511,0.773570883721135,1.9692864809e-05,1.9719345679e-05,22.69879150390625,19.268142700195312,9.924285888671875,-4.562423706054688,-31.640350341796875,72.81745910644531,53.299957275390625,41.161590576171875,56.73686218261719,33.383047103881836,23.885008400013195,35.859151843091055,47.32038769282074,60.359292499067074,72.46398085885063,-0.623958261202909,0.781457668896174,-0.476502488748862,0.879173121868577,-0.614672947007366,0.788782079041657,-0.889165574370343,0.457585600029829,-0.673456858432048,0.739226528089216,0.039385265982446,-0.196114336308889,-0.172208943379317,0.013525602377401,0.026124694671873,5814.607421875,15254.53076171875,31362.380859375,58059.2890625,95575.87109375,,-3.743336301794544,-6.012607515719948,-5.656934325018632,-7.547656729936295,-1314.8689724982087,-0.173090562597249,0.98490591283623,12.201218279851226,0.000435605071573,0.999999905124106,8.572379874386863,-0.001291603957773,0.99999916587926,71.57230251147251,0.007317409506371,0.999973227400672,,5.8162231445317,0.2813110351562,0.0,6.0977172851567,0.0,,602.0813220214843,100.77462158203173,848.8891246874668,,788.5336486310975,,20.61535489311497,11944.591045379639,0.86583501693061,,25.0,6.566055247824438,709.561319,6.691712856292725,804.701121140044,95.13980214004403,13.408256565355986,13.408256565355986,False,0.27328128,-0.08444327,0.114817694,0.17422442,0.15463476,0.04688908,0.14675367,-0.14624594,0.14413752,-0.17995012,-0.10371819
157,Satao_13082025,2025,3130,p,2025-08-13 00:00:00,2025-08-13 11:15:00,225.0,225.46875,airb,1,1,335.5,29.822222,207.067489,207.067489,2821.38257,2821.38257,11.25,11.25,5,693.1767096412556,0.070265407214361,-0.997528331702413,21.0,,0.0,0.0,99.77578475336323,32.0,233,24.697552238805972,0.21095177629094,0.288678099863021,0.139276939419358,0.162916701990183,0.231930393213398,0.329803138790048,24.22225464510497,13.537303467252904,52.1467072835328,1504.9377053259032,941.0256271749405,6792.994544005109,11.72504578770175,5582.801708085554,3.873796435011884,34.735637969563065,726.0809064025685,91.21528563136042,2.580611113529165,0.998206492418483,0.059864835200543,4.406010438816359,0.889047781239848,-0.457814419467652,0.307728254567768,0.318422941221419,26.57501572519341,22.304878043246983,8.557285173223212,-11.83517782253648,-38.94530113747032,50.49606061560754,34.412238798159244,45.77285963479764,73.29711828208251,41.672437411829954,2.753676490299228,27.171148050943145,34.04334444529,61.35148637993627,76.15374965492833,0.981739849984614,-0.190228459890175,0.036725287189689,-0.999325399097228,-0.710129439109199,-0.704071146767465,-0.897106210210119,-0.441814947237458,-0.941397397046827,-0.337299482409118,-0.001464267746238,0.035914951543554,-0.027898931084425,0.099938620285036,-0.060061015007102,5633.199081798338,15164.011306057082,31305.563528338753,57521.849445011314,93936.46095720869,,-4.659340641688634,-8.846334215162917,-7.963079755141781,-7.556631179333821,-4.478559596862274,-0.003738678731751,0.999993011116248,12.922174209341222,0.013923432759417,0.999903064311833,11.709851564640205,0.007779595302719,0.999969738490583,35.34298600722537,0.049408100835278,0.998778673967286,4111.834657041156,20.6590884012815,0.0,32.5897531960576,40.3683819599819,70.54041753428275,,176.08159507574183,174.81673012202964,804.3921074029826,,941.1973440603238,,14.076863741452362,4355.014851569008,1.733284899621449,,0.0,5.33786249341965,207.067489,5.1592535972595215,173.0345072810788,-34.03298171892121,-16.435695378003643,16.435695378003643,False,-0.47089902,-0.24161026,-0.11949028,-0.18551286,0.1985789,-0.084638186,-0.11819003,-0.0020796093,-0.24337241,-0.05541937,-0.08171117
157,Satao_13082025,2025,3131,p,2025-08-13 11:15:00,2025-08-13 12:30:00,225.46875,225.520833,sat,1,1,106.25,85.0,209.142568,768.124723,2723.122737,11873.928014,12.5,1.25,5,719.9939298561151,-0.962477491987378,-0.271361525308374,21.0,,0.0,0.0,95.90361445783132,32.0,233,24.376574074074075,0.21104140831076,0.288271592266303,0.138317247224097,0.163181616248353,0.232070918879054,0.329134123459713,32.23668560343989,13.230622087167282,31.58785211977721,3289.6193604128935,940.1866586398529,6824.885103599501,7.879103623706158,23623.087590666113,3.121497139748029,33.648137365285706,728.2449182734888,90.86213739707728,7.171915660723736,-0.004858145277733,-0.9999881991426,9.170595287494711,-0.20667971928292,-0.978408653701066,,,29.938028447504486,21.2464794499989,9.003485170502843,-11.422884906243972,-37.782282341442865,32.03890642520164,44.84564545636568,44.87860534055935,33.82856621108032,59.29589928288339,6.976291604815898,16.239366196214498,39.10609055591417,40.16176685857814,95.45577711984114,-0.18864191296401,-0.98204594020508,-0.264623859183193,-0.964351706148226,-0.68381800976448,-0.729652608795272,-0.90220706809305,-0.431303148936966,-0.999796137221897,0.020191186101219,0.008143862289024,0.046012981675578,0.016073098454851,0.050784890427825,0.143304625973076,5653.098287612113,15230.708123883864,31367.84533599079,57601.16125020329,94171.73496957374,,-9.483742796987862,-7.878151485479844,-7.9763201758904,-7.347375082486307,1.608681066603008,0.004171841597006,0.999991297830981,13.770634351843562,0.003970013308206,0.999992119466115,6.754369070209052,0.003216049245846,0.999994828500252,21.54828364980099,-0.003520420760253,0.999993803299636,3899.393141635055,12.284445376073,0.0,24.9068344314515,34.1967652223419,188.3542163358827,,1284.2320762826291,,712.7441689756415,,927.3621504544456,,7.938534292275709,10464.442829380838,1.58445248760423,207.067489,675.0,6.645253144911069,768.124723,6.4253926277160645,616.3231481446046,-151.80157485539542,-19.762620614854942,19.762620614854942,False,0.29066974,-0.10079631,-0.08959806,0.062122237,-0.008734819,-0.025776556,0.027528055,-0.009545047,-0.3215353,0.13653693,-0.062406223
157,Satao_13082025,2025,3132,p,2025-08-13 12:30:00,2025-08-13 15:10:00,225.520833,225.631944,airb,1,2,769.75,288.65625,1181.575378,1199.981466,15854.115283,16357.294453,2.666667,2.666667,5,683.9176938047357,0.596375432453608,-0.802705639425669,32.0,,0.0,0.0,57.03508110147114,32.0,233,21.08948253557568,0.210796701868408,0.287908632773459,0.141058844351156,0.162663533328203,0.231615612173478,0.328708596215286,33.23909232309695,12.503816083403164,28.557742131457697,3640.8999926280817,938.5807022174287,6845.675156118861,7.372828213305636,43248.82205374665,3.81526441809298,32.93917537260442,729.6556781040205,90.63191345521967,11.488145423928499,-0.669967034320476,-0.74239084916493,9.996286288381729,-0.64884622852633,-0.760919556672818,0.038674968028547,0.039755914766651,31.55683218193153,22.80991028022213,9.179381444036169,-10.815876501300027,-37.73996350956988,28.251952273676682,40.05177088937921,49.309973759723825,17.011548155968125,84.55286869270125,7.791836118317402,13.20261884296159,43.84595883072033,39.410151439931845,90.28368569707887,-0.678071812052868,-0.734995658286047,-0.499240172251293,-0.866463646329435,-0.749257160413671,-0.662279176457212,-0.840890215639548,-0.541205732824103,-0.997707205838241,0.067678145796486,0.002872858061795,0.056453598295222,-0.004920674631303,0.042080422299151,0.074869611247347,5565.157597783859,15188.270724060509,31351.4264726033,57627.40317781447,94226.99386491627,,-9.54416268089371,-8.771005568344867,-7.807974631433815,-7.504775725225624,1.568131420069631,0.000446312596735,0.999999900402528,15.434982978126484,0.000835696164762,0.999999650805899,6.41525281598759,0.000940766312268,0.999999557479275,22.165838087919685,-0.008119481034439,0.999967036470569,2972.9153986437127,29.133743237268,0.0,4.2679429860689,32.190221831769996,192.79304181930704,-253.55797475566723,2001.1402621759923,271.8069109694327,694.2466239743202,,934.6420962328648,,7.722945459269662,11866.798649344733,1.075340806984777,768.124723,750.0,7.090894389821023,1199.981466,6.4942779541015625,660.3465303219755,-539.6349356780245,-44.97027253902807,44.97027253902807,True,0.14530548,0.15517893,-0.08249648,-0.042440657,0.0017893096,0.15317167,0.10640374,0.1279088,-0.17232499,0.12660275,-0.060052957
157,Satao_13082025,2025,3133,p,2025-08-13 15:10:00,2025-08-13 18:30:00,225.631944,225.770833,"sat,airb",1,2,2833.25,849.975,1723.244829,2166.281842,23718.385433,26394.65421,6.0,3.333333,5,778.5486741256277,-0.575732790267911,-0.817637911431659,21.0,,0.0,0.0,75.56317335945153,27.0,233,21.849774250440916,0.211364245190768,0.287970470949906,0.152584090931556,0.162746857626795,0.231259053783239,0.32850286553146,31.75129796080856,13.21008494591598,32.43171613981744,3162.873816128729,935.4847473333788,7042.743704889785,8.04072016665468,24990.377984016755,3.770835801685825,31.811595793739496,728.8487536964221,90.36939278417385,7.85893195407404,-0.927050771643689,-0.374935816900493,11.209452050273265,-0.991861472183376,-0.127321718485995,0.000941224025121,0.00089003128951,31.26960652190226,22.79265558910393,9.250983985732281,-9.198167756876368,-37.213718970693485,31.784454267291746,43.28686220757957,53.15022542873232,11.014810420473014,84.11250187099284,7.980813573644736,11.018694181072055,44.18293447936149,38.90395693882017,71.54318234490759,-0.988258474110978,-0.152791322881381,-0.831362698381292,-0.555730207690906,-0.747839744421486,-0.663879293745185,-0.853301049567535,-0.521418563926279,-0.989349888067609,0.145556858239688,-0.003846119757289,0.030499580863161,0.146965269774371,0.040294771405489,0.002765924991634,5491.515248055931,15110.933240106795,31280.196062153318,57638.8431849829,94374.06577817774,,-9.249585128314644,-8.713827501875942,-7.204233582360985,-7.80900866252923,4.329948402947827,0.003382371523999,0.999994279765076,15.391389531275749,-0.004911762695121,0.999987937220858,6.183878065392187,-0.001679033227191,0.999998590422718,28.707412959864016,-0.003110121246841,0.999995163561219,,14.1109257647153,0.0,2.6370040402972,15.4681779176227,169.00886057894172,,1318.7357145228482,802.2292956686172,713.836125353444,,938.2066078473023,,9.90740163187572,11519.079002585777,1.537996205282112,1199.981466,910.0,7.681229053992877,2166.281842,6.533834457397461,687.0313869072342,-1479.2504550927656,-68.28522616092563,68.28522616092563,True,0.10149523,-0.05473903,-0.07916824,0.029751273,0.009141065,0.082545005,0.08090516,0.12636368,-0.20955706,0.09537971,-0.045403633
157,Satao_13082025,2025,3134,p,2025-08-13 18:30:00,2025-08-14 02:30:00,225.770833,226.104167,sat,1,3,1341.5,167.6875,258.00757,260.533577,3098.874668,3092.656859,8.0,8.0,5,775.5941303126755,0.038466880427153,-0.999259875663084,22.0,,0.0,0.0,78.71607938436614,32.0,233,21.807062780269057,0.211162968976962,0.287613727418449,0.151797656799039,0.162467381731722,0.231137476163011,0.328063864159976,25.542602249279902,16.215138984018814,57.0858828076178,1444.2361866756887,935.7620227365023,6984.2720879387725,12.984207717900912,4853.451821265375,3.611342107714599,36.72930185304527,734.7598585621819,91.18298015107851,2.156450648547704,-0.962027781625299,0.272951547680364,2.731541081460084,-0.518914418908207,0.854826196281535,0.205188450996677,0.542731843155259,28.555471630544936,22.834954042475097,9.612269827045903,-8.23122118123517,-36.134217158454376,55.337140200015284,42.02448637765313,52.40017734675746,36.992395469884656,74.37751723135378,1.810885115090913,14.558893879127382,47.235980223469646,42.830354565097956,72.86161146186748,-0.960546801400716,0.278118396225157,-0.231197259427912,-0.972906895459696,-0.459156413091611,-0.888355440303512,-0.933875345220057,-0.357598713071119,-0.992278633949962,0.124028676548598,-0.007312582007977,-0.029741510948991,0.139503170657973,-0.002870783156567,-0.033867351686184,5552.201703085329,15124.510344862725,31319.842533284344,57713.034540449225,94548.68666624281,,-6.241915852567778,-8.508564728178753,-6.967728323873517,-7.777635201022156,5.133736778803009,0.004916948333269,0.999987911736481,19.24272890291157,-0.001162375755217,0.999999324441074,7.988488346414579,0.001951665945051,0.999998095498206,27.271422716949196,-0.0022590168968,0.999997448418075,,3.1446966902092,0.0,0.3300672173594,3.4747639075686,292.22505800370527,,69.35635135323015,85.8932060860468,816.3222281078602,,949.8767016073175,,16.53658009714867,4438.819979094082,1.720327568803434,2166.281842,1110.0,5.566562676791843,260.533577,5.0654802322387695,157.45651973396642,-103.07705726603356,-39.56382837596152,39.56382837596152,True,-0.29888988,-0.24346645,-0.10032173,-0.21728876,-0.007487639,0.09421256,0.13512649,0.113275446,-0.2578138,-0.19540024,-0.06630361
157,Satao_13082025,2025,3135,p,2025-08-14 02:30:00,2025-08-14 10:30:00,226.104167,226.4375,airb,1,4,107.0,13.375,70.147555,70.965802,1084.364281,1097.013025,8.0,8.0,5,749.5919457274827,-0.099761956582549,-0.995011332608238,21.0,,0.0,0.0,74.10926365795724,32.0,233,23.703644859813085,0.21161086194881,0.288041128425557,0.153891782165921,0.163339430434016,0.231301606675072,0.328480422857698,24.05022199953558,15.591410849547382,61.40839982956733,1271.6504431057083,932.7079498568614,7282.935828309555,13.902144095306882,5875.991612833828,3.431278101885916,44.609582034817166,735.817354836083,92.4964564894881,3.028427479663344,0.709728936849811,-0.704474865554504,6.062294675337004,0.813507140526971,-0.581554926306734,0.139959385569849,0.100160704690624,27.912911397102246,22.41481375156461,9.552257547792776,-7.406224816998375,-36.389292932249674,58.847751233744376,39.61793020137033,43.621125303592855,28.68315874818828,42.51487413972964,3.118348595212892,22.94024860522787,44.70860050297799,31.176927171797924,56.1128040945279,0.841926888839959,-0.53959161765938,-0.023978241788447,-0.999712480626672,-0.412107458353154,-0.91113524943869,-0.95424439942189,-0.299027801670608,-0.971263390122927,-0.238007199485477,-0.007461684909349,0.033813315179907,0.103797501024546,-0.006821443392065,0.062390616131717,5536.40258346024,15088.94662311667,31271.929093686063,57708.390989513675,94606.55251826394,,-5.999223378705918,-8.276828686714381,-6.622140132120247,-8.078692732165408,5.199965490882698,0.000246193547446,0.999999969694368,17.689504706715006,0.012120700676532,0.999926541609487,5.699385928797586,0.008584024270348,0.999963156584944,23.42480705452693,0.036116866781667,0.999347573136532,,0.0,0.0,0.0,0.0,42.75420041923204,,177.9648907226251,159.74903769525,825.15192413131,,946.1376275368373,,18.827427573032594,3116.7522765207236,1.533576731843419,260.533577,1590.0,4.2761910339587965,70.965802,4.704889297485352,109.48605318651975,38.52025118651976,54.280019531829936,54.280019531829936,True,-0.337318,-0.24951887,-0.117897466,-0.14131197,-0.018278427,0.09717406,-0.14304416,0.006035472,-0.22954527,-0.1972547,-0.09477137
157,Satao_13082025,2025,3136,p,2025-08-14 10:30:00,2025-08-14 15:00:00,226.4375,226.625,sat,1,5,976.5,217.0,720.599906,725.970142,7820.721351,8157.611853,4.5,4.5,5,805.2371860584316,-0.475184673866183,0.879886086787767,22.0,,0.197684269980232,64.1909065235809,17.537418808246258,5.0,234,17.766834016393442,0.211989804160002,0.287694549096094,0.157185654389742,0.164867872823301,0.231061882027538,0.3277499696972,33.17992828591339,10.707106894401644,25.598341198690385,3788.8052980479943,924.5542463389829,7934.619726652027,6.982184892033173,51570.01814338616,3.562961793172433,44.47601001331756,734.2644159722281,92.4647956734232,13.376840345807183,-0.208094836896868,-0.978108653911653,11.923290053878134,-0.321298181957714,-0.946978076974683,0.002515751451684,0.002911001332479,31.887618784420795,23.47315028217048,10.347226695825617,-7.623989179680308,-36.634020596044955,28.647863687458077,36.860760837585474,32.69468803470631,29.530620319231407,29.16557621974041,8.522672175495968,18.24482793044306,36.0145230407147,32.48328898000942,57.149884815344414,-0.304016180651811,-0.95266686827132,-0.247190847380189,-0.968966813142465,-0.054855373948207,-0.998494310423952,-0.509200502614831,-0.860647923448842,-0.844098608099332,-0.536187970589392,-0.010250706446042,0.058267375933478,0.038247960244776,0.013816047334074,0.026135359017959,5522.3629650901585,15156.688388436582,31382.045170865655,57854.17808416682,94707.30612346724,,-9.18140771818693,-8.446300965217324,-7.017603775634194,-8.086208438365782,3.033477887513622,0.001503485368992,0.999998869765234,12.186999337850377,-0.00201307533735,0.99999797376179,4.850346174098363,0.000804019386733,0.999999676776361,28.738940091163226,-0.00018675550867,0.99999998256119,,0.0,0.0,4.6578237326705,4.6578237326705,46.73926560352187,,1687.6163215418576,382.024952547697,666.8299532622651,,924.3422321722961,,9.95128958953465,9672.564627792643,1.705862544453884,70.965802,2070.0,6.588885406538811,725.970142,6.715494632720947,824.0917833738594,98.12164137385935,13.515933465740156,13.515933465740156,False,-0.09354756,0.21733683,0.10756349,-0.022925941,-0.06519786,0.07293259,0.057623636,-0.012330111,-0.10741972,0.12526071,0.21306089
157,Satao_13082025,2025,3138,p,2025-08-14 15:00:00,2025-08-14 17:30:00,226.625,226.729167,sat,1,5,3536.0,1414.4,1035.151409,1824.718122,11147.704843,27465.950023,7.0,2.5,5,784.5298824529103,0.382235078119656,0.924065119488265,22.0,,0.0391512019419,43.52047607861561,29.136324485161698,5.0,233,18.649322754321336,0.211067063193774,0.287877003845215,0.151449993894873,0.163573472962954,0.230715464304045,0.328517184084073,34.04560125702634,9.288976948723894,21.98187905168342,4151.236999620988,924.0962191063016,7925.867917286864,6.411011667222943,58595.66524954079,4.111588022709845,44.42776057331611,730.0076789097553,92.43454116851785,14.106051308071299,-0.211684045175612,-0.977338152850941,13.912927767016978,-0.412968073266734,-0.910745502575973,0.000158452494397,0.000156580392596,33.70620679016886,24.791909377326107,10.56873333190642,-7.040932160115314,-36.78721416245861,24.26493396782026,34.338024207875144,36.795879653946834,30.75387549805471,29.562473779047583,10.064869995645259,17.862443553053357,39.34132533847839,33.746402304590845,67.18250932571625,-0.396263378144512,-0.918136882573344,-0.248697530874738,-0.968581198525353,0.05436363604624,-0.998521204119288,-0.496900277058932,-0.867807648421444,-0.76148564621996,-0.648181772808346,-0.018241260843062,0.1726270199522,0.044954643243768,0.01528086536356,0.029049055228258,5435.5740782682815,15119.398267583363,31361.462068774443,57884.07936880142,94752.15156804612,,-9.72679368240547,-9.152363623833752,-6.876421489816862,-8.291429715642094,2.161287438272562,0.002673996950325,0.999996424863764,13.028736314497957,-0.003995638435473,0.999992017404886,4.850014092372031,0.000258726194989,0.999999966530377,36.37655655308078,-0.00436696818422,0.999990464748978,,0.0,0.0,6.4937408761166,6.4937408761166,70.88704923127072,,2325.283927256471,37.132876584115365,644.5340662111645,,926.3688542513552,,9.106468940724726,12178.240213924757,1.328875567176693,287.198118,2340.0,7.509728680125961,1824.718122,7.315103530883789,1501.8273770334436,-322.89074496655644,-17.695376676187603,17.695376676187603,False,0.15730444,0.37550867,0.1464965,0.14396162,-0.06846526,0.16197975,0.049663145,0.05623447,-0.04346932,0.12069519,0.25794825
157,Satao_13082025,2025,3139,p,2025-08-14 17:30:00,2025-08-14 22:00:00,226.729167,226.916667,sat,1,5,2376.75,528.166667,980.670768,1669.144304,9764.538637,23111.787115,11.5,4.5,5,771.4154260373773,0.98418325083041,0.177153404666367,22.0,,0.0,1.691229765643875,48.03092534428606,30.0,233,20.323861635220126,0.210869084282057,0.287920808314402,0.150104149009714,0.163330684552691,0.230642152910156,0.328688916268023,29.719681476605597,12.876226749927337,36.844035882706116,2707.249028760555,926.5807963325487,7749.435784059087,8.83513266062206,14057.930912711332,4.584185431039595,43.753497083244,729.242449723555,92.32113307439425,2.456922304321483,-0.935599858490646,-0.353062182614173,2.942425552715775,-0.994063468003839,-0.108801753571255,0.449995211746154,0.462972312105169,32.44241220232418,25.152636631057785,9.984265768978597,-6.16379902507246,-37.39030762052988,37.116045347384976,30.971052935630517,51.111969913160486,17.540536882085192,38.75520233494716,2.502955558954864,20.672253133994282,43.53999182022178,40.415035303404245,72.12552094439594,-0.994221531239568,-0.107347784418914,0.246389905187236,-0.969170787127751,0.10250102423734,-0.994732898837822,-0.315034218237329,-0.949080313429583,-0.687682452101732,-0.726011601196117,-0.012785448857701,0.063105084105261,-0.064238377463005,0.066935097649138,-0.030702907717108,5496.475473196791,15166.805691971811,31428.541441075555,57946.096912391295,94786.74863188788,,-7.954204317952625,-9.760579863990356,-6.305679106685823,-8.704025641380419,3.506363905771809,-0.003942180237143,0.999992229577299,17.67110150841026,-0.008355041477955,0.999965096031807,7.568867143606471,-0.002323080514131,0.999997301644822,21.44514812886494,0.023564961610501,0.999722307735651,,0.0,0.0,0.0298365574558,0.0298365574558,298.29864248382745,,427.24093951108597,485.124883958604,725.6716183966855,,947.6767882414657,,14.270277221652055,5188.721194613606,2.312212955045396,1824.718122,2490.0,7.420665311258547,1669.144304,6.280416488647461,533.0110270468523,-1136.1332769531477,-68.06680969587083,68.06680969587083,True,-0.029035734,-0.13513352,0.15869114,-0.22055419,-0.09403036,0.18879065,0.05984808,0.10320764,-0.19437309,0.034043238,0.31821823
157,Satao_13082025,2025,3140,p,2025-08-15 12:00:00,2025-08-15 14:30:00,227.5,227.604167,sat,2,6,450.5,180.2,1372.113014,1372.113014,18577.688044,18577.688044,2.5,2.5,5,659.1795618413755,0.998815400465179,-0.048660001989152,22.0,,0.0,35.997313633310945,41.16856950973808,20.0,233,19.732572062084255,0.211050356159607,0.285969549482807,0.151744265357649,0.165059189001718,0.230230316519737,0.325609334309896,32.98248697916669,9.006005859375023,22.901246468241553,3869.551171680894,927.2241666666667,7936.99560546875,6.640518328827699,68300.68797813685,3.279179890950521,61.27665696979133,751.5958662871545,94.36576490744072,17.627210083576145,-0.106093328760727,-0.994356176423955,23.7726467426976,-0.135046853525648,-0.99083921367335,0.001016690562824,0.00101931823016,32.52728271484375,23.147186279296875,10.588826497395834,-7.913197835286458,-35.831705729166664,25.11743418375651,36.60216776529948,35.48358027140299,7.122647921244304,34.522464752197266,16.254233678647967,32.92730790294276,57.22134323313453,46.60216568366604,50.40277011580095,-0.14228669118907,-0.989825488412208,-0.056326246666943,-0.998412416757932,-0.067720742375395,-0.997704315442268,-0.422836553124859,-0.906205964084042,-0.71798899452371,-0.696054454581559,-0.033265205762528,0.005549109665725,0.164661573563909,0.00080927665385,0.075182865359256,5813.883951822917,15454.515950520834,31673.272135416668,58119.3046875,94930.40364583333,,-10.235048094557099,-8.081083639536457,-7.224879869751814,-7.781958967156676,5.890426250977108,-0.000100369116858,0.99999999496302,17.87117785394864,-0.000568494832553,0.9999998384068,6.030799368849138,0.001088928568393,0.999999407117111,66.03225449311735,-0.001161495952055,0.999999325463349,,0.0,0.0,0.8355712890623,0.8355712890623,1.26e-13,,1948.8901204426923,375.33823242186384,653.6775155673016,,938.1091593542114,,10.058124870481342,8149.410724639893,1.596419057647621,,3600.0,7.224835714106694,1372.113014,7.455174922943115,1727.7863732206638,355.67335922066377,25.92157902385902,25.92157902385902,False,0.1581587,0.3954988,0.07301555,0.0047509186,-0.097403735,0.16947319,0.019376002,0.10059415,0.1461527,0.11542305,0.29814172
157,Satao_13082025,2025,3141,p,2025-08-15 14:30:00,2025-08-15 15:30:00,227.604167,227.645833,sat,2,6,498.0,498.0,1243.659521,1364.236892,14399.83615,13694.374531,3.5,1.0,5,638.1633991008991,-0.73687030120149,0.676034140563348,22.0,,0.0,39.14319248826291,23.18075117370892,5.0,233,18.90392,0.210419438719749,0.285700013769539,0.149322122335429,0.16447153687477,0.229760926961899,0.325531005859375,34.08779296875002,8.981835937500023,21.479097937264562,4187.614976412861,926.631875,7936.99560546875,6.33941982671845,72132.1256437481,3.721359252929688,61.27665696979133,751.5958662871545,94.36576490744072,17.22510929253027,-0.2172727930989,-0.976110922681947,23.349471367860716,-0.345013802054064,-0.938597611541921,,,33.41851806640625,24.26220703125,10.819488525390625,-7.80914306640625,-35.66583251953125,23.592683792114258,34.28845977783203,29.560842514038086,10.224164009094238,34.82035827636719,15.974946972239819,29.75390375727529,60.48706505818011,41.56786938071668,46.63238535669051,-0.365814623325174,-0.930687735688754,-0.223722064208736,-0.974652983366994,-0.161460181748055,-0.986879227519703,-0.36838966062502,-0.929671478504414,-0.682609738032752,-0.730783104308561,-0.045699024847896,0.113363096575635,-0.028973893958626,-0.00546827718053,-0.022032949750614,5749.9775390625,15427.3017578125,31658.8671875,58129.125,94960.359375,,-9.990865707777168,-8.650152924042908,-7.274318905248358,-7.764727796665789,5.426066231289981,0.000297346931273,0.9999999557924,19.557819962589452,-0.00172002207615,0.999998520760935,5.067457855350283,-6.693087265e-06,0.999999999977601,65.70301306963262,-0.005206150378828,0.999986447907287,,0.0,0.0,2.2027587890624,2.2027587890624,3.396e-12,,2377.838671874963,,643.0050179831317,,928.2204736920746,,8.677368829806198,7987.473487854004,1.294649636275655,1372.113014,3750.0,7.219083239814225,1364.236892,7.725249290466309,2263.8171144077514,899.5802224077515,65.94017708236493,65.94017708236493,True,0.32618514,0.3804218,0.09918308,0.12186891,-0.10161054,0.12173866,0.03922423,0.04299912,0.15479778,0.1357912,0.304305
157,Satao_13082025,2025,3142,p,2025-08-15 15:30:00,2025-08-15 22:00:00,227.645833,227.916667,sat,2,7,302.5,46.538462,492.235801,256.373505,5299.897501,3087.486983,6.5,6.5,5,651.5941879637263,-0.916846628820484,0.399239601267853,22.0,,0.0,0.0,48.64016736401673,14.0,233,21.354281045751634,0.209821330998625,0.285439454964111,0.146976708940093,0.16391072486128,0.229321818266596,0.32544904436384,28.547160993303596,14.023723493303594,45.24068416783967,2359.093808082274,927.0311607142856,7936.99560546875,10.59561498865421,27385.066631956295,3.507428850446428,61.27665696979135,751.5958662871545,94.36576490744072,8.056728210838827,-0.874166146062773,-0.48562696494095,13.581678494232843,-0.975050861971649,-0.221981568082454,0.168594557089985,0.153301019553868,28.601396833147323,23.726344517299108,10.71148681640625,-8.061043875558036,-35.587184361049104,50.57355417524065,39.47244535173689,25.958432061331614,8.016764845166888,25.72392954145159,8.818661418688004,29.84707878493455,56.01369394821256,39.94643200883591,47.78622496411695,-0.965079330201883,-0.261957795106548,-0.112346315271874,-0.99366911265513,-0.402859901731236,-0.915261656345932,-0.24760059209309,-0.968862191849363,-0.518948145231874,-0.854805722114913,-0.031038241920715,-0.008202085225226,-0.01392210648299,0.07960557168123,-0.04718543879954,5839.283761160715,15445.40708705357,31690.2578125,58174.35993303572,95011.83370535714,,-5.31939039849321,-8.37483202138834,-7.330510254550524,-7.672591121147858,-0.205080625012768,5.3157437634e-05,0.999999998587143,21.22515874615623,-0.007770613973443,0.999969808323469,6.393752323056811,-0.004210350969561,0.999991136433075,61.118895558138384,0.004685920974252,0.999989021012042,,0.0190080915179,0.0,0.7243129185267,0.733904157366,601.8785714285489,,707.4739911760587,401.711599121089,754.0008297062119,,903.6393804451761,,13.63074283513465,11380.632434572492,1.752276651553017,1364.236892,3810.0,5.55052835668611,256.373505,6.199520111083984,491.51263301940236,235.13912801940234,91.7174058292031,91.7174058292031,True,-0.28231743,-0.14456831,-0.102063745,-0.17075647,-0.13531414,0.17228843,0.09685602,0.10824956,-0.06197373,-0.033115853,0.31576285
157,Satao_13082025,2025,3143,p,2025-08-15 22:00:00,2025-08-16 12:00:00,227.916667,228.5,airb,2,8,18.25,1.303571,15.504562,16.983145,204.697431,224.218265,14.0,14.0,5,604.2881944444445,-0.999994706567372,-0.003253742035701,32.0,,0.0,0.0,0.0,0.0,233,24.802,0.209611389283339,0.285309180068035,0.145593589941656,0.163622724612553,0.229248702526093,0.325360921223959,23.176985677083355,16.70587565104169,71.61598908403958,1010.0224604685146,928.1901666666668,7936.99560546875,15.904576222098388,4418.022016691246,3.041446940104167,47.46193592691968,759.4306814736029,94.63039367505148,1.338861853736586,-0.745995860292193,-0.665950581069579,2.283279746416591,0.182457200319896,-0.983213796715356,0.512193884999483,0.607817892224278,24.965421549479167,23.198667399088542,11.115773518880209,-8.933955891927083,-36.366091918945315,75.87688153584799,25.249298731486004,31.116275533040366,13.828614934285481,25.802033996582033,1.190622061160851,31.140120345141074,52.64906503754209,41.20728226701614,53.932867880318184,-0.406813849293609,-0.913511079310436,-0.492335472595345,-0.870405527569947,-0.384618391546015,-0.923075670183413,-0.612285271816312,-0.790636924205305,-0.753312844087021,-0.6576623441657,-0.004281277876122,-0.01230190292767,0.02759285767504,0.041206282584776,-0.014277822831087,5985.640787760417,15521.334505208333,31793.1609375,58212.421875,94930.07135416666,,-1.927785479046853,-7.775129694430993,-7.829245265786124,-7.646388473021173,0.621437301545158,-0.000315870845,0.999999950112803,22.696786828646577,0.001607956497765,0.999998707237115,8.390753754291573,0.001707415792698,0.999998542364593,20.44586807032443,-0.057060597828921,0.99837071680584,4393.723388671875,0.0,13.7879638671867,0.4344889322917,14.222452799478399,734.6066666666418,,193.4095968500786,138.62734091622605,847.53849708115,,853.0791710415839,,18.183683329083397,3805.890854001045,1.314089384607278,256.373505,4200.0,2.889434930321325,16.983145,4.452282905578613,84.82264552940279,67.83950052940278,399.45193030738875,399.45193030738875,True,-0.49354708,-0.27344292,-0.08693963,-0.22451788,-0.20703445,-0.075437255,-0.09151987,0.031804,-0.17856254,-0.3447835,-0.0711963
142,Seixal_11092024,2024,2889,p,2024-09-11 12:50:00,2024-09-11 15:20:00,255.534722,255.638889,airb,1,1,59.75,23.9,854.147148,854.147148,10081.308972,10081.308972,2.5,2.5,4,46.60392594537815,0.713235938724415,0.700924029914728,24.0,6.0,0.0,0.0,79.66101694915254,37.0,227,20.179310344827588,0.081286325242594,0.104648793420991,0.052874490718033,0.061835176895042,0.089721838533851,0.117009887695276,24.90045572916669,11.834293619791689,44.12005017145762,1758.2326597238205,1012.94,421.31494140625,10.292041150058651,55518.40067468075,1.967920939127604,46.225040445081156,1098.850097917376,88.01236634102413,31.670812946508963,-0.259820973619345,0.965656803252323,42.47168595970435,-0.220470875214978,0.975393558099469,2.060207151e-05,2.1368797416e-05,20.834401448567707,17.233937581380207,7.298095703125,-9.315928141276041,-35.15875752766927,40.699904123942055,30.136425018310547,15.110231399536133,65.6189702351888,73.61831919352214,44.61292168690971,25.565027760865203,39.02794914025491,63.99692464505901,108.6037943559303,0.088470731129269,0.996078776871314,0.337780997805422,0.941224732740047,0.086606802051256,0.996242571785835,0.037784439143962,0.999285913119252,0.273192141597306,0.961959486553086,-0.136248438822916,-0.095644965330961,-0.024346384554793,-0.025226856324043,-0.168964356202068,5848.79150390625,15229.21875,31164.161458333332,57405.536458333336,94362.21614583333,-4.340911318389145,-3.928629209368105,-6.393539494154783,-6.487632070451828,-7.203387754265553,27.291468588613288,-0.205694662912607,0.978616219796744,2.684507485259949,-0.034718045271604,0.99939714695036,5.962951273157445,-0.012186403970559,0.999925743022084,126.79963957069536,0.013630150076579,0.999907105189722,,17.4322102864569,0.0,0.0,17.4322102864569,0.0,,592.4756827799184,13.511942138673362,835.2006840004166,,691.0699665046055,,21.82702041599282,22314.193725585938,1.007321022592465,,0.0,6.751273557052728,854.147148,7.269141674041748,1434.3179535112577,580.1708055112576,67.92398790650269,67.92398790650269,True,0.12677734,0.27431884,-0.07816403,0.11142427,0.16857882,0.08331403,0.0373372,0.11727246,0.25051937,-0.036745332,-0.171302
142,Seixal_11092024,2024,2890,p,2024-09-11 15:20:00,2024-09-11 16:00:00,255.638889,255.666667,airb,1,1,46.0,69.0,1008.328809,1604.084633,11513.080655,18932.654464,3.166667,0.666667,4,56.78046660370879,0.860260281386643,0.509855124784064,24.0,6.0,0.0,0.0,93.95604395604396,37.0,227,19.022727272727273,0.081233422106479,0.104624101321557,0.052780346870408,0.061817395091036,0.08966270118949,0.117000122070276,23.381982421875023,13.341943359375023,53.29452815945256,1340.576592785539,1012.58875,421.31494140625,11.673268531179142,46056.81620281744,2.056243896484375,46.225040445081156,1098.850097917376,88.01236634102415,34.35597522042178,-0.234247896902151,0.972176898921652,49.54497529623357,-0.222043680834733,0.975036719206699,,,20.885498046875,17.54290771484375,7.430419921875,-8.17333984375,-35.10247802734375,36.68953323364258,28.598222732543945,18.96361541748047,71.30223083496094,75.77135467529297,56.930995182689465,26.245226005122436,37.95646283764129,71.0543008082025,103.13307402444583,0.041763294925735,0.999127532999139,0.167500431962447,0.985872002489367,0.095851906563017,0.995395605781056,0.077250131305163,0.997011743769016,0.221009178261959,0.975271727839977,-0.199910689849109,-0.06857043006193,-0.067393418742862,-0.074298098569942,-0.171463185847824,5810.033203125,15198.3828125,31143.255859375,57440.80078125,94503.0703125,-2.312649386508033,-3.647251714715109,-6.507208033372764,-6.09313271867067,-7.506183681526724,42.374461523811995,-0.20793080565399,0.978143537554731,0.703976153816256,-0.034759244206366,0.999395714890855,6.364679177577624,-0.018719836600823,0.999824768505781,151.97365728550665,0.010073468560957,0.999949261328369,,39.5484619140584,0.0,0.0,39.5484619140584,0.0,,581.5648168945088,,872.7596761330217,,703.9407128374762,,23.728885293728183,28465.497970581055,0.658976910232812,854.147148,150.0,7.380931765015016,1604.084633,6.800865650177002,897.624849815482,-706.459783184518,-44.04130359775836,44.04130359775836,True,0.32109392,0.23504458,-0.06272276,0.061883993,0.03791847,0.045245454,0.019323405,0.13263461,0.28167266,-0.07526355,-0.18089491
142,Seixal_11092024,2024,2891,p,2024-09-11 16:00:00,2024-09-11 17:20:00,255.666667,255.722222,airb,1,1,272.0,204.0,1302.163645,2022.733353,18239.22745,29881.671262,4.5,1.333333,4,66.46787162934187,0.908032121740462,0.418900544148029,24.0,6.0,0.0,0.0,62.849162011173185,37.0,233,23.338709677419356,0.081227125804474,0.104621922670344,0.052772517427788,0.061815950535217,0.089655138850185,0.117000122070276,22.849267578125023,13.786523437500023,56.75910764946996,1205.4908041449007,1012.605625,421.31494140625,13.003813443599553,40801.55421526199,2.007843017578125,46.225040445081156,1098.850097917376,88.01236634102415,33.78097081440006,-0.242122379290347,0.970245718077014,51.18935956758204,-0.211659120484117,0.977343551017701,3.4004453723e-05,3.4014268944e-05,20.573226928710938,17.525054931640625,7.509368896484375,-7.764694213867188,-35.110862731933594,38.35720443725586,28.47049903869629,19.14807415008545,66.72167205810547,73.97417831420898,62.30917528633912,28.14501207851961,37.492903716558594,71.26024450687024,101.13726965850965,0.042976805269035,0.999076070281371,0.147229491647462,0.989102359106089,0.075010823376327,0.997182719653929,0.07165128556061,0.997429743529594,0.196581948652897,0.980487397911789,-0.211460857714451,-0.054545832177322,-0.05146530416614,-0.089280533682748,-0.171695638779756,5807.35498046875,15193.79541015625,31141.0888671875,57460.083984375,94539.76171875,-1.828194014675566,-3.325998533689691,-6.444917804798141,-5.964389037169727,-7.62242603098399,51.152681277013315,-0.208420533317648,0.978039304573997,0.208672474165093,-0.034974094318004,0.99938821922546,6.218590559895063,-0.01878603989748,0.999823526781087,159.0002296709377,0.009089218020087,0.999958692204725,,58.3231811523415,0.0,0.0,58.3231811523415,0.0,,585.1745654296672,7.219497070316834,885.4995123158094,,711.8052041127828,,24.594933419373305,31154.606819152832,0.537148108321044,854.147148,190.0,7.612699279139607,2022.733353,6.826693534851074,921.136753154279,-1101.5965998457211,-54.460791790074424,54.460791790074424,True,0.2594564,0.18100105,-0.06763831,0.18478835,0.049523726,0.12409321,-0.005030716,0.076144904,0.24750647,-0.15457784,-0.18614984
142,Seixal_11092024,2024,2892,p,2024-09-11 17:20:00,2024-09-11 19:45:00,255.722222,255.822917,"fops,ek",1,1,436.0,180.413793,1142.35969,844.465019,15789.206718,10959.189759,6.916667,2.416667,4,58.6780697375927,-0.424696034757468,-0.905336002852689,24.0,6.0,0.0,0.0,44.60308395202741,32.0,233,22.618818181818185,0.067021219744707,0.086220602059107,0.044770963053114,0.050207925079083,0.074088316756086,0.096379005400059,20.060745578162283,14.846450119011386,72.02224897556482,658.7470744462012,1012.0772256605762,496.7612471141511,16.45950752724971,22704.057359828552,1.900204240887635,44.47527546778118,1083.1804058911587,87.41659782266865,34.37089366239112,-0.227859702442426,0.973693974512962,53.55581435480506,-0.159526668934996,0.987193619255364,0.000891727528214,0.000891937339448,20.55366924166983,17.5763565716173,7.775948089842028,-6.54806074307019,-35.291703352410195,39.86915239765649,26.14524204360783,18.898957379014682,54.99092866622375,92.05366022471654,75.3990803481091,36.488465163146905,39.22150919036738,72.7918211096787,98.83409852791084,0.086589713902889,0.996244057169836,0.141107491930086,0.989994280650752,0.011695378843864,0.999931606718029,0.075773419760574,0.99712506179405,0.122876619021749,0.992421954864857,-0.207698700828178,-0.075405821278325,-0.050460533718391,-0.12221297830859,-0.098639371459326,5818.743001879078,15202.209293933764,31160.500240595626,57560.27887121597,94671.21372556836,2.599584980366954,-3.248680712390271,-6.306390485562259,-5.593401090076911,-8.011955660478964,78.54692104527467,-0.212224080798122,0.977221029004898,0.769885542703065,-0.035778303139509,0.999359751553192,6.494105023919337,-0.018981997735998,0.999819825649577,184.69169373577537,0.008228534250404,0.999966145038966,8870.994125307061,82.69875076023659,0.1982740735571,0.0,82.69875076023659,0.0,,573.033113884173,16.224221520786955,936.5650906587333,,731.2408628508496,,27.695422095543535,37702.481727058286,0.085777600882293,2022.733353,270.0,6.739886794330761,844.465019,6.269933223724365,527.4420893048684,-317.02292969513155,-37.54127436451356,37.54127436451356,True,0.18246451,-0.047668546,-0.06818453,0.047772825,0.06777819,0.09888055,-0.022535393,0.10073461,0.21798456,-0.29529312,-0.17255339
142,Seixal_11092024,2024,2893,p,2024-09-11 19:45:00,2024-09-11 21:45:00,255.822917,255.90625,fops,1,2,53.5,26.75,350.565611,354.062435,3901.579987,4029.578523,2.0,2.0,4,33.85733393809242,0.296481503986718,-0.955038594923668,21.0,6.0,0.0,0.0,0.0,0.0,233,21.560576923076926,0.041345925657534,0.052946966277602,0.030341265350572,0.029212231235571,0.045954817393783,0.059085083007797,18.341943359375023,14.715844726562523,79.4162513775703,433.645078333598,1010.8109375,633.2647705078125,17.821822135851317,15452.997917941899,1.903785705566406,41.309459961359856,1054.829538979882,86.33868550980598,35.573951494332576,-0.137131637168886,0.990552832557346,55.22391258077484,-0.115625000007712,0.993292937341858,1.3873964e-05,1.3893149032e-05,19.852569580078125,17.82012939453125,8.012557983398438,-6.854095458984375,-35.031776428222656,43.74683380126953,20.942869186401367,30.612117767333984,66.8189697265625,91.39385223388672,75.55059488730858,39.023404290057385,42.5853629789461,72.94460231735225,92.38506141626091,0.116887134721288,0.993145204759429,0.195491152960028,0.980705465017076,0.060193392590949,0.998186733776998,0.046324843563917,0.998926428156137,0.173535226201578,0.984827662724381,-0.136386636531305,0.006360906520611,-0.031763677446554,-0.089532415412948,-0.099034156678463,5868.1875,15250.1103515625,31220.2587890625,57673.59375,94794.2734375,4.064909245134277,-2.217687546318922,-6.310999704620134,-5.805299098905497,-7.854200443867917,80.42369989907473,-0.219005651968829,0.975723590165631,1.791899793184429,-0.035966822249148,0.999352984534143,6.47121181366157,-0.019286663310132,0.999813995010253,199.04526588012402,0.006838443602077,0.999976617571182,9085.220312499954,22.4020385742196,0.0,0.0,22.4020385742196,0.0,,559.1568481445281,3.443139648437864,957.5475472970213,,721.2029856877159,,28.67377787629401,37775.320053100586,-0.085038580516004,844.465019,415.0,5.8722936472509675,354.062435,6.017703056335449,409.6343077820206,55.57187278202059,15.695500931077477,15.695500931077477,False,0.27461314,-0.15350518,-0.07709743,0.17789924,-0.040813517,-0.08521401,-0.048986208,0.12694827,0.19957726,-0.31607434,-0.16966924
70,Sernancelhe_06082020,2020,2060,p,2020-08-06 12:00:00,2020-08-06 14:00:00,219.5,219.583333,airb,1,1,112.25,56.125,877.464489,877.464489,11004.867137,11004.867137,2.0,2.0,5,832.9273368362832,-0.474861392091583,0.880060599220783,22.0,7.0,0.0,16.258351893095767,82.18262806236079,18.0,233,23.99991071428571,0.192427378729979,0.26484753614616,0.122922465006507,0.151759059826532,0.211046393911044,0.303165079752605,34.15118815104169,9.307600911458357,21.895012331737917,4182.17129673782,923.7772916666668,7932.9775390625,6.388812837348712,55154.62887850752,4.520289103190104,56.35432857344151,652.2114928078593,95.23040595904608,12.547497519041388,-0.074114862607165,-0.997249711527018,13.04165320555669,-0.121141767160533,-0.992635216103692,0.044182404490135,0.045627994829137,32.872528076171875,23.849009195963543,8.808430989583334,-5.849232991536458,-33.015625,21.887218475341797,32.724635442097984,57.74766540527344,19.307806650797527,9.755421956380209,9.449050485426557,17.39252596745097,33.43491186978821,40.13444239576642,64.34577124171845,-0.086289210748477,-0.996270130089428,0.003451694085197,-0.999994042886228,0.322263022180409,-0.946650170091967,-0.229575341369942,-0.973290893122336,-0.281302702476991,-0.959619085668444,-0.007194297224047,0.240818003030826,0.109318483668578,0.014661527371064,0.098132120075241,5360.4853515625,15012.022135416666,31200.526041666668,57725.447916666664,94980.57552083333,,-9.845970172660788,-9.678347537702788,-5.723690528701515,-7.572315422411859,2.50413746860397,0.003929200914869,0.999992280660291,10.472910119371582,-0.00343119729287,0.999994113425243,6.243037243023212,0.000452412851926,0.9999998976613,32.77877392385801,-0.003752931213585,0.999992957728856,3088.8068896484574,0.0,0.0,1.8861897786457,1.8861897786457,0.0,,2601.3772753906137,295.4564013671502,643.5689779640716,,924.4737578757849,,10.805221121592504,4870.433648427327,1.064594334828138,,0.0,6.778175484499391,877.464489,7.166657447814941,1294.5070576606768,417.0425686606768,47.52814203751519,47.52814203751519,True,0.2059954,0.23057191,0.12228907,-0.07304244,0.13811994,0.023188932,-0.006011025,-0.012341348,-0.12864298,0.09843042,0.2766512
70,Sernancelhe_06082020,2020,2061,p,2020-08-06 14:00:00,2020-08-06 14:30:00,219.583333,219.604167,airb,1,1,129.0,258.0,1026.477904,2031.288302,14856.575877,28994.054381,2.5,0.5,5,741.8664883268483,0.552840591920993,0.833287033335121,32.0,7.0,0.0,10.392156862745098,89.6078431372549,18.0,233,23.58100775193798,0.192212766605615,0.264746665412167,0.122864246964452,0.151550647020339,0.21081476867199,0.303124389648438,34.29238281250002,9.254541015625023,21.630608490304397,4227.276647573094,923.6275,7932.9775390625,6.339263256450787,65222.21336614757,4.72125244140625,56.35432857344151,652.2114928078593,95.23040595904607,15.428896380271693,-0.400926410957744,-0.916110262466556,15.655823498147997,-0.344921259991635,-0.9386316233783,,,33.54583740234375,24.462554931640625,9.020050048828125,-6.23834228515625,-32.90876770019531,20.743812561035156,31.593000411987305,58.175777435302734,20.830530166625977,9.658724784851074,11.541371834409308,18.15101826762113,29.790921992964623,40.78807177586311,66.38407959296659,-0.330423374524516,-0.943832820772742,-0.167045167166257,-0.985949244193836,0.260929622392097,-0.965357825968339,-0.228166856744329,-0.973622044472809,-0.249993820305604,-0.968247432121051,-0.006786494073898,0.281242748614354,0.116411210126692,0.037551698526017,0.130574611462735,5322.91796875,14993.57421875,31200.87890625,57725.94921875,94971.5234375,,-9.91118093325591,-9.936980284782646,-5.958269735049975,-7.4340705099767,2.717816148645241,0.002962814829892,0.99999561085451,7.95721049473191,-0.005124180888017,0.999986871298932,5.987596149204767,-0.000557767603039,0.999999844447638,37.5961225559003,-0.005863838234028,0.999982807552792,3060.092988281282,0.0,0.0,5.658569335937,5.658569335937,0.0,,2834.0608203124584,,641.6696549783704,,925.526253508345,,9.950098585867238,5770.68567276001,0.854496875379009,877.464489,120.0,7.616917679539741,2031.288302,7.510878562927246,1826.8186913413085,-204.4696106586914,-10.066006408709747,10.066006408709747,False,0.2742259,0.35903084,0.19087183,0.11233963,0.011932163,0.009656191,0.02136017,0.023476388,-0.05394889,0.12136495,0.30039787
70,Sernancelhe_06082020,2020,2062,p,2020-08-06 14:30:00,2020-08-06 15:30:00,219.604167,219.645833,airb,1,1,284.5,284.5,1020.402349,1345.804435,9675.166999,14670.670219,3.5,1.0,5,780.1661944202267,-0.066159191726338,0.997809080611175,32.0,7.0,0.0,74.04040404040404,18.282828282828284,8.0,234,16.033403508771933,0.192077017205953,0.264675743866545,0.12344361722469,0.151382473707198,0.210618950724602,0.303087768554688,32.81630859375002,10.768945312500023,25.99298551562536,3676.447264312924,924.160625,7932.9775390625,7.071429199718796,58712.82503630005,4.431427001953125,56.35432857344151,652.2114928078593,95.23040595904607,15.969989725195378,-0.710046086820433,-0.704155206322435,17.126786488491547,-0.670857023161978,-0.741586714062657,,,33.400238037109375,24.385650634765625,9.522796630859375,-6.649749755859375,-32.892425537109375,22.510080337524414,33.70328140258789,51.83645248413086,16.63216781616211,10.462098121643066,12.611770366351639,17.82425540479399,29.874396755507775,43.090083401097445,66.02544896836552,-0.678964428451946,-0.734171168663632,-0.454711808284189,-0.890638631211853,0.201891789973007,-0.979407833918789,-0.276918908847124,-0.960893291642167,-0.231853961018462,-0.97275060563335,-0.014825586345029,0.326848101680389,0.074028637719814,-0.000124823521237,0.092491734769677,5330.296875,14998.978515625,31217.775390625,57737.56640625,94966.8203125,,-9.836224632609296,-9.56398513927622,-6.315238956076565,-7.314840280660166,2.919736111276622,0.001524292813832,0.999998838265034,7.484277276321132,-0.007714390460549,0.999970243647191,6.234801712761828,-0.001793002311927,0.999998392570063,41.443554635509294,-0.00668518369203,0.999977653909828,3111.984667968804,0.0,0.0,3.1994628906247,3.1994628906247,0.0,,2525.067949218706,,670.1868361639022,,933.8095050117325,,10.33328556803309,6305.885314941406,0.826052131626485,877.464489,150.0,7.205489980272291,1345.804435,7.323980808258057,1515.2277840674462,169.42334906744622,12.589002135919266,12.589002135919266,False,0.27246454,0.33915728,0.1594515,0.10105848,-0.020159133,0.12305072,0.04987004,-0.098574296,-0.043923568,0.1276792,0.2926205
70,Sernancelhe_06082020,2020,2063,p,2020-08-06 15:30:00,2020-08-06 17:00:00,219.645833,219.708333,airb,1,1,332.25,221.5,976.419355,964.680535,10629.793369,4289.246376,5.0,1.5,5,736.17309496997,0.080900913419803,0.996722148950168,22.0,7.0,0.0,7.042253521126761,63.29225352112676,21.0,233,21.779436201780417,0.191648857152604,0.263883057013737,0.123297266428702,0.151299606183481,0.210062682227866,0.302102210379416,31.727774365211385,12.935311663034216,31.952960056490255,3182.9189840556037,923.9016013113979,7933.39739648059,7.978919211048556,42777.660508904955,3.497198281370153,56.4674178473425,655.2685574474187,95.24622920939157,13.233013009968847,-0.977521393646831,-0.210836251538383,18.73555458270563,-0.958551054315487,-0.284920824564768,0.011814275913459,0.011859737165581,32.05651349878198,23.60407600747193,10.609679444731622,-7.072129435058808,-33.04438018878491,29.942075795162737,40.633187348680295,32.13698048643053,12.942037129645513,11.295084114659446,13.684284366801226,17.589140373822186,35.419223128862726,44.73814718178818,63.55361152866344,-0.966370336638537,-0.257154374773443,-0.814644825949077,-0.579960177559113,-0.026043590897426,-0.999660808161032,-0.323472329304152,-0.946237629866064,-0.221564585359634,-0.975145699121118,-0.019876562804314,0.146195618580283,-0.031271758117578,0.014419405279062,0.055000226201478,5340.310556713026,14980.065341518566,31200.797997922462,57728.906183346226,94916.2834302359,,-9.22283740196454,-8.361665638863673,-6.90459285640106,-7.239462453310573,2.688485045835927,-0.000988316777488,0.999999511614854,9.496280291818234,-0.010079678741632,0.999949198747849,6.307807787105797,-0.003531714033598,0.999993763478545,49.12832883325652,-0.002932997910071,0.999995698752379,,0.2156428389609,0.0,3.2281162162029,3.2710097509281,0.048134772119008,,1743.4929285513472,785.4192752827751,702.4595829355727,,930.6465628721419,,10.848158449472523,6988.582979960736,1.240324005345478,1345.804435,210.0,6.87283307040647,964.680535,7.298935890197754,1477.725563717908,513.045028717908,53.1828942436273,53.1828942436273,True,0.22776441,0.14005905,0.17647722,-0.05564932,0.021403521,0.17324431,0.018839967,0.117820926,-0.05330882,0.10157202,0.29630888
70,Sernancelhe_06082020,2020,2064,p,2020-08-06 17:00:00,2020-08-06 20:00:00,219.708333,219.833333,"airb,fops",1,1,832.25,277.416667,930.845477,919.894172,11495.774694,11306.260466,8.0,3.0,5,713.1000900360144,0.568368664460266,0.822774003757808,22.0,6.0,0.0,13.925263494091345,78.79271798147556,21.0,233,22.316751207729467,0.190497961418815,0.26065239664027,0.123302726591257,0.151663385936699,0.208357582653778,0.297771145434691,28.912484171786886,13.949735871817909,40.55804690922399,2412.9599229460982,923.642837116081,7935.331924672882,9.413529868657326,28577.374754274897,2.845413354144712,56.9884861414381,669.3542386241309,95.31913615962807,11.363076147350613,-0.983058854290045,0.183290177047063,19.013357545017197,-0.986924629908777,0.161182427328239,0.015647718918184,0.015348282912712,29.49396719829676,22.970949816589517,11.28012310830009,-7.406460019222884,-33.363658530151255,41.55836185475893,44.54394943500182,25.67956238586897,9.222058703641375,12.160864056293319,12.28677089641617,16.475238590963556,39.163817448516696,50.901534735475494,58.077458665622906,-0.989224961783155,0.146403466438181,-0.841599083799813,-0.540102751471714,-0.257614032313811,-0.966247903156855,-0.38775439170724,-0.921762730702293,-0.137935979221584,-0.990441146982587,-0.025151458732125,-0.035752185386223,0.051994620420265,0.024558199656033,0.009948194002924,5406.418175153309,14998.653242189721,31230.776313547918,57752.22300325011,94860.88889251743,,-7.117559726827391,-7.52284136509364,-7.296948476821731,-7.235266815912581,2.476512970186443,-0.001162199284806,0.999999324646183,11.906653920655902,-0.011619489936809,0.999932491448102,7.9380187922688,-0.004860196351006,0.999988189175967,69.09656826083433,0.003248469325764,0.9999947237096,,0.1119110084482,0.0,0.1046539805966,0.1325362455001,10.255337796733063,,772.8964500209372,374.8011662910651,742.4425576251982,,934.1056200457267,,12.954147128817013,9393.44111565331,1.777485568452483,964.680535,300.0,6.8253451241157,919.894172,6.919275283813477,1010.5866156268158,90.69244362681582,9.859008393284594,9.859008393284594,False,0.12259418,-0.059563816,0.13890226,-0.041838516,0.02164109,0.06564265,0.05640492,0.085163176,-0.048519854,0.018937785,0.30316785
70,Sernancelhe_06082020,2020,2068,p,2020-08-06 20:00:00,2020-08-06 23:00:00,219.833333,219.958333,"fops,sat",1,2,85.0,28.333333,301.304442,299.499831,4383.357626,4384.927104,3.0,3.0,5,817.0738051470588,0.874715245007133,0.484637225305808,22.0,7.0,0.0,0.0,100.0,18.0,233,26.16894117647059,0.191568928131461,0.264423595674104,0.122589727044103,0.150875351727008,0.21014419913292,0.30297103881836,23.684289550781273,14.643212890625023,57.19522232627566,1266.9205096038363,925.3731250000001,7932.9775390625,12.598621022893433,8293.223875819103,2.682258605957031,56.35432857344151,652.2114928078593,95.23040595904607,6.147451655304089,-0.990881658983172,0.134735065557398,11.41333081762765,-0.989216389733682,0.146461374711082,0.015069552900228,0.014480708754208,25.82465362548828,22.56793212890625,11.203414916992188,-8.10662841796875,-33.81006622314453,59.19222640991211,43.76387310028076,37.72871685028076,9.641080379486084,12.653081178665161,6.146219887415945,16.53149443951431,48.90560000166726,56.703222081087155,53.8866139813438,-0.996389435405341,0.084900488883316,-0.833187150459035,-0.552991114132907,-0.161914113321646,-0.986804854014848,-0.44728257773785,-0.894392696555704,0.040285313373559,-0.999188217267595,-0.008192045219126,-0.074242677262048,0.160440847363375,0.046647431065351,-0.04687116098891,5560.2535400390625,15095.47607421875,31328.95068359375,57835.029296875,94825.123046875,,-3.553556338906841,-7.312866943403266,-7.540404275026099,-7.164533974202363,0.228845272601629,-0.001450180511806,0.999998948487689,19.47476997695259,-0.011249757251047,0.999936719478684,10.5834916789797,-0.004150512887578,0.99999138658429,58.91988972723399,0.015439229794746,0.999880807988305,4357.553652343742,0.0,0.0,0.5527038574219,0.5527038574219,52.23250000000013,,170.3144773864755,79.72138773600186,809.792154633177,,949.8669278451162,,17.5338717823252,4715.331172943115,1.681051686257724,179.557391,480.0,5.705447191579097,299.499831,5.917747497558594,370.5737996376836,71.0739686376836,23.730887727173247,23.730887727173247,False,0.0917119,-0.18218382,-0.11643546,-0.04126291,-0.041449398,-0.30970755,0.09703618,0.0146025065,-0.14903173,-0.11327146,0.25168782
28,Serta_08092017,2017,328,p,2017-09-08 17:30:00,2017-09-09 02:00:00,251.729167,252.083333,"sat,fops",1,1,1225.5,144.176471,959.946506,959.946506,12602.510142,12602.510142,8.5,8.5,3,413.0413347630719,-0.179440897646466,-0.983768755476525,21.0,6.0,0.0,0.128727740828148,84.83158120574984,14.0,233,24.291604938271607,0.182767383609274,0.238858385413094,0.113069725771695,0.160090444404071,0.196157652056112,0.268536164145273,16.680565398075544,11.61858643933229,73.969900800064,538.6215602545235,971.7913234183254,3924.693351454223,16.817112461607017,9401.395867982665,1.42008761599015,56.39477250583201,838.9937122355996,93.65094978512782,16.755146272205245,-0.588322028058109,0.808626731750561,31.036932297314234,-0.577608091384666,0.816314212032942,0.003083044278871,0.002983441029765,14.842427620766793,17.25913661951825,8.418961387537948,-8.503335160951742,-37.22227472282938,80.59813612952196,21.326941374896347,15.996898259372566,13.602291022284861,56.95413431427082,36.357358528760905,40.981344469414054,40.736127624342004,58.8975360756357,70.12784331861222,-0.519586325828552,0.854417959790164,-0.574956477038225,0.818183994900776,-0.850297056517052,0.526303064477528,-0.872506796542574,0.488601975013421,-0.728872218013571,0.684649757034922,-0.121019280330965,-0.282112090602825,-0.048952492567137,0.035822718895622,-0.083887948437846,5532.287241167559,14784.853832320656,30772.964784498094,57188.03726713605,93930.9369157791,-11.629950737953296,2.636980653955074,-5.688497278183355,-6.608009885015061,-8.005069973663375,125.79883171001077,0.015302338422717,0.999882912364641,8.310082096763296,-0.002376391949657,0.999997176376664,7.683946649480911,-0.001316322822812,0.999999133646738,132.22114561862608,0.010340225173588,0.999946538442611,476.30423915731023,38.536969147781804,21.343412230511,0.0,45.2648902354163,0.261973553112698,,532.8542562689364,40.24780533023002,902.2412395845422,,673.2052993668265,,24.99879770444132,18237.642135406797,0.444491671684307,,0.0,6.86791874248858,959.946506,6.005063056945801,404.4765560425117,-555.4699499574883,-57.86467750917449,57.86467750917449,True,-0.29619697,-0.17130357,0.047832098,-0.02174942,0.21985698,0.07067304,0.21683496,0.06850909,0.23790891,-0.27045375,-0.0948105
28,Serta_08092017,2017,329,p,2017-09-09 13:30:00,2017-09-09 15:00:00,252.5625,252.625,sat,2,2,934.75,623.166667,1394.753804,1394.753804,16823.780845,16823.780845,1.5,1.5,3,332.4971264367816,-0.884717045638044,-0.466128468512159,22.0,6.0,0.0,0.0,90.01141552511416,15.0,233,21.710651013874067,0.180804529346373,0.235999993118136,0.11241854230033,0.160115587511934,0.193487441677561,0.265203942203725,21.502699141043323,7.986572303636337,41.824220811155385,1489.9881000917926,969.547325399614,3955.73022678239,10.32417567459049,40182.249601581265,-1.729150588330783,57.954867847657525,879.3657300649829,91.09033055406445,26.960205409910497,-0.572416139402366,0.819963269513758,38.04829928068439,-0.578456892574747,0.815712954067035,5.7595571888e-05,5.7609493253e-05,17.032515187359714,7.835932191485097,5.294233368146664,-6.666452769674023,-37.34467358204439,53.846973044144235,87.41351094582367,38.73056296409163,8.571936080466704,50.21501335707933,39.039381483354425,46.6077188232439,75.38538065111325,110.34343579956256,150.02269065151472,-0.566460717033024,0.824088742829577,-0.492688134223745,0.870205954010385,-0.64070844802017,0.767784269593735,-0.612737986737818,0.790286125152458,-0.288599221400789,0.957449993162493,-0.120851159500067,-0.217091183334178,-0.164663508182072,0.237676656577643,0.409441154656416,5496.215422923107,14651.58430983039,30265.20204783944,56666.95125192462,93525.35423352988,-28.270147523595096,-10.034808268245156,-1.635538488673562,-4.670544095702877,-8.551196806601894,97.17531581456696,0.005046936376527,0.999987264135505,18.29024148947779,-0.000394069418814,0.999999922354644,16.00203324963913,-8.3986930779e-05,0.999999996473098,113.96188224148318,0.003713649469755,0.999993104380033,1509.8964007001498,41.7231667758111,54.9016297153766,0.3762656705165,69.2493948114664,1.371398864579746,,1605.4124782212302,40.92639712211417,792.8199972223922,,678.1332332081101,,22.723850451778056,19523.224160263584,0.415439612208026,,1200.0,7.241189909603198,1394.753804,7.119631767272949,1234.9952157688263,-159.7585882311737,-11.454250045635558,11.454250045635558,False,0.26930222,0.1345997,-0.06950863,0.11414604,-0.013452181,0.0375213,0.14600198,0.13925718,0.30030066,-0.0174779,-0.08681888
28,Serta_08092017,2017,330,p,2017-09-09 15:00:00,2017-09-09 21:00:00,252.625,252.875,"sat,fops",2,2,2022.25,337.041667,1367.833308,1371.219626,15590.543462,17549.945611,7.5,6.0,3,414.60848822800494,-0.807042309112349,-0.590493616648485,21.0,6.0,2.209270805096232,0.447275684467335,73.51585795608567,14.0,233,21.16229743083004,0.182185759242791,0.238240852172803,0.112738700767163,0.162131971350534,0.194786578063163,0.267899631500852,18.015836504200717,8.520221504201416,55.04969275082575,972.9873603467058,961.8356397209718,4634.546550989398,13.21554978481313,22513.20487912012,-2.138932428814928,59.38475510745059,921.2804003763193,91.43569602207754,21.787132161217038,-0.636083167238196,0.771620505401603,35.66090907955247,-0.624839901449861,0.780752904289268,0.001049020822465,0.001070898375151,15.238656188048198,7.902290818847642,6.180155676477495,-6.11046773016623,-37.13793389680966,63.4209683636912,66.43558080764633,9.857591435110846,19.92664440146031,54.461197788678035,37.00065232643702,50.54746625041879,77.03513333370162,116.74426681794637,137.985620384582,-0.605442599590423,0.795888973790434,-0.370330682742707,0.928899986768931,-0.48537844105858,0.874304162723444,-0.410251505260888,0.911972424161595,-0.250399946934345,0.968142482579541,-0.141642286217193,-0.301449380565409,-0.181464478467761,0.062972913014715,0.29940456831214,5477.797557545207,14594.3952737366,30226.79152937645,56722.27288767281,93599.36020518583,-18.530461701309186,-8.00504055677473,-1.108163674696976,-4.799381734705965,-8.648544882177907,202.14493359649208,0.015776864360799,0.999875537530017,20.912493215569498,0.001349143903967,0.999999089904949,18.277079924106573,0.000962764972562,0.999999536541696,127.0922502954828,0.006240750422079,0.999980526327473,8159.54796758937,58.914317417206895,12.1120093038853,0.0325079411585,64.9712884402596,0.253070404197027,,1223.9083466883262,136.11084810948373,835.423303222715,,655.7949345778462,,26.050845108851814,18508.781387570016,0.381097256340808,1394.753804,1290.0,7.224184872734308,1371.219626,6.30828332901001,548.1015126216813,-823.1181133783188,-60.028174755596645,60.028174755596645,True,-0.24726169,-0.07234898,0.089168616,0.0888,-0.0017115407,0.10873514,0.21432346,0.17355464,0.21776009,-0.10119254,-0.11489135
55,Serta_13092019,2019,1827,p,2019-09-13 16:00:00,2019-09-13 17:00:00,256.666667,256.708333,fops,1,1,76.5,76.5,1506.846774,1506.846774,21777.917012,21777.917012,1.0,1.0,4,304.2341481854839,0.995224835917449,-0.097609046574003,22.0,6.0,0.0,0.0,89.03225806451613,14.0,233,24.7212987012987,0.18260517480373,0.236343189152049,0.104738690555095,0.151578844487666,0.1992248737812,0.264776000976556,25.014672851562523,10.730981445312523,40.80709952500072,1882.009994833496,979.240625,3681.927001953125,9.836684051193846,40224.516109332646,3.330604553222656,60.005989167955676,885.5399944554387,93.89528953152319,20.991405607197315,0.967199247350083,-0.254018928281796,27.69470194309521,0.946025977262283,-0.324090805708745,0.00227105274744,0.002320374021888,24.773910522460938,15.845901489257812,3.1846923828125,-11.089630126953125,-36.78582763671875,34.783026695251465,51.443254470825195,88.2264175415039,102.00131225585938,90.51095199584961,30.86995826356482,20.945848644397323,48.4762322138553,55.22481289424073,81.00171044595334,0.946781955332183,-0.321875642224397,0.999844914655485,-0.017610980596395,0.381847647699046,0.924225283113758,0.769391125935733,0.638777970292765,0.803715723646044,0.595013475111375,0.007485795219088,0.167140334688532,-0.04185783834606,0.09259482455105,-0.211528395069646,6013.003662109375,15417.29150390625,31225.0751953125,57287.224609375,93941.63671875,-1.909891239425427,-9.741755052451834,-8.147265370936594,-5.573999012258339,-7.162515826169305,64.97759692857612,-0.000986712165407,0.999999513199433,10.70130404151741,-0.009981418095241,0.999950184405607,6.729409475359756,-0.003437247204456,0.999994092648379,83.13262802529242,-0.000687994017866,0.999999763332088,2929.9044140624956,29.7441406249989,0.0,63.0112915039035,71.6233520507791,0.327499999999717,,1603.9637597656185,692.7378613280948,793.0572252816386,,731.5242210268607,,15.874447127223675,15494.382381439209,0.415126254177896,,0.0,7.318437934652067,1506.846774,6.955319881439209,1047.7139484307745,-459.1328255692256,-30.46977526125198,30.46977526125198,False,0.3391162,0.1697757,-0.05985775,0.011103425,0.20155007,0.057906374,-0.08889073,0.0286148,0.30258146,0.04205583,-0.082607485
55,Serta_13092019,2019,1832,p,2019-09-13 22:00:00,2019-09-13 23:30:00,256.916667,256.979167,fops,2,2,70.0,46.666667,731.887114,1208.665082,8282.441191,15450.664196,6.5,1.5,4,294.26694078947367,-0.317624202174287,-0.948216676816616,21.0,6.0,0.0,0.0,61.44578313253012,16.0,233,21.117297297297295,0.179273219866373,0.232593874001657,0.103272159233083,0.147658978138473,0.195883032376358,0.260805860316623,21.942851726599493,10.937353496597357,49.69365086619254,1325.9329795702047,987.9259416831339,3034.7535910817046,11.334664043409852,18697.303558991014,1.948805543481446,58.59243736226503,885.6315755051061,94.03140505990909,14.050275795615452,0.999678911855269,-0.02533916320373,26.878969521695364,0.984923312914971,-0.172991524869276,0.001705612902496,0.001705627216789,19.343014276515866,13.185678690073741,3.28806760311085,-10.400357474862423,-37.59650097751508,54.35015214817915,63.262454515917625,74.61672671949172,40.06750955707403,55.92199261063514,33.85268049855494,29.88628626537157,44.92223556120549,51.813833311682174,98.52267190372102,0.978656318466049,-0.205503796379724,0.953628552340089,0.300986019877578,0.675954896381629,0.736942995120858,0.761772176841092,0.647845005067404,0.644019471954186,0.765009097817701,-0.176023123897421,-0.157747163219053,-0.021306650960104,-0.135772516831339,0.0143932856603,6144.378012564539,15423.977425433408,31139.83426894197,57215.828507807964,93793.33553698813,-9.753072995054769,-6.718547756368444,-6.368938652372551,-5.345211151828465,-7.580608304963869,76.90740534732488,0.004242263316989,0.999991001560489,10.54246828061695,-0.00622924773156,0.999980598048132,6.66155642750555,-0.002866870398945,0.999995890518614,113.55764435016212,0.003571167585277,0.999993623360708,3012.6490711636857,1.8524331446292,0.4620150946126,28.2150069664517,30.319211980218803,0.0,,677.6900107936542,0.50130567860117,838.9489788848473,,742.796257339317,,19.797700515049527,16975.45345565372,0.885711071244295,81.00433,360.0,7.098098808541347,1208.665082,6.236963748931885,510.30370532575057,-698.3613766742494,-57.779560862191715,57.779560862191715,True,0.34675205,-0.13015324,-0.07269678,0.028732276,-0.01162445,0.12341681,-0.14938726,0.16018236,0.2462665,-0.067478456,-0.1082797
55,Serta_13092019,2019,1833,p,2019-09-13 23:30:00,2019-09-14 02:00:00,256.979167,257.083333,fops,2,3,22.0,8.8,119.657258,112.485492,1916.431744,1738.838237,2.5,2.5,4,268.87638888888887,-0.173047245477697,-0.984913524545471,21.0,7.0,0.0,0.0,91.35802469135803,14.0,233,26.889047619047616,0.179560652622489,0.232903737493739,0.103554919887461,0.14799264170699,0.196157435377637,0.261127591922972,20.489770766602973,11.92389050476317,57.945353078183594,1013.0339370411006,986.3199895433369,3089.0624853701133,12.585700235816304,12573.782996623771,1.046622855993226,51.454167568276944,892.4852913297855,93.54493563092052,12.391237974777408,0.992834515796014,0.119497381745774,25.71132891741556,0.998109988305079,0.06145283757188,2.9607972846e-05,3.0107517378e-05,18.510564490870316,12.251083475834657,4.157837763848206,-11.331198918295202,-37.5017974937698,62.138866693122964,74.524295225379,38.29334091717385,49.003206386700604,45.94947717701072,36.142486846081226,34.783903443509516,28.06584036371536,54.839501568072585,86.50139078474736,0.998923945988326,-0.046378336873077,0.998015258010036,-0.062972571641634,0.958694484468659,0.284437841099549,0.695649563027906,0.718381295315436,0.610516194698015,0.792003772725519,-0.20814560123014,-0.256473091867242,-0.076487309427297,-0.032335528278079,-0.08960125183035,6089.888686762271,15350.243686186748,31076.188201137393,57136.599409398426,93652.96135908742,-6.200431849619581,-6.830003260208687,-5.207861269282884,-6.048334350581947,-7.294749598882205,102.0425397919292,0.011654439383506,0.999932084715085,5.266137691311897,-0.001216220046124,0.999999260404126,7.778928607498121,-0.002330296877808,0.999997284854545,130.70023601893817,0.007006788274057,0.999975452157743,7369.302966750876,3.4037661502507,3.0859548501714,3.1534168119937,7.6348828403745,0.0,,507.10606222439696,101.23127062971287,868.2261472138631,,779.2881242789648,,20.19782842431299,18081.537497746962,0.77623178919031,1208.665082,450.0,4.731675004962755,112.485492,6.468222141265869,643.3371675956341,530.8516755956341,471.929016050918,471.929016050918,True,0.15351893,-0.17975052,-0.09244265,0.16814013,-0.055194013,0.0004101952,-0.17538309,0.047449365,0.17556027,-0.14610872,-0.10034775
40,Serta_15102017,2017,1102,p,2017-10-16 01:00:00,2017-10-16 02:00:00,289.041667,289.083333,rep,2,3,1518.25,1518.25,2037.729434,2064.563823,22857.275622,24229.995453,1.0,1.0,4,600.2731967213115,-0.871179538452788,-0.490964572837173,31.0,7.0,0.908784920902053,0.0,95.32144059239313,12.0,233,22.800995385629534,0.183032524443314,0.247303083714892,0.091018436567274,0.148891204614324,0.201936223492496,0.281308670631071,20.305265705016122,7.645485441389042,44.033072608985826,1333.1327533780125,952.3890058423021,6093.4959803980255,10.739905159102491,12019.476676039048,2.074640065841904,42.11875593064996,975.9824304677509,90.42569683097416,8.96590055688086,-0.207446133111236,-0.978246442292123,19.344286667006887,-0.332058874003801,-0.943258662401426,9.31210269e-07,9.35959544e-07,20.61415504161264,14.58242081939773,4.433140687713919,-14.301684887113364,-38.93629178204248,46.73652243935496,45.58264997144352,53.33696635232771,60.18478769051568,104.53409652444549,16.18092516725382,45.411774674062215,47.93655589808829,55.11553639726075,24.893570118356248,-0.33995987922149,-0.94043993987905,-0.538476905026202,-0.842640268889046,-0.28473342601564,-0.958606736941378,-0.41520148637692,-0.909729479411542,-0.986616231353944,-0.163059535228522,0.048252535020062,0.167966678217495,0.123584078682117,-0.121573875306446,0.102925713705239,5952.596161510735,15266.321461634394,31111.365082891505,56977.516649937956,93169.64799161242,,-6.581498418716029,-6.530883256221454,-7.315786733659433,-6.866609804401315,254.98361895209354,0.092931234520561,0.995672529324017,16.42195266911499,0.000855303037625,0.99999963422829,9.372319622675501,0.00090929387553,0.999999586592239,118.04345965639948,0.032622761291602,0.99946773607041,3422.666780749667,88.5610655958474,0.0,0.0,88.5610655958474,0.0,,455.6918564027844,81.38569098100692,788.4713635049724,,687.4715984573601,,14.923111585151734,8093.49727242587,1.609662126196811,2114.313404,780.0,7.633158505899501,2064.563823,6.63527774810791,760.4905390096791,-1304.0732839903208,-63.1645904797161,63.1645904797161,True,0.29411262,-0.13661683,-0.11612047,0.13403878,0.009196393,-0.018405877,0.015214661,0.04712948,-0.07881403,0.0023261048,0.333087
40,Serta_15102017,2017,1104,p,2017-10-16 02:00:00,2017-10-16 03:00:00,289.083333,289.125,rep,2,3,1136.5,1136.5,1758.873929,1732.101022,18448.755351,26775.394973,2.0,1.0,4,605.4559017112769,-0.256773154499347,-0.966471700117729,21.0,7.0,2.161446846052051,0.022055580061756,96.97838553153947,16.0,233,22.24117387466902,0.18286966319335,0.246212230557271,0.090886511263988,0.148799792164619,0.201749515347641,0.279726816464107,19.462683615722568,8.568317716188833,49.415991438779734,1144.9112353678815,954.8042474361483,5844.555703389425,11.54547449122423,8590.385723237898,1.996830883009129,41.896874723549494,978.2229654691216,90.38039884754173,7.423916972883259,-0.219537902334066,-0.975603971618996,17.185570937008343,-0.328326890805175,-0.944564160221108,1.5541022234e-05,1.5647282872e-05,19.709125375298086,14.329347383673632,4.335685617655372,-14.090178622134774,-38.93142221694292,52.40318162852701,47.58364489138946,54.64489032198854,61.70077523073298,104.48139542103208,15.147166075162307,39.31930904180669,52.53074107410835,55.54457099404317,27.14986728781321,-0.336940944071597,-0.941525783081983,-0.471313775666597,-0.881965602995319,-0.31966406695283,-0.947530941077481,-0.431715574638064,-0.902009790753363,-0.96853216743205,-0.248888410034248,0.038503992407367,0.09379488708547,0.101858804521781,-0.145012716281949,0.079488498296407,5941.364977530797,15231.125800145881,31070.35538395287,56929.528377357376,93148.95699954437,,-5.870119445003965,-6.430745574977151,-7.195140014689418,-6.924207378228667,969.6367917802504,0.331887058984253,0.943319129499017,18.462777155329626,0.001131526352059,0.999999359823852,9.56482200423974,0.000974465243271,0.999999525208632,102.63255267963913,0.032312806708732,0.99947780491745,3320.3312152722,86.71233406074231,0.0457489717537,0.8944376803026,86.71233406074231,2.374913391050563,,347.7490800397462,84.33323587531214,811.4731720559087,,703.6383037037074,,16.00950562157659,7578.7443002965465,1.486152664622875,2064.563823,840.0,7.457667581149923,1732.101022,6.644741058349609,767.7309653928596,-964.3700566071404,-55.67631704839098,55.67631704839098,True,0.30600882,-0.16233528,-0.12503465,0.13007498,0.023659356,-0.018654255,0.019928051,0.07749578,-0.06634357,0.0023261048,0.33528686
40,Serta_15102017,2017,1107,p,2017-10-16 03:00:00,2017-10-16 04:00:00,289.125,289.166667,rep,2,3,784.5,784.5,1299.439189,944.193605,14207.635843,10837.854472,3.0,1.0,4,602.6307973316391,0.582536888826691,-0.81280426497166,22.0,7.0,0.800768737988469,1.537475976937861,97.30941704035875,16.0,233,22.093900255754477,0.18248904660732,0.246459619238488,0.091481594193025,0.14862633402405,0.201213617873275,0.280306483064503,18.749087461527292,9.383614726709721,54.55843082941985,983.3876374694086,954.2012867804646,5871.369783252783,12.30592098498953,6260.269934600446,2.034154253996725,41.99073740027976,984.680620618215,90.39040235505584,6.275808196121664,-0.165970722937025,-0.986130680552918,15.52260663699364,-0.28471096219084,-0.958613409048906,0.002355428802347,0.002385917578078,18.85033346425142,14.291349644297622,4.223041136304174,-13.934254654071992,-38.93799787890277,58.340609881128316,47.27820618498083,56.08388489784266,62.91520732183467,105.20190867423503,13.162694722101172,36.24308679286205,54.787411970781065,54.78982070596486,28.829872204592693,-0.294711597151342,-0.955586246502379,-0.412772647077529,-0.910834091272724,-0.325243601583525,-0.945630265816919,-0.466662701166496,-0.884435369792496,-0.949276236471377,-0.314443360354038,0.027615942804403,0.052822074866205,0.122161338497246,-0.102856110656002,0.113981273891969,5931.646771796217,15204.107424577891,31035.015914965545,56893.263338069635,93127.30734407704,,-4.974513746224009,-6.478779440529385,-7.090266366869486,-6.96950225780536,648.3550258009657,0.267831040258509,0.963465896580696,19.802080546206767,0.001667669528327,0.999998609438205,9.607245264544588,0.001349747114162,0.999999089090949,94.51649227197919,0.036280376837489,0.999341650416178,3082.848273351283,90.5491466013562,0.7788370928977,10.3631186093591,91.0000417990739,12.27689010880905,,272.20021224855446,102.31799133829395,829.5637008579632,,712.4730864967388,,16.488862663196457,9653.10662295836,1.382901807490277,1732.101022,900.0,6.851389779526006,944.193605,7.0640435218811035,1168.1631575030613,223.9695525030612,23.72072330473592,23.72072330473592,False,0.31710878,-0.17134497,0.21052,0.02214935,0.0288947,0.0068076914,0.023842555,0.11247304,-0.036084697,0.004643479,0.33068398
40,Serta_15102017,2017,1109,p,2017-10-16 04:00:00,2017-10-16 05:00:00,289.166667,289.208333,rep,2,3,500.25,500.25,1182.010915,963.192572,13987.734716,13202.044859,4.0,1.0,4,622.0392999501744,0.998241809699869,0.059273007070088,22.0,7.0,0.402212166918049,0.100553041729512,98.7430869783811,16.0,233,22.709843749999997,0.183168680008166,0.245341365239959,0.090860343664706,0.148922150181266,0.202131672796626,0.278236965891701,18.089384819644074,9.92013456877991,58.906565301130044,852.7403706732375,955.8837017546848,5738.715735066411,13.575125441528048,4354.866057203065,2.171130070233827,41.27814457782313,971.5836918795633,90.20127583272716,4.938228829517199,0.152293606024523,-0.988335296123764,13.513213884358612,-0.131800041042176,-0.99127632332326,0.027787371971947,0.027820930685933,18.247993413431747,14.336715241069353,3.994455100601699,-13.946312960905782,-39.07144880496199,63.29977882143157,46.866366271552,58.88207819400968,68.62045362716563,107.55338246646909,12.657747922524504,34.73334085707004,56.38108493671067,54.79343397129931,32.138718296073066,-0.160462321498334,-0.98704196637193,-0.38005354302539,-0.924964488201492,-0.32970580588807,-0.944083725928849,-0.516090217990726,-0.856534229843901,-0.903209905651416,-0.429199098709632,0.001191351958574,0.006260936721649,0.124079964913768,-0.049361342063794,0.169341211660147,5934.008884133935,15195.980745255232,31013.28687844162,56869.84148482241,93100.30976883598,-11.130580332081188,-4.267772776153402,-6.655062497684838,-7.00571416861175,-7.003339036809408,1102.2225298128049,0.795725632003874,0.605657261635684,20.5396837255499,0.003614185864603,0.99999346880894,9.674339861612598,0.002480161548313,0.999996924394618,78.84890015058818,0.057115476757753,0.998367578757811,2861.117781654531,96.4984584556491,2.5523257821138,25.1220947731836,97.2113290507235,30.132562788978454,,174.01087717829438,53.266344807748595,845.8958626376684,,723.4947237998165,,17.254169614844557,10916.722672374266,1.322354874920149,944.193605,960.0,6.871291038145954,963.192572,5.764499187469482,317.77935535690614,-645.4132166430938,-67.00770286288024,67.00770286288024,True,0.31618732,-0.20800729,0.050368626,-0.06617103,0.0018836106,-0.0120371,-0.013508057,0.03888324,-0.12180836,-0.19526346,0.2695571
40,Serta_15102017,2017,1111,p,2017-10-16 05:00:00,2017-10-16 06:00:00,289.208333,289.25,rep,2,3,319.0,319.0,1149.54486,1215.259124,14527.940548,17792.406286,5.0,1.0,4,573.8938632781718,0.042563503050333,0.99909376347172,22.0,7.0,0.0,0.0,98.49086576648133,16.0,233,22.11009523809524,0.182877561024296,0.243752462704187,0.090492267389869,0.148865618984242,0.20177961433377,0.27596140539196,17.488652430871745,10.328715716785931,62.853886168566945,742.1236234434984,960.1382234939392,5315.384144485757,15.240610430052104,3467.8804987479393,2.386334024910895,40.88083220715649,978.141587246867,90.1243975773513,4.639966069301994,0.523159486040613,-0.852234798729623,12.960782243825985,0.168073595834605,-0.985774450056008,0.007628566189213,0.007629810214301,17.850214459816584,14.46181194994302,3.689143900121229,-14.08773811735964,-39.262979974703505,67.52565793131961,46.12962488412536,62.44113476608267,78.81938289029537,110.9641416868006,13.705586168487093,34.30300290088391,57.54999209343077,54.08733198221697,34.48274366347425,0.088533160684772,-0.996073229968141,-0.334517567529861,-0.942389514486396,-0.335486631377781,-0.942044967168123,-0.556334578575714,-0.830958384445926,-0.848095935277201,-0.529842697945617,-0.033272315330162,0.007802875497475,0.080625922710658,-0.013090199348639,0.162252880121349,5951.700258608031,15210.685439137666,31017.365764155653,56867.85337152754,93080.94884889633,-7.645211521059126,-3.697239457032514,-6.93202241721362,-6.941718091256603,-7.017305504533773,1746.3001409021094,0.93063368304264,-0.365952111602722,20.58913011074803,0.006137059957775,0.999981168070217,9.416985914036944,0.003872553845811,0.999992501635243,70.89296395439064,0.069595438915743,0.997575297850806,2778.6600925379435,98.94348119548219,4.0008086689251,35.737165836021504,99.6070562330065,43.68626568610198,,148.04667799972043,23.333709268459216,862.4885404151725,,733.2797532027136,,17.9105012019115,9692.238879724822,1.18961092795133,963.192572,1020.0,7.103535135219251,1215.259124,5.785653591156006,324.594776450094,-890.6643475499059,-73.29007698525257,73.29007698525257,True,0.34149593,-0.23101255,-0.09739081,-0.07694367,0.0014429255,-0.0007973381,-0.046525784,0.0901486,-0.12883182,-0.20713745,0.14200221
40,Serta_15102017,2017,1117,p,2017-10-16 09:00:00,2017-10-16 13:00:00,289.375,289.541667,rep,2,4,518.0,129.5,260.451134,266.489914,3300.506339,3377.031372,4.0,4.0,4,667.4582932692308,0.423877282626203,-0.905719630610613,22.0,7.0,0.0,0.482160077145612,97.78206364513018,25.0,233,21.98021072796935,0.184389547440409,0.243985786733949,0.090693914592268,0.150259887576103,0.203453329205512,0.275518188476563,21.72363281250002,11.876269531250022,53.88601275177653,1214.2468317810458,962.2821250000001,5267.0302734375,12.249202546169426,16614.21064165866,1.934976196289063,41.20030148389573,976.3185318544117,90.276041396431,13.192690450930886,0.32625071981096,-0.945283273851194,19.206281936121414,0.250869228762972,-0.96802098637368,0.006712631069263,0.007156702134244,19.37281494140625,12.842431640625,2.972479248046875,-13.57288818359375,-39.570263671875,63.03724670410156,66.52318725585937,80.86524505615235,27.271021938323976,103.62177276611328,20.67605686327764,36.650704002064536,51.74934159589385,39.46865811571405,49.60357825736104,0.245353215514248,-0.969433752061903,-0.120495310269517,-0.992713896449049,-0.275533300658485,-0.961291527180096,-0.636436087133408,-0.771329441285834,-0.833696932691832,-0.552222259982546,-0.080266434211181,-0.018441401775507,0.026132966062336,0.007456396849996,0.308359737002632,6090.6923828125,15348.756640625,31106.064453125,57002.76015625,93107.6578125,,-7.125597014770118,-6.351140769005186,-6.460822337334901,-7.246465680492771,2260.19559941963,0.075518808923908,0.99714437745931,15.24610187166078,0.003843455972185,0.999992613895818,5.032509097801906,0.003338356549008,0.99999442767225,58.35537017171155,0.000132501658101,0.999999991221655,2136.025876464725,96.2969970703126,4.9425048828124,41.845092773437095,97.9608154296875,10.905000000000772,,975.9938842773381,162.40217895507683,831.6535010848336,,789.4124175298217,,15.872389306267683,13174.980773925781,0.660354931813215,385.685858,1260.0,5.589081860952325,266.489914,6.038096904754639,418.09469834460964,151.60478434460964,56.889501771016235,56.889501771016235,True,-0.15744956,-0.14839128,0.07944597,-0.06458233,0.019695507,-0.06439107,-0.060110644,0.10915393,-0.06446501,-0.012830054,-0.04790637
40,Serta_15102017,2017,1119,p,2017-10-16 13:00:00,2017-10-16 18:00:00,289.541667,289.75,rep,2,4,512.25,102.45,228.63869,245.421595,2364.841045,2526.693232,9.0,5.0,4,629.9464545896066,-0.958178099280964,0.286172552943706,22.0,6.0,0.0,15.403304178814384,82.94460641399417,32.0,227,21.151489361702126,0.184576435491442,0.243999960487483,0.092208984494211,0.150381538768609,0.203530115882555,0.275440979003907,22.913435872395855,11.726302083333357,50.09622281054291,1423.578460509073,961.1323958333332,5267.0302734375,11.605010775808681,18718.027680462703,1.923436482747396,41.20030148389572,976.3185318544118,90.27604139643098,11.664682564612756,-0.182380521449063,-0.983228023093304,15.507661426111854,-0.270328042799525,-0.96276827392482,0.077202500277759,0.087685326864044,20.89672342936198,12.382664998372396,2.535792032877604,-13.716471354166666,-40.37744140625,58.70934804280599,84.37403233846028,80.03324635823567,14.843458811442057,104.16890970865886,16.413077995215605,29.43575016973972,54.60518331557816,36.946121934473304,56.07240305730946,-0.26252466432804,-0.964925282402451,0.024071766005447,-0.999710233058249,-0.444087650413264,-0.89598334736223,-0.412260298182744,-0.911066104375678,-0.766746960726748,-0.641949451449485,0.024929123471833,0.088280718804229,0.078689694689949,0.018375249628822,0.126819756047889,5989.69970703125,15290.702473958334,30997.3427734375,56895.552083333336,92975.6640625,,-9.290074800384206,-6.336289563604797,-6.34636775261109,-7.431434937659557,1953.1509628797364,-0.324590524880449,0.945854635320795,17.406007452677038,0.000196801698688,0.999999980634546,5.0771913391,1.6408107879e-05,0.999999999865387,53.09554848780865,-0.01017025857368,0.999948281582875,1677.1111775715765,96.49607340494791,18.8363647460941,31.041361490885,97.79673258463541,20.945833333338218,,1050.6731252034422,372.7753316243454,814.9735820342803,,804.9579730922992,,15.061955674019094,12068.956073125204,0.752849077220501,266.489914,1500.0,5.5070438698644795,245.421595,6.551149845123291,699.0486587470375,453.6270637470375,184.83583881322159,184.83583881322159,True,-0.093402185,-0.10346494,0.1446059,-0.1563007,0.027214956,0.010326069,0.046064854,0.12110378,-0.024717765,-0.0010353662,0.36220604
40,Serta_15102017,2017,1120,p,2017-10-16 18:00:00,2017-10-16 21:00:00,289.75,289.875,rep,2,4,44.0,14.666667,238.343604,311.609975,2322.213593,2867.924667,12.0,3.0,4,487.67515538674036,-0.640490495889948,0.767966096045033,22.0,6.0,0.0,38.12154696132597,61.87845303867403,32.0,234,18.24725,0.18556854128465,0.244326285506151,0.107115845009688,0.150323680788278,0.203475637733936,0.275415039062501,18.716760253906273,14.217858886718773,75.25975164913838,538.0183526495045,960.96640625,5267.0302734375,17.11514399012065,2907.7632104072272,2.170902252197266,41.20030148389573,976.3185318544117,90.276041396431,4.852061032299706,-0.892500567345214,-0.451046269564965,6.543231060594638,-0.812527639949354,-0.582922665812827,0.016342698188284,0.018229701678857,18.227127075195312,12.808990478515625,2.467185974121094,-14.228691101074219,-40.962215423583984,77.96709632873535,83.81879425048828,73.30223274230957,58.53391456604004,103.11752319335938,6.817596606863202,38.157986410498495,59.255156872489124,49.31583216755064,63.41960502406639,-0.73466713852313,-0.678427737916306,0.182483294863005,-0.983208953933975,-0.32034113511488,-0.947302252268678,-0.302398786253069,-0.953181501117532,-0.661154551601974,-0.750249731020273,0.056825284600072,0.01410048467001,-0.013760852199573,-0.006700155312113,0.007456755882132,5940.82861328125,15222.62841796875,30940.02392578125,56805.005859375,92885.51953125,,-5.911974256442003,-6.654769303885645,-6.519595046437924,-7.451658595653623,1104.8682489085684,-0.925298393102108,-0.379239876229619,22.512088873263025,-0.005608334908521,0.99998427316611,9.063156717401993,-0.002820453407585,0.999996022513378,33.035654801366455,-0.040262233144055,0.999189147550279,1071.219503784158,96.47613525390621,14.406280517578502,17.545166015625398,96.7483520507812,89.91875000001005,,169.31591835022,76.38377939860278,898.6626646385679,,847.9371235548573,,17.89622177827757,7077.263927459717,0.831546459169894,245.421595,1800.0,5.744956327267137,311.609975,6.253905773162842,519.0400215654736,207.43004656547356,66.56720362224398,66.56720362224398,True,0.18173261,-0.1890088,0.1656443,-0.037318356,0.003736901,0.17491537,0.088096224,0.033500414,-0.19909766,-0.30609012,0.35234863
40,Serta_15102017,2017,1121,p,2017-10-16 21:00:00,2017-10-17 00:00:00,289.875,290.0,rep,2,4,20.0,6.666667,224.964975,242.067089,2444.922156,2782.310039,15.0,3.0,4,443.64627259036143,0.502932385813591,0.864325757628366,22.0,3.0,0.0,0.0,100.0,26.0,233,23.098333333333333,0.187087726626545,0.244851456228064,0.132433959469205,0.150277170538902,0.203137699514627,0.275414276123048,16.821008300781273,14.970300292968773,89.0613133661615,214.67772088614493,960.316875,5267.0302734375,19.526770621873872,807.3807867521855,1.914134979248047,31.53968956733086,912.8306680241113,81.74730535719854,3.776492668264312,-0.547844722955792,-0.836580037730695,7.438591883764052,-0.495729317294635,-0.868477083160284,0.054335182465029,0.058263336209716,16.33934783935547,12.099258422851562,2.270988464355469,-14.543838500976562,-41.06455612182617,84.9807357788086,91.79361915588379,70.40382480621338,94.08389091491699,99.0284481048584,9.066023966979724,41.897135649457155,69.54485098638258,62.507595209452965,71.58682864382789,-0.454827727440812,-0.890579439663316,0.014364822259985,-0.999896820617727,-0.120605715103591,-0.992700489314049,-0.198253766272056,-0.980150725224924,-0.617249530613042,-0.786767447825582,0.034209929589039,0.094808842565848,0.099183961133658,0.20926088126451,-0.01554978938142,5905.32568359375,15146.740478515625,30839.4130859375,56667.7939453125,92752.57421875,,-4.626553618220864,-6.324318855796281,-6.56604394582889,-7.392341205678843,1854.8719747923915,-0.830713663877981,0.556699926932294,26.62204401438411,-0.00337608242825,0.99999430101748,11.639174674072532,-0.001392597206608,0.99999903033604,43.06288339341309,-0.022691254893238,0.999742520327794,530.7323585510043,99.0435791015625,52.6185607910175,41.9934082031248,99.2803955078125,215.218750000029,-6.473490888997038,120.8243373870836,32.443343353271814,934.2037859119149,,868.7422957462376,,18.891183844035467,9622.667336463928,0.559446249703027,311.609975,1980.0,5.493337491655459,242.067089,5.4275054931640625,226.58083481849795,-15.486254181502062,-6.397505024527337,6.397505024527337,False,0.12628487,-0.22889361,-0.10197426,-0.04739713,-0.09812202,-0.30799899,0.07952133,0.019887593,-0.21878095,-0.27674,0.28785372
31,Serta_15102017_2,2017,378,p,2017-10-16 01:00:00,2017-10-16 02:00:00,289.041667,289.083333,rep,1,2,199.0,199.0,1111.068176,1125.58308,10923.466774,11066.170051,1.0,1.0,3,370.34482375592415,-0.592621280367856,0.805481233831778,22.0,6.0,0.0,0.0,9.293680297397769,22.0,227,16.71478048780488,0.173230339053271,0.232907306711769,0.094622842967511,0.147714247703552,0.188314927816388,0.264482421874995,21.127099609375023,9.108178710937523,46.230741339668846,1347.34765052428,974.4328125,4263.533203125,10.952209378578125,13183.105908607242,2.319313049316406,37.49814607086576,1036.8545354606028,89.45232340962993,9.734584785320726,-0.265872580779235,-0.964008179835518,20.955184782179845,-0.354328947305092,-0.935120846255534,1.30162744e-06,1.308841114e-06,19.99261474609375,15.089324951171875,4.450698852539062,-14.341278076171875,-38.869346618652344,53.69668769836426,41.759986877441406,53.84700393676758,63.13371467590332,102.97965621948242,24.92201110751881,41.9780407005665,48.0745794802991,53.43556665720591,25.722098148634647,-0.401323744376552,-0.915936270817781,-0.52053021762159,-0.853843248226992,-0.229676758448219,-0.97326696575437,-0.403262748801629,-0.915084234062064,-0.994703209233275,-0.102788742287393,0.113243278963393,0.149930019826957,0.05682390493129,-0.051446426229943,0.079595231009791,5952.951416015625,15262.32568359375,31119.8525390625,56983.197265625,93177.31640625,-15.603557068612421,-5.350201590933912,-6.845768779192682,-7.338103841170402,-6.836913479284829,154.98356135039273,0.02831396175454,0.999599079416224,15.329584609684815,-7.4003697178e-05,0.999999997261726,8.728083665033491,0.000589631127627,0.999999826167552,137.24776019029156,0.023184053199045,0.999731213715599,3679.348037109463,86.6855468750001,0.0,0.1480712890626,86.6855468750001,0.525000000000256,,530.2524145507683,106.20568847656637,814.8040750783819,,697.8387723464618,,15.01823738177795,12461.472988128662,1.270157765884691,1336.298908,390.0,7.026944507707676,1125.58308,6.578854084014893,718.7141246117669,-406.8689553882332,-36.14739441430064,36.14739441430064,True,0.33049822,-0.11843936,-0.118751094,0.15424094,-0.029727804,0.060649026,0.034332026,-0.13653171,0.0025708782,-0.0047767493,0.35115826
31,Serta_15102017_2,2017,380,p,2017-10-16 02:00:00,2017-10-16 03:00:00,289.083333,289.125,rep,2,2,91.5,91.5,1024.946198,1024.946198,11506.30226,11506.30226,1.0,1.0,3,369.0022795092838,-0.624409259398493,-0.781097354225084,21.0,6.0,0.0,0.0,0.0,0.0,227,18.69172043010753,0.175170564926526,0.236553861922314,0.094108545913945,0.147770415012889,0.191043304944227,0.269031796840721,20.167598083079046,9.729024200890644,51.14275755695248,1154.7354003586138,968.4081917483534,4740.969266206837,11.706369704323727,9597.937850805776,2.219506246420718,36.77862228021813,1012.6281177749704,88.99085537507979,8.241119259618362,-0.235187837398308,-0.971949937568755,18.211162570785987,-0.305345579629834,-0.952241606421669,3.3321957237e-05,3.362905426e-05,19.07243147893884,14.805051328508892,4.366038835667457,-14.150414835867272,-38.877266213452636,59.99901349018021,44.22028417690919,54.87393813718903,64.15548326870683,102.98311056057986,20.241315267748806,37.56425018833433,52.139364404051754,54.010190099545646,27.87880153622166,-0.362081010603184,-0.932146631040727,-0.459485427921456,-0.88818530810177,-0.271893901605649,-0.962327234504801,-0.428355626287243,-0.903610235349326,-0.974270243029648,-0.225382993029531,0.072496375264289,0.093409183303619,0.079646472958196,-0.080118183541834,0.070294503372615,5941.542153993901,15228.886874421067,31077.705845788296,56935.058573615024,93155.37059963906,-14.747719442699534,-4.656331774147946,-6.717320934728604,-7.230514401300054,-6.892321879763869,-2136.0522753993773,-0.62875961411703,0.777599734860683,17.885122564444636,0.000877637706264,0.999999614875954,9.24843573125073,0.001009589469954,0.999999490364421,124.90146673002153,0.031076814989933,0.999516999140125,3586.9552490066867,86.7507751072554,0.0188733669361,1.6982616923715,86.7507751072554,7.519600266286254,,429.3517328990872,124.54759900619888,828.8814436350156,,713.3596724165204,,15.916792031023709,12941.21173257205,1.232593807360255,,450.0,6.933370585759272,1024.946198,6.4450836181640625,628.5993207002896,-396.3468772997105,-38.67001780904313,38.67001780904313,True,0.319673,-0.14403477,-0.12251203,0.15255243,-0.017693255,-0.06194721,0.01832578,0.08246299,-0.035715073,0.0108184125,0.3098063
31,Serta_15102017_2,2017,381,p,2017-10-16 03:00:00,2017-10-16 06:00:00,289.125,289.25,rep,2,2,162.75,54.25,717.338626,639.8761,8844.150109,6703.022084,4.0,3.0,3,372.0168604651163,0.706895207084443,-0.707318292002294,22.0,6.0,0.0,0.0,15.932203389830507,41.0,227,17.869818181818186,0.176512939313715,0.239068997372358,0.093778584153224,0.147808212783148,0.192928769081289,0.272167440789629,18.58164166299145,10.755107762503268,60.562497149426044,849.0446541548449,964.157287741415,5070.403322592111,14.099483804742231,5307.857720111889,2.361092154608598,36.28214608298934,995.91172857231,88.67243936449884,5.758732349392994,0.163207003806317,-0.986591847679964,14.488957880138503,-0.014086815117814,-0.999900775897207,0.058469139254297,0.057389642830834,17.84764222092076,14.662233962882379,3.940049653665183,-14.057546989317522,-39.07440254559109,70.21978424783822,45.065453199110756,59.79154812052342,74.10340280703545,108.0547058775638,15.186418530113384,34.35770665517003,55.41809184288846,53.10716889559807,31.68590471380605,-0.115593226400227,-0.993296635457095,-0.384691901084758,-0.923045037492643,-0.299392846378158,-0.954129930113077,-0.511757131950448,-0.859130163536267,-0.909211256891858,-0.416335069794904,0.016201764324205,0.032985137841423,0.113715472031123,-0.019931947304566,0.146760477121696,5941.5691749122,15206.915691565384,31031.021082702104,56885.663424167025,93109.96269705986,-11.246783962341027,-3.475743234181516,-6.899537018057407,-7.027905236299496,-6.973157167503235,-3007.0243971789287,-0.910782256421566,-0.412887008015075,19.90985516113187,0.004031165812431,0.999991874818087,9.377315265227939,0.002797357335619,0.999996087388314,102.10016743178608,0.052183911273456,0.998637491487379,2588.007353821852,95.1797581426525,2.3579453444014,24.6544076426917,95.71506317369139,54.467187597293695,,268.1412410049029,94.16897543604469,857.8833761157923,,736.3615245267811,,17.269866081061693,12312.190190977624,1.114480801244007,1024.946198,510.0,6.4628361465057464,639.8761,5.989206790924072,398.09791625221095,-241.778183747789,-37.785156180671386,37.785156180671386,True,0.16679995,-0.20826368,-0.108232535,-0.07410439,-0.03151333,0.021075826,-0.03462277,0.04306681,-0.04008814,-0.19481273,0.25030094
43,Serta_23072017,2017,1279,p,2017-07-23 14:00:00,2017-07-24 01:00:00,204.583333,205.041667,sat,1,1,3254.0,295.818182,1531.31841,1531.31841,19768.494522,19768.494522,11.0,11.0,3,432.9479631053036,0.106326132218969,-0.994331309779268,21.0,4.0,0.110680686220255,0.229267135741956,89.24025614673097,19.0,223,23.75695317313617,0.19256948665456,0.245404483440345,0.110024339068998,0.159578429736171,0.210217100937687,0.273359508194729,24.439146190672663,13.262854009911457,54.30053695072456,1649.7840398874675,971.8040065317668,4147.352989146296,12.687541009885656,31176.538548104607,1.830013030978731,46.62686234658266,677.5511385042313,92.89986250024505,17.729452943801085,-0.52546069932701,0.85081787326241,30.697896730961347,-0.50000872831768,0.86602036442923,0.000707740094601,0.000758469880202,22.1864438870055,18.184833617425774,8.524807555468312,-7.26450487289921,-36.35241613446947,56.456789264579974,35.728451940132196,23.054581208146644,19.63658565825546,30.611413389896914,37.92604873320808,30.12484402078026,26.023050662071224,45.153691076914036,57.15726244088383,-0.390804231602622,0.92047381959591,-0.119321214117247,0.992855703444154,-0.519547542531718,0.854441543377458,-0.912289119768905,0.409546776267713,-0.936218676558472,0.351417970034407,-0.21352605085233,-0.239849329013801,-0.049475325022418,-0.09303172522627,0.019408780897077,6034.154147451988,15454.901184449569,31455.854252202666,57939.45058182114,94879.1239633909,-17.752168896911957,-4.366338219041375,-6.216056867496692,-6.165589422527623,-8.107916538313754,181.1507508498829,0.028805600820615,0.999585032581703,2.329112077333283,0.000159915454884,0.999999987213524,4.915912408546807,-0.001973795228152,0.999998052064301,115.62957713524331,0.010475527682047,0.999945130154541,208.7314496532935,0.0,3.8006883081645,0.0,3.8006883081645,0.003320481542895,,761.510704352921,119.78757825212428,828.6686515328903,,711.1261126538858,,20.054953748442493,19112.55349584765,0.934421322305662,,0.0,7.334537168130503,1531.31841,6.423867702484131,615.3824938957243,-915.9359161042757,-59.81355086720832,59.81355086720832,True,-0.37072414,0.19183324,0.057040714,0.087662354,0.21016142,0.0551317,0.14381455,0.08026712,0.2353185,-0.082915366,-0.08545181
43,Serta_23072017,2017,1280,p,2017-07-24 12:30:00,2017-07-25 01:30:00,205.520833,206.0625,sat,2,2,6249.75,480.75,756.871893,756.871893,9232.695899,9232.695899,13.0,13.0,3,315.3671747197063,0.807917148740874,-0.589296089220365,21.0,6.0,0.0,0.0,43.85318657908752,19.0,223,20.386391719745223,0.182151516671774,0.232584871955178,0.10058192530953,0.151288004933119,0.199083751200211,0.259269186919943,25.949033066146633,13.114872794305938,47.94579804977202,1954.1815977115295,978.461043753956,3283.5398550079644,11.275649591049802,31406.983775185516,0.961374218318689,50.01142650976081,727.4901367572419,93.72134205479772,14.683229984172776,-0.55087395935128,0.834588450021113,24.833110246941423,-0.489355548811679,0.872084369110707,0.003250909721761,0.003180315292936,23.927793172586973,18.710004407779074,10.787255971141693,-7.070147708794092,-36.697243840328674,50.49655202212327,39.16340455170334,21.152329000100373,20.34475696763337,42.530324015287036,27.987930050743547,17.810736179569325,29.951689649152172,21.902022378024,9.790153723183382,-0.295565299550586,0.955322539094296,0.194202100152829,0.980961540681504,-0.478242532453203,0.87822780652445,-0.810995378212408,0.585052558765546,0.121770527509031,-0.992558279714684,-0.116377886843247,-0.066935260867034,-0.065900659382987,-0.0266203408486,0.038815752183272,5900.427033139518,15353.606116469105,31455.77477076137,58025.73011545088,94927.54279016468,-10.161418721771177,-5.693365662283305,-5.098149271351863,-6.973161101366684,-8.258208042061836,64.87639506923043,-0.134713460579211,0.990884596478709,5.446494094570815,0.000727823427698,0.999999735136494,1.144176298549996,-0.001188341294879,0.999999293922234,92.84206228673378,0.015066563318172,0.999886492892958,,0.0,0.0,0.0,0.0,0.0,,781.9287854151273,140.25562494806042,813.0743972871969,,666.1771274151246,,19.51439842704459,14403.571894843082,1.056814518453485,,1350.0,6.630514364762841,756.871893,6.072175979614258,432.6232110075841,-324.2486819924159,-42.84062930480838,42.84062930480838,True,-0.47959834,0.18307346,-0.06886642,-0.013505641,-0.017759874,0.12571517,0.1561091,0.15688929,0.14510761,-0.022959508,-0.09729912
43,Serta_23072017,2017,1283,p,2017-07-25 14:30:00,2017-07-26 00:00:00,206.604167,207.0,sat,3,3,12109.5,1274.684211,867.324086,867.324086,10023.540319,10023.540319,9.5,9.5,3,301.17843873844123,0.446044008750478,-0.895011029126347,22.0,6.0,0.186391293169937,0.0,82.88842231553689,14.0,233,22.33587322548696,0.165623933062278,0.213335721711069,0.091905448520417,0.135055965645855,0.181706665111416,0.238580054329477,30.225343129893794,10.670570607629188,32.279014409222,3114.908010407891,983.1603249171798,2409.463719559141,8.17285361784637,44228.71690264843,2.095017973984677,49.039880408123494,756.061290075053,95.17519712182676,13.521342520581884,-0.374259966526232,0.927323825562453,23.75145464167206,-0.308459268956216,0.95123755150593,0.006071203268389,0.006050311798216,27.999015338141,20.014831401160258,9.824795453190905,-7.020957038710677,-35.48922390258019,31.71784251127682,37.44567051046909,21.869898640180388,18.81454461941128,35.898295730379246,27.456188770529966,19.32957726558458,23.867446910746974,37.665255132696366,43.79361091962037,-0.08331886395258,0.996522938476406,0.414249672527325,0.910163286894722,-0.417200273620876,0.908814574977022,-0.635939903970861,0.771738581734471,0.217961906646926,0.975957277369679,-0.071368343843245,-0.05557026064849,-0.054491150116132,-0.057804038989002,-0.078078976696539,5561.107692444501,15093.33094623207,31168.608638630532,57684.406179145895,94682.05147550348,-4.703705038240922,-8.711904739178063,-6.557108907175946,-6.578120095462914,-7.935197878152378,48.791076339489344,-0.101229036828431,0.994863147424201,3.242717783780504,-0.00015151318873,0.999999988521877,4.236449596497,-0.000973824216343,0.999999525833085,99.59664339334668,-0.08189177181066,0.996641228180789,,0.0,0.0,0.0,0.0,0.0,,959.7755080441718,220.41373257906162,742.0238148148352,,628.8168592793694,,16.683442714168486,14570.718999231409,1.617684902505778,,2910.0,6.766565015942497,867.324086,6.029249668121338,414.4032221370885,-452.92086386291146,-52.22048726350158,52.22048726350158,True,-0.46982774,0.2591658,-0.07355888,-0.046719562,-0.12129987,0.04601202,0.036544714,0.11629276,0.14507478,0.1716115,-0.07630453
43,Serta_23072017,2017,1281,p,2017-07-25 14:30:00,2017-07-26 00:00:00,206.604167,207.0,sat,4,3,1716.75,180.710526,878.999787,878.999787,10278.362809,10278.362809,9.5,9.5,3,214.93865589049076,-0.560497875426942,-0.828155861925691,21.0,7.0,0.0,0.0,90.08072027320708,14.0,236,20.098574752763234,0.141190057328011,0.185615802722456,0.077076095237698,0.111405911128992,0.156110401839283,0.209121488116342,30.568025097177326,10.833309518212268,32.13456968687308,3192.6633228783744,987.9416099272539,2048.1169076087303,8.119229828323261,48069.27294687477,2.101336883752636,50.47033466313363,780.303223797013,95.47483460071373,14.43127434771983,-0.395757953484163,0.918354856389417,25.118295130005322,-0.328439360493854,0.944525058682081,0.005880423855557,0.005886479323433,28.107962194398954,20.129682182743252,9.927008415237978,-6.981585415995052,-35.533600722611965,30.97796732222097,37.057071103616536,20.152062208038284,17.246705929612197,35.474799868952935,29.745270380207057,17.952233522512547,23.79527137493113,37.38760093539022,43.49852465666858,-0.059300592587565,0.998240171360962,0.393740941080842,0.919221448464282,-0.446190417348873,0.894938048954249,-0.637517069748258,0.770436230832633,0.244571499815563,0.969631260571753,-0.041515916526813,-0.0375561932423,-0.055277444585027,-0.053054501820799,-0.08230655444152,5558.002336661088,15093.301448911463,31173.264321582694,57692.18973305137,94684.0849543831,-5.268270292536696,-8.705462698836197,-6.565241121769633,-6.602659092891537,-7.958541781325886,46.72937367433276,-0.11457381894444,0.993414737162927,2.736440925653979,-0.000274914068421,0.999999962211127,3.937800093866602,-0.000925151698563,0.999999572047076,101.72203578590856,-0.056465256240282,0.998404564711981,,0.0,0.0,0.0,0.0,0.0,,971.69131411495,221.33570241520854,744.0811047069799,,627.9915051920594,,16.723042726205176,15877.332384539575,1.585785924971993,,2910.0,6.779921665426769,878.999787,6.127981185913086,457.5095800983797,-421.4902069016203,-47.95111593145588,47.95111593145588,True,-0.479699,0.30255714,-0.07355888,-0.047877092,-0.122215234,0.0470751,0.052776564,0.15288791,0.14812097,0.17449902,-0.06807903
43,Serta_23072017,2017,1285,p,2017-07-26 14:00:00,2017-07-27 01:00:00,207.583333,208.041667,sat,6,4,3618.0,328.909091,568.377326,568.377326,5510.182171,5510.182171,11.0,11.0,3,192.13760707377727,0.998367073361865,-0.057124310296611,22.0,7.0,0.336038029669699,0.0,86.59126301122859,14.0,236,17.4694584139265,0.1781390635639,0.222698509578755,0.100686295207445,0.147106754119093,0.194720284075513,0.246274936041641,30.751452212771653,9.367662124623129,27.617729007300344,3388.226851063964,985.2148489913615,2276.904882833037,7.495630465701081,39053.42237807767,2.614192294712338,48.38628222655037,788.0210323084181,96.0063296259133,11.720588050574834,-0.587678996572719,0.809094183014117,22.439277120207386,-0.550439334891021,0.834875163485374,0.004423760801374,0.007484609782553,28.236515545420545,21.26458176694476,10.036197177520089,-5.050306109084993,-33.48391276827419,26.71907433906414,38.918122598837456,36.120898790349365,31.146336093291016,39.10088726368153,28.996602566902553,6.251459526723868,6.673392919025451,20.355186544200226,11.441124045670339,-0.37699901930296,0.926213657556725,-0.629910691213249,0.776667574381245,-0.997861825276082,-0.065358837632613,-0.971880725726256,-0.235473682100158,-0.977534860616414,0.210773803589647,-0.038537287440242,-0.012334153579538,-0.030610759727807,-0.030503360166803,-0.011218269381234,5592.284635028206,15154.060591016358,31272.00189118185,57935.000981424724,95209.26258262806,-7.312712755809899,-7.607392741118073,-7.225267995171855,-5.891148554366636,-7.925536749712393,48.84001882768575,0.014580524929325,0.999893698496388,-2.230133882678351,-0.010478950958404,0.999945094286087,1.206326523266103,-0.003521901897,0.999993798084282,90.49780734149657,0.017001435844597,0.999855465144449,,0.0,0.0,0.0,0.0,0.0,,1039.9208802294052,219.63587757851695,722.3847953477624,,594.2232666922397,,17.830802837256435,14633.309972356425,1.736174666736456,,4320.0,6.344543353186999,568.377326,6.048446178436279,422.45454578922846,-145.92278021077158,-25.673575200072563,25.673575200072563,False,-0.45213133,0.19288406,-0.07373773,-0.033368956,-0.18866068,0.042472277,0.20153297,-0.03109955,0.09803767,0.120297655,-0.067240834
43,Serta_23072017,2017,1286,p,2017-07-27 14:00:00,2017-07-27 22:00:00,208.583333,208.916667,"sat,fops",7,5,2843.5,355.4375,929.470743,929.470743,4530.908883,4530.908883,8.0,8.0,3,237.17285087719299,-0.797600873917215,0.603185581663301,22.0,7.0,1.299582969644069,0.0,77.49005916012027,14.0,223,14.818827051778795,0.187125573692102,0.229509924153168,0.10933925531792,0.155536644841289,0.203901570004412,0.251935506407701,30.51892618239678,11.794333629331854,35.36815505079239,3068.20580391266,983.5869012071184,2535.109497159012,8.743640453157807,47920.41817914305,2.085905622391317,56.3200032487799,803.5050291512235,96.74180973462649,15.354029028062333,-0.816992226512135,0.576648681450625,23.664944399297504,-0.77708317896759,0.629397913061066,0.006619616096368,0.007275669758755,26.555929683432158,21.30340637894615,11.131595134163518,-7.123545585452502,-33.76294895630544,40.071182021592435,24.080229001045456,8.034869415084493,4.128719977189957,6.828000476198259,29.049207762121934,10.143885095417284,19.69426201339835,49.36945142736673,104.97465811329023,-0.66707346782079,0.744991938566818,-0.634860729619936,0.772626594149103,-0.999438742558397,0.033499251831808,-0.965500642037593,-0.260400672474162,-0.985223619304709,-0.171272939964634,0.023639715477253,-0.024865519312438,-0.041841312473622,-0.007771084149157,0.074648469151923,5612.9605203462215,15144.220611446995,31298.418516843936,57863.88784791228,94814.84771616303,-13.017394075698386,-5.731266091835438,-6.545381631216721,-7.128473962260745,-7.425423476408456,45.98291305880233,0.011853611706797,0.999929743476763,1.248758847164725,-0.003715225407083,0.999993098526272,6.184469819157316,-0.002859464321423,0.99999591172354,80.1552915176244,0.011159684493789,0.999937728782147,,0.0,0.020214805194,0.0,0.020214805194,0.0,,995.2430378173261,166.9074105034847,753.2002253783506,,643.3929073807948,,15.972599222367373,14733.313447659379,1.476481391872898,,5760.0,6.83569063335263,929.470743,6.092867374420166,441.6889479917117,-487.78179500828827,-52.479521134135176,52.479521134135176,True,-0.30674016,0.2793765,-0.079588376,-0.0045862747,-0.17505856,0.1026973,0.14669959,-0.13645434,0.13430694,0.060490783,-0.059111413
112,Serta_26082023,2023,2664,p,2023-08-26 18:15:00,2023-08-26 19:35:00,238.760417,238.815972,airb,1,1,12.75,9.5625,543.26274,543.26274,5742.801055,5742.801055,1.333333,1.333333,5,396.77859375,0.197405694815001,0.980321881656534,32.0,6.0,0.0,0.0,0.0,0.0,227,17.39090909090909,0.191072887432572,0.257205732145107,0.101686599850656,0.156520964503288,0.209840865135188,0.292196655273433,18.541406250000023,10.113916015625023,57.97033509408621,896.1556719315979,970.540625,4263.533203125,12.78388427760755,17851.401744867813,-0.938919067382812,57.324841458693335,810.7615998611643,92.18654577082036,19.919978530505112,-0.601504870749692,0.798869132251582,36.26251201649134,-0.568902466275625,0.822404999903036,,,16.1527099609375,10.33648681640625,6.214324951171875,-12.038177490234375,-38.41374206542969,65.11041259765625,48.811492919921875,18.817529678344727,20.12811851501465,29.8892765045166,37.1344178183548,53.572865683409276,60.24047245126354,98.79538680522056,137.19108029012244,-0.548030661476748,0.836458244075195,-0.318237963570692,0.948010864147863,-0.987815012105429,0.155632586109567,-0.968714088046562,0.248179402086713,-0.975531893246766,0.219857966101711,-0.036541718143815,-0.249055084328894,-0.062576551471366,0.319079970766133,0.179653438847656,5649.673828125,14807.193359375,30540.447265625,56678.80859375,93156.09375,-18.928427086268606,-6.346344520229104,-2.652538658485862,-7.127443737525016,-7.351881484495564,125.2159869503863,0.008547165231991,0.999963472316113,14.088674506334392,-0.005305197061898,0.999985927343047,14.5706131838029,-0.002339128735709,0.999997264234637,136.7958841227274,0.005119335026943,0.999986896118585,,0.0,0.4954833984373,0.0,0.4954833984373,0.0,,984.6526855468807,,855.6102146868913,,682.3284174593433,,19.97552877316221,18567.209243774414,0.418193698082599,,0.0,6.299432108200814,543.26274,6.671557426452637,788.6244292859236,245.3616892859236,45.16446117507039,45.16446117507039,True,0.29015273,-0.079685315,-0.05997283,0.0739591,0.20128809,-0.09415897,0.15151995,-0.028468525,0.2385153,-0.20069617,-0.084447995
18,SeverdoVouga_09082016,2016,270,p,2016-08-10 01:00:00,2016-08-10 15:00:00,223.041667,223.625,sat,1,1,366.25,26.160714,303.29638,303.29638,2923.503297,2923.503297,14.0,14.0,3,80.59490466101695,-0.610195362135342,0.792250982977313,22.0,4.0,0.0,2.352941176470588,81.45328719723184,34.0,223,16.228125,0.179291101060872,0.267130950706233,0.076153550565867,0.126251588257875,0.204788220815427,0.313607061629705,24.390245555030692,9.120268402273535,39.04905305466017,1963.2037432162213,994.601403544467,2155.0411355493347,9.663548553821393,37196.73334864958,2.97320166241215,60.14967590781781,518.7750652907652,94.12958823059984,19.686965512453046,0.940632332274525,0.33942718730206,31.05938239512276,0.946756737913298,0.321949808535075,0.00029916151428,0.000340387305921,20.773145498128226,17.299675878694394,5.353272553870093,-11.684155949030346,-41.03612901718784,43.28306902312469,38.8430478109922,36.62815693535478,9.60559903553337,33.97417863355255,41.42403081665644,16.011809834015146,8.02564007431896,33.27102392613653,72.06998653577377,0.962098079878565,0.272703657280167,0.709109014967472,0.705098861785963,0.920486274235062,0.390774895489531,0.232543271793041,0.972586051074036,0.324476526835721,0.945893748542947,-0.359184149128934,-0.071378845393114,-0.063093121985918,-0.067676997947674,-0.118339444868882,5722.884511012652,15104.865289566287,31004.010183904586,57157.546409106806,93295.64395201452,-7.759279871143497,-3.790060033408983,-7.687300422677307,-6.652967913651855,-8.181520691926332,66.77296863692034,0.003878013127304,0.999992480478821,-3.380600941696089,0.004601944597107,0.999989410996899,2.779117550755009,0.003524043143487,0.999993790540683,121.32647353788443,0.00383924652369,0.999992630065907,,0.0,0.0,0.0073824353526,0.0073824353526,0.0,,777.7212504366311,95.65364451692251,794.8992944770254,,678.3763662073632,,17.215300493020308,20722.05223291588,1.231919726024305,,0.0,5.718002160677056,303.29638,6.083748817443848,437.6706121518534,134.3742321518534,44.30459478344363,44.30459478344363,True,-0.51634717,0.16159008,0.14668782,0.06006035,0.25285122,0.051768616,-0.11104676,-0.12516433,0.1687863,0.035191327,-0.17939878
18,SeverdoVouga_09082016,2016,271,p,2016-08-10 15:00:00,2016-08-11 03:30:00,223.625,224.145833,sat,2,2,446.25,35.7,208.270082,208.270082,1750.992145,1750.992145,12.5,12.5,3,113.57380745125349,-0.982212499765568,-0.187772749099207,21.0,4.0,0.0,9.132161089052751,73.96483267158253,34.0,223,15.44417777777778,0.181162206269161,0.268156271827159,0.079093762452324,0.128482959238099,0.206450307579857,0.314184877942502,26.963468990005115,6.87420049398259,28.311204604340027,2620.5667724867403,994.0535791471926,2224.754779969401,7.967354517981051,35724.98921715831,2.187885324369873,55.480598290871164,520.2854108643068,94.17467247499351,13.840731000975712,0.907275216586743,0.420537372141263,25.94799565829121,0.918096611222997,0.396356673289159,0.027058667554767,0.030528172975924,24.961537634713633,17.77949171703883,7.403721068299083,-9.816403700630364,-38.5233948678085,26.33057997314459,37.58996361279395,7.993046203383321,19.108241786868316,49.583686085788784,33.41848563030494,16.56750710358201,11.638675431944856,33.230858576494136,69.23194838344465,0.964571441639127,0.26382178449517,0.997868284514403,-0.065260146799425,0.859158396131079,0.511709732521741,0.509095697613866,0.860709922489018,0.43283498789856,0.901473168347707,-0.304033041254118,-0.092654102447814,-0.04183457772528,-0.089685169438263,-0.157736742305716,5784.57813769462,15229.994445280181,31149.6053478523,57453.19397620173,94000.90807892346,-1.062936185824547,-7.836655613278181,-6.676625920365278,-6.724309219391044,-8.00173949777876,60.86611659378968,0.01168534970867,0.999931723970285,-0.929579540762129,-0.000287795358958,0.999999958586915,3.516175863118316,-0.001719392215147,0.999998521844113,132.27765823306905,0.01070899611969,0.999942657056948,,0.0124222130674,0.0,0.0,0.0124222130674,0.0,,878.5197946926626,145.6520175604897,739.7490783626708,,612.2868044826009,,17.3820686202441,16955.8184732231,1.7002084013726,,840.0,5.343625676090796,208.270082,5.792503356933594,326.83268021543125,118.56259821543125,56.92733064532584,56.92733064532584,True,-0.5292336,0.1410106,0.13589759,-0.07114589,-0.043055303,0.088848196,-0.13999116,-0.12631775,0.08880908,0.1273555,-0.10343998
18,SeverdoVouga_09082016,2016,272,p,2016-08-11 12:30:00,2016-08-12 03:00:00,224.520833,225.125,sat,3,4,254.5,17.551724,117.029898,117.029898,1214.741405,1214.741405,14.5,14.5,3,139.67543377321604,-0.989898848313783,0.14177542137848,22.0,4.0,6.182531894013739,0.0,89.49950932286555,34.0,223,15.908117647058827,0.180253461931743,0.267372057646957,0.07799315325419,0.128140550394852,0.205395035584766,0.313466552734372,28.074055989583357,9.360774739583356,31.555134607542108,2680.5674728363974,996.4107083333333,2229.417724609375,8.290982438452309,19937.519628535294,1.802109781901042,43.15943783320459,528.4720354726786,94.34951070804296,5.857431257759764,0.726587282258858,0.687074174496237,11.175635025921933,0.815812124638989,0.578317021444138,0.272068683333364,0.274644862179416,27.02269083658854,18.73934326171875,9.135123697916667,-7.717218017578125,-36.90153198242187,26.139413197835285,40.97623519897461,7.344025802612305,17.228500239054362,42.26195551554362,14.216192837227156,3.91868262721617,5.712480903462229,9.147666858991279,35.70420930234553,0.968283992207278,0.249852177167092,0.902771725083157,-0.430119997663886,0.875109867735871,0.483924290970506,0.869345590229989,0.494204658767673,0.995331844293289,-0.096511759572191,-0.113233817790552,-0.033539855855832,-0.034359352867936,-0.037343109666742,-0.029829802983549,6006.703059895834,15499.145442708334,31482.631770833334,57974.64140625,94787.35416666667,2.641740428875258,-9.038335735167994,-6.18014636747477,-6.580693130069283,-8.134787669251294,30.064080592068695,-0.050284602365615,0.998734929180377,-0.714359591182367,-0.010708965324445,0.999942657386752,0.358449043392572,-0.005752552524293,0.999983453932841,76.24657516865881,-0.064458429522571,0.997920393049207,,0.0,0.0,0.0,0.0,0.0,,722.0811251220674,185.94886895073947,757.5678315038458,,612.6660577700628,,18.89872296565269,8622.956399122873,1.66881064224845,,2130.0,4.770937965253533,117.029898,4.825318813323975,123.62619454158065,6.596296541580642,5.636419969861583,5.636419969861583,False,-0.47992527,-0.14437948,-0.08904185,-0.16607606,-0.14662713,0.0055523263,-0.14852135,-0.106369086,-0.07952252,0.14915358,-0.08659925
18,SeverdoVouga_09082016,2016,274,p,2016-08-12 12:30:00,2016-08-12 18:00:00,225.520833,225.75,sat,5,5,590.75,107.409091,671.021654,671.021654,6213.533296,6213.533296,5.5,5.5,3,262.91384778012684,-0.807187221176922,0.590295510713642,32.0,6.0,14.601958280119199,0.0,72.20093656875267,31.0,227,15.817389830508475,0.185102004888281,0.272649992866069,0.081576372724605,0.13208609521452,0.210629970559041,0.318971679626804,32.40232414307017,9.905297752478633,25.136294584138966,3642.3750727459956,991.7566574836414,2771.38854684384,6.998031059967604,36871.73024148934,1.94976959382122,38.23707568720573,528.7833240105493,94.5494367111994,9.793648477704666,-0.847219430624932,0.53124310477555,14.493333108735188,-0.784130966311433,0.620595381606646,0.039119191491272,0.070569801036928,27.809874324107806,19.203873770339083,9.30433458269664,-7.03432091094501,-36.34823591004393,26.33850539229992,38.99277157763576,20.90339587276856,15.11491099620734,30.296736852457716,14.585714982935492,10.422440636296358,2.304352816609958,2.689947543697865,39.13699286083165,-0.779401802694881,0.626524404916496,-0.740659302445387,0.671880791287496,0.99708636871843,-0.076280884341331,-0.999775240169748,-0.0212006873361,0.255873940406055,-0.966710156469393,0.074466027866682,0.00264410075852,-0.045512282179202,-0.013438480432068,-0.022074835686897,6134.314436855494,15641.533705678798,31647.382586814598,58157.065556147245,95105.82455238844,-16.934726190374445,-9.390397015089167,-6.370179351247841,-6.380103120192371,-8.1709124483587,17.420244478678995,0.003587238410485,0.999993565839594,-2.905354589402164,-0.023245295440514,0.999729791613656,-1.60787416167827,-0.001881229014756,0.999998230487131,37.53283402275674,0.005044228738732,0.999987277797288,,0.0,0.0,0.0,0.0,0.0,,1336.2160064446757,324.0789211726492,714.3095782154438,,610.9868635605691,,15.177067019876207,7459.9968907412285,1.51549362824594,,3570.0,6.510290563218279,671.021654,6.098145961761475,444.0318985631037,-226.9897554368963,-33.827485906571994,33.827485906571994,False,-0.11810001,0.1580563,-0.08000363,-0.054490607,-0.0998604,0.10787342,0.13172561,-0.11036519,-0.042575087,0.13403358,-0.08777096
143,SeverdoVouga_15092024,2024,2900,p,2024-09-15 15:00:00,2024-09-15 18:00:00,259.625,259.75,"airb, sat",1,1,33.25,11.083333,285.173176,285.173176,2776.398512,2776.398512,3.0,3.0,4,245.77921195652175,0.072787867331399,-0.997347445161087,21.0,4.0,0.0,0.0,100.0,14.0,223,17.251875,0.179358300619605,0.255029771216848,0.078821597703981,0.128984449980574,0.203825075395008,0.295067586347665,29.627320934663594,5.690802290615954,22.099047993654047,3233.894045613461,986.1351566862209,2852.4146403065706,6.868540337683283,19759.80168976669,1.499297112594323,41.96405509790109,787.9653527705868,94.09131522119525,5.848361569799164,0.029729803617086,0.999557971693933,9.695057797588301,0.105461648334402,0.994423370969624,0.030570473630623,0.036960908895802,26.57499538753194,17.275595046945647,8.277000821757003,-9.656338962360241,-39.00771489660709,22.13898119093735,35.296280473348354,18.315655027313163,10.703734196054887,39.292363435734224,10.119621103572324,13.391971929638846,18.57470411788091,6.45818154332906,41.56074235379912,0.326135805113367,0.945322927164604,0.958558024557822,0.284897373725707,0.993877896475966,0.110484057205139,0.446715613940119,0.894676008542815,0.616932017598683,0.787016445610648,0.020934814363806,0.033751466617863,-0.008971363827039,-0.052244994487687,-0.043973837644423,5792.6152385464775,15242.245995416908,31201.71314147612,57548.26589969739,94005.5891744797,-11.638081962488666,-10.146996930196511,-5.790437113993189,-7.002813490782196,-8.181354247802304,17.951863194050325,-0.175821352945019,0.984422090288807,4.241884814458348,-0.008632183024576,0.999962742014036,-0.11475056610346,-0.007784705950798,0.999969698717546,37.14491992748563,-0.080415412157644,0.996761436597302,,0.0,0.0,0.0,0.0,0.0,,1202.2571111736927,347.6114059462163,693.8318568780043,,597.4466010500712,,14.289749641128381,5372.188377564864,1.878915437727361,,0.0,5.656597138061855,285.173176,5.877999305725098,356.09409044552694,70.92091444552693,24.869419852281943,24.869419852281943,False,0.10447729,-0.07653948,-0.079820715,-0.022243544,0.2155405,-0.27637684,-0.017107941,-0.0135486685,-0.145076,0.14390329,-0.065042734
143,SeverdoVouga_15092024,2024,2901,p,2024-09-16 06:50:00,2024-09-16 07:40:00,260.284722,260.319444,"airb, sat",2,2,25.25,30.3,629.258423,629.258423,7156.931905,7156.931905,0.833333,0.833333,4,266.2759946842784,0.808429007654605,-0.588593696519585,22.0,4.0,0.0,0.0,81.25,14.0,223,18.020799999999998,0.187507943260588,0.263577006252636,0.084249234153911,0.136261119552155,0.21249397467203,0.30382518772991,17.990715015095994,-3.819237720364709,22.370412918568555,1599.6940592504334,977.6400051037701,3684.644394174711,8.068563829578588,27186.08115018549,3.416511105547733,68.59425610550915,785.2365046205599,95.84992367065803,16.969967494378615,0.963496529516362,0.267720820277255,36.457304406686276,0.972713355076298,0.232010191276617,,,20.260265522393468,19.737925483090674,6.904903271995208,-8.478483237506758,-36.75756367274993,14.260934652600449,12.855396773094636,21.260357174872286,4.541735692623483,38.07979841803732,47.50127129815902,14.253006316278723,17.94444083886669,37.91891371664553,99.81278524833144,0.978306193277526,0.207164167255913,0.976592060551668,-0.215099854178116,0.924551927907298,0.381056075404787,0.894656925059696,0.446753832040342,0.951923184975815,0.306336824272727,-0.51633717963991,-0.094012635673191,-0.023525322924725,-0.027123145954785,0.016317005639402,5720.007272469269,15151.55399303132,31118.80468005689,57444.34161994165,94192.49274711547,18.85582617320063,-0.569948876401423,-8.257824081879669,-6.007078875406475,-7.882464364230032,213.39970173233567,0.003537143352869,0.999993744288884,-0.368733972861951,-0.001016242607429,0.999999483625348,3.659280678563899,-0.000755678311462,0.999999714475104,195.11525187855193,0.000612350981296,0.99999981251312,,0.0,0.0,0.0,0.0,0.0,,343.70537943574163,,703.377975877145,,441.542019740983,,24.697603216689018,23771.790208619102,2.629432721170684,,950.0,6.446129930516606,629.258423,6.71267557144165,821.7690745429826,192.5106515429826,30.593257794656903,30.593257794656903,False,0.42114863,-0.09128372,-0.06325671,0.089003235,-0.015598513,0.01811825,-0.13346896,0.01529621,0.27423862,0.1366798,-0.07928976
143,SeverdoVouga_15092024,2024,2903,p,2024-09-16 09:00:00,2024-09-16 10:40:00,260.375,260.444444,"airb, sat",3,3,971.0,582.6,3705.673184,4211.763506,35882.038338,40184.633038,3.0,1.666667,4,165.1979059112029,-0.258829843079198,-0.96592293291525,21.0,4.0,0.0,0.0,92.87410926365796,9.0,223,16.699002036659884,0.168580872758726,0.245212084707192,0.070172366798274,0.118742472420407,0.192684566492446,0.28575769949474,23.903782799331285,-1.728677154955318,18.19639650046446,2429.6348436967182,993.6268259374497,2066.303277441272,6.917938851129109,45742.135444229105,3.146037309335239,67.67004066921793,805.0798062093368,96.1094726625785,18.80703436208999,0.992724293843096,0.120409619274073,30.586244188700174,0.990151053862996,0.140003180442441,1.735671909e-06,1.735784531e-06,22.682465332873967,19.605845250245963,7.31377063157548,-7.792078151228603,-36.797280619797405,11.823965531708485,12.834924620199349,18.063210931734922,4.659513688950804,39.029317996965595,41.97034654230517,4.663323856577233,20.14293725887251,43.36941242291845,87.71463983103322,0.99750585293167,0.070583803857974,0.958805844745078,-0.284062232763664,0.909201866180154,0.41635557704266,0.941830290258165,0.336088834018955,0.961271979426858,0.275601490505349,-0.41590706350588,0.014758334597092,-0.054946510877626,0.047843834901083,0.002082103751517,5719.942805288496,15166.971564068544,31138.153245897694,57535.57863191295,94369.77458001276,-4.754797885138995,-3.357039528404597,-7.909733820499175,-5.898702802677276,-8.08486242540031,63.713045478278474,0.00330220247195,0.999994547714553,-0.387445680383695,-0.001844109472719,0.999998299628681,4.137672949792027,-0.000679950443563,0.99999976883367,104.07539432434196,-0.001416253725817,0.999998997112189,,2.0606760899622,0.0,0.0,2.0606760899622,0.0,,422.7595144244968,43.66610492467737,678.0145263981913,,457.77408588619085,,20.355115953169854,20997.06787052538,2.838187263736484,3387.331069,1080.0,8.345874126057353,4211.763506,6.749786853790283,852.8767425371682,-3358.8867634628323,-79.75012743896528,79.75012743896528,True,0.3277723,0.14353944,-0.0852062,0.1520725,-0.033638917,0.036059678,-0.14550476,-0.1259954,0.27724922,0.14186372,-0.09542893
143,SeverdoVouga_15092024,2024,2905,p,2024-09-16 10:40:00,2024-09-16 15:00:00,260.444444,260.625,sat,3,4,810.25,186.980769,339.109245,340.769912,2414.914094,3317.679067,4.333333,4.333333,4,156.5919783921933,-0.13302092202535,-0.991113229809554,22.0,4.0,0.0,0.0,72.75590551181102,29.0,223,16.426096654275096,0.161531380452143,0.239393427885548,0.064965981575798,0.111703489982146,0.185452817841092,0.280590278379414,29.973263277846847,0.336624936133023,14.838650121632094,3618.449838337463,995.4102498850916,1736.6005112782343,5.861052788514015,50385.23430546732,2.844586024966012,67.41382805868737,810.5808007848087,96.1814252854944,14.166638181136989,0.991231816499229,0.13213434814475,21.515148917277305,0.993243044267335,0.116052811316905,0.002946488106633,0.003449563132882,25.803757908324407,19.532100104651057,7.842928054719033,-7.25249464094608,-36.73370942499972,13.502169556798885,12.62288139893439,12.480397089592724,15.453862674021465,56.66369305745629,25.808994307182992,8.261291360784645,22.0563451023996,42.67763699083457,79.93823033412872,0.997500681723782,0.070656846523114,0.983596360154314,0.180383481203756,0.998689081717418,0.051187088786333,0.979464943442652,0.20161454453209,0.918341452654938,0.395789055350976,-0.186423494018837,-0.002606064266543,-0.081241411275625,0.014349282708857,0.055297898530483,5665.462403144567,15124.853278102353,31116.66162752108,57587.881329898,94445.4079055078,-14.622185155495107,-6.843289905841852,-7.52177662154327,-5.894631506167435,-8.217545315225383,27.686350146217194,0.00278034151332,0.999996134843065,2.21124679704922,0.000574622472381,0.999999834904494,4.945994978127805,-0.000202319974288,0.999999979533314,61.563833496391,0.002778483448431,0.999996140007414,,10.3896956943661,0.0,0.0,10.3896956943661,0.0,,820.739570680806,160.31200474071957,643.3520458266619,,468.12241415370227,,15.34372137206644,12923.484992678654,2.848375559094722,4211.763506,1180.0,5.834137738720191,340.769912,6.156108856201172,470.58947756029124,129.81956556029127,38.09595888274646,38.09595888274646,True,-0.19273202,0.16556568,-0.086217284,-0.037652794,-0.04910942,0.09545784,-0.18983229,-0.15500085,0.064880416,0.12881902,-0.11836592
143,SeverdoVouga_15092024,2024,2906,p,2024-09-16 10:40:00,2024-09-16 15:00:00,260.444444,260.625,sat,3,4,190.5,43.961538,213.352881,207.619793,2077.16809,2021.351699,4.333333,4.333333,4,189.6818181818182,0.710249399897582,-0.703950133138083,21.0,4.0,0.0,0.0,69.9865410497981,14.0,223,16.770842105263156,0.170160363201919,0.248599003281596,0.070398029285705,0.119314124155995,0.19468963205439,0.290100929249679,29.54711858645148,0.257057335608559,15.112722541186201,3520.155350135653,989.1800100584627,2421.9694992329555,5.940392961873805,51170.380913787274,2.879672237937137,67.90239550849728,800.0910482094333,96.04422005811561,14.785661785297943,0.99107334231052,0.133317778864844,22.243952568912444,0.99159935347198,0.129347292951771,0.001413019270832,0.001641506662444,25.707621254152457,19.579491654210376,7.820147178336097,-7.249936271207496,-36.735970921831814,13.727043174585898,12.637251187995314,12.45881423950394,15.73111566236987,56.70088593636085,25.767114215226155,8.687056498775704,21.995609155074362,42.69316036190567,79.6890071405798,0.995449119667927,0.095294544189839,0.999002225687143,0.044660419524844,0.998566835591413,0.05351892055108,0.979176515027059,0.203010719961935,0.917593465764739,0.39752010211542,-0.200581520329483,-0.012428111637891,-0.082896817692073,0.015995861171921,0.061783123479137,5667.757939382532,15124.622410026932,31116.48299935193,57586.78316565823,94444.6941931783,-18.244264968515896,-6.686679781606045,-7.566931343423891,-5.884736750549008,-8.218888796905091,34.389068816999355,0.00254068293003,0.999996772459916,2.073528864150541,0.000606595128179,0.999999816021158,4.924253690307361,-0.000192401227954,0.999999981490884,64.15178459154781,0.001885940220585,0.999998221613161,,10.6558059311892,0.0,0.0,10.6558059311892,0.0,,804.4416017894351,155.30567190882428,642.3726717906318,,469.2172276195048,,15.386847154489397,12893.713035154096,2.87646950172209,4211.763506,1180.0,5.340513423012648,207.619793,6.309921741485596,549.0019047957919,341.38211179579196,164.42657362431333,164.42657362431333,True,-0.20028658,0.16731232,-0.086217284,-0.00027534645,-0.040358566,0.13986465,-0.18471971,-0.1630363,0.06418837,0.12951216,-0.11887545
143,SeverdoVouga_15092024,2024,2909,p,2024-09-16 15:00:00,2024-09-16 17:30:00,260.625,260.729167,sat,3,4,189.25,75.7,209.296288,438.259511,2037.67378,4266.821555,6.833333,2.5,4,120.94775978915662,0.815255886459324,-0.579100888959274,32.0,4.0,0.0,0.816326530612245,65.17006802721087,14.0,223,16.386406250000004,0.173402762820864,0.252277084728928,0.072708161749097,0.122224364742958,0.198119548475564,0.29400953018293,31.067478096204656,0.633672621946522,14.2088896783634,3862.3117818820447,983.963432911194,2803.679221047137,5.667243407280229,42667.595389211776,2.501651812799448,68.11154666615276,795.6004832004196,95.98548378300391,11.016273023853454,0.957551408259326,0.288262554870697,16.37836154926049,0.962660482562011,0.270711646061774,0.00156110594334,0.001591041828679,27.943480614310086,19.332454752538222,8.32915112693933,-7.090162120282726,-36.81687391838369,13.00844485069049,14.812449273489142,10.725364722698037,31.999265060787327,77.08033296098279,18.17194677932311,18.191489868036555,18.75129052659863,41.06924582737751,72.47059705448542,0.977917918364486,0.208989341693951,0.998253323599073,0.059078777267341,0.999860933534813,0.016676738017148,0.950113969515941,0.311902941522939,0.880676632069869,0.473717922107737,-0.125132470501875,-0.00113722793362,-0.02523549816319,-0.024192427208328,0.023374320864844,5572.143652385722,15053.337905581562,31067.60752122721,57575.001522806146,94435.00564621213,-17.156974775359362,-9.395880356273928,-7.080432353740004,-6.021107954574922,-8.285974749102634,30.96037124086901,0.006329961616639,0.999979965592277,2.583451805161431,0.001826109361608,0.99999833266091,5.575236271017448,-3.4684364554e-05,0.999999999398497,51.765726607760854,0.005129595831688,0.999986843536755,,16.3389740212621,0.0,0.0,16.3389740212621,0.0,,1128.6526865303113,175.58568067443844,629.0177217395495,,473.91146174603165,,14.342076833920252,9092.543134722948,2.713707247340407,207.619793,1440.0,6.08509037965009,438.259511,6.750587463378906,853.5606381749182,415.3011271749182,94.76146364223872,94.76146364223872,True,0.16073348,0.11007512,0.11991357,-0.015283188,-0.020082146,0.14637351,-0.14375892,-0.12294295,-0.035807982,0.13389932,-0.12556694
144,SeverdoVouga_15092024_2,2024,2936,p,2024-09-15 02:20:00,2024-09-15 09:00:00,259.097222,259.375,"airb, sat",1,1,48.75,7.3125,171.714959,171.714959,1626.879987,1626.879987,6.666667,6.666667,4,117.02162679036458,0.25989894624113,-0.96563582045342,21.0,4.0,0.0,37.5,62.5,9.0,223,16.9558,0.177107986329281,0.250160601616964,0.079107372335024,0.128078411391802,0.200936116491043,0.288812779017854,15.981626674107165,7.266852678571452,57.60802905115126,823.8694322763253,994.29,2229.417724609375,14.222194893362568,6827.768521710091,0.806015014648438,41.5972062825737,795.2436638096507,94.15482766798945,8.298575038213787,0.955946301770509,0.293541595231896,15.08559827732852,0.955810718444765,0.293982772464819,0.002095195699482,0.002113374303711,22.452253069196427,15.397208077566964,7.785178048270089,-10.124197823660714,-39.69746834891183,20.688237598964147,36.45228903634207,6.907827990395682,10.066561153956822,57.07073865618025,15.379286361507983,6.696389486633125,8.838823447195384,9.12328212294755,7.616547837142837,0.99733888042236,0.072905127377121,0.771497107542025,-0.636232829280515,0.842409643962405,0.53883763023673,-0.302792735704496,0.953056430230963,-0.274036493278561,0.96171929394787,-0.107865017381763,-0.003318985387783,-0.013454838323034,-0.000420868420871,0.001612841337545,5910.192661830357,15274.530552455357,31163.041573660714,57475.861607142855,93868.0078125,22.89262010705693,-7.698079150332517,-4.898207441234773,-6.99345579112495,-8.24320478110418,22.684424583207452,0.008495744856339,0.999963910508442,0.226981528859769,-0.0023259983955,0.999997294862073,0.344982995201527,0.009193979318538,0.999957734478958,75.92718155858253,-0.014664941039406,0.999892463970157,,0.0,0.0,0.0,0.0,0.0,,80.18380209786496,33.05985733032202,873.4586943615926,,585.148401872442,,25.450127864991998,7693.696635110037,1.162384966352464,,0.0,5.151642599814909,171.714959,5.473599433898926,237.3164551340701,65.60149613407012,38.20371650560166,38.20371650560166,True,-0.27672836,-0.2316725,0.15580495,0.02708041,0.21220113,0.12711085,-0.12396862,-0.12165884,-0.033924773,-0.16802995,-0.20131437
144,SeverdoVouga_15092024_2,2024,2937,p,2024-09-16 06:20:00,2024-09-16 07:40:00,260.263889,260.319444,sat,2,2,1578.25,1183.6875,7320.941804,7320.941804,67406.295037,67406.295037,1.333333,1.333333,4,90.8250138602883,-0.168461176496505,-0.985708289512376,22.0,4.0,0.441104394706747,45.72782225126613,47.70462342754452,9.0,223,14.846815607300188,0.162801965486464,0.237653739914533,0.066920575140401,0.114514297477509,0.186207670494943,0.277257853368538,19.456088379452197,-2.085036181040086,23.224256693893345,1733.587867138015,998.8126026894834,1501.236035190644,8.03644155903649,30877.417274402433,3.326190428882764,67.23088151667835,814.5087414630956,96.23280247385249,17.785445188092513,0.988239658366707,0.152912974044892,37.64111336539543,0.988838983645666,0.148988135173936,,,22.88601653247622,19.629023029213418,6.976642171447891,-8.50796837159568,-36.74468312263687,10.86975121141312,12.752002044262314,21.225761092247446,4.549205005070052,37.86750449279456,49.003505082599375,8.627002850797874,19.12418368258939,38.29621401422024,100.36288929438008,0.995854246791848,0.090963284607811,0.997364220226424,0.072557647509663,0.94492698435717,0.327281215827712,0.895303504314289,0.445456659129206,0.952360343050727,0.304975043215508,-0.542486832537681,-0.013852801182279,-0.044209245102286,-0.014884555812054,-0.002184573414326,5698.557706710551,15156.409721812654,31118.20023480807,57445.44731247,94194.09885301182,11.358388576399136,-3.553853137716838,-8.141584548184982,-6.046605981690623,-7.870655423102931,78.38495832448743,0.001859773575961,0.999998270619628,-0.197845602976814,-0.001228289177476,0.999999245652564,3.434945444308383,-0.001058790361933,0.999999439481328,199.6748423886222,-0.003387947225124,0.999994260890331,,0.0,0.0,0.0,0.0,0.0,,333.93046778258264,,722.441259123455,,447.9940735117183,,24.53607899003172,24526.753751249467,2.428111950230228,,1680.0,8.898630845546984,7320.941804,6.882566928863525,974.1262295895666,-6346.815574410433,-86.69397659933145,86.69397659933145,True,0.36194882,0.11839087,0.096960895,0.15142193,-0.026309013,0.14556554,-0.11982564,-0.09154341,0.22153462,0.13765301,-0.11600847
144,SeverdoVouga_15092024_2,2024,2938,p,2024-09-16 07:40:00,2024-09-16 09:00:00,260.319444,260.375,"airb, sat",2,2,1080.0,810.0,5295.39912,3310.362239,43631.574192,21763.129086,2.666667,1.333333,4,84.35363557358053,-0.724276565069037,-0.689509577374961,21.0,4.0,0.0,68.4628337743565,19.701707962472938,5.0,234,13.813333333333334,0.154167318426775,0.228443141536407,0.061063800508645,0.107029915391308,0.17696745855416,0.26774251884309,22.518565702174122,-1.3296718688281,20.441591113684645,2175.6456956063453,1003.8461275421737,923.070351202017,7.35731663901633,39748.64684949292,3.19680056810131,66.76772447707314,824.452921639021,96.36287165254183,18.166179897611435,0.998059084737877,0.062274098726447,34.30858342584182,0.995989990991303,0.089464729615329,4.2224566732e-05,4.2358996276e-05,23.725142491403112,19.519459505166992,7.125858368964369,-8.13634944559902,-36.842733864748276,9.515441787875151,12.72928847725959,19.883183174837022,4.157452824523241,39.36873065249212,47.28312320584801,3.780172831199963,17.787933385532902,43.098929271546474,94.35676375895282,0.999921071730217,0.012563849326324,0.859246872708016,0.511561151517093,0.940856110404188,0.338806404182541,0.922071793987925,0.387018871286516,0.958015003442286,0.286718072641883,-0.497284240967403,0.035404210920472,-0.068482881151242,0.034373824617899,-0.001611201931432,5706.8845665746785,15170.526141466216,31133.10441244497,57498.40001022807,94297.13624635941,3.000391034851249,-4.589011203708118,-7.975064348852928,-5.959759647090575,-8.001570373831234,59.56494264764533,0.002086968928937,0.999997822277974,-1.088378319234443,-0.00167439616915,0.999998598197752,4.039417079647837,-0.001056739548281,0.999999441650608,148.17156673028398,-0.004451587890654,0.999990091633538,,0.6230986550751,0.0,0.0,0.6230986550751,0.0,,376.5353227674897,36.64423244549613,703.0336694307862,,460.4763975680773,,21.985026451177486,23652.283732067648,2.601521516340342,7320.941804,1760.0,8.105114936274555,3310.362239,7.057676315307617,1160.7425036493694,-2149.6197353506304,-64.93608796117705,64.93608796117705,True,0.3508225,0.09608433,0.12822555,0.17738874,-0.052470002,0.1089551,-0.119900085,-0.1388932,0.21603899,0.1553668,-0.10649229
144,SeverdoVouga_15092024_2,2024,2939,p,2024-09-16 09:00:00,2024-09-16 10:40:00,260.375,260.444444,airb,2,3,516.75,310.05,1173.712407,862.229307,10874.54326,8251.778869,1.666667,1.666667,4,96.44396214492056,-0.998859463688719,0.047746955918521,22.0,4.0,2.103559870550162,46.38619201725998,3.937432578209278,5.0,223,13.937267552182163,0.153324679375498,0.22894204487637,0.060132073299068,0.105370992771603,0.176371563559064,0.268951232972069,24.700393919765716,-1.431985183913912,17.73412497454914,2562.8168533663024,1003.1180285337507,994.0350853781779,6.776333354613014,48687.68900503134,3.065302118627816,66.82596357759205,823.2025031862704,96.34651626695046,19.000626535650593,0.998291380342482,0.058432182347587,30.557295516508578,0.996120502374475,0.08799968607457,3.67347602e-07,3.67371288e-07,23.943836902198044,19.516561392021217,7.385957154765586,-7.818069544524709,-36.789313756360286,9.673889135561977,12.841557913062076,17.941186080181563,4.649742862098972,38.91567074320783,44.04190723339841,2.529610196220296,20.370072254335906,43.59828718151889,88.28605248745644,0.999981989055022,-0.006001796861072,0.762063224030513,0.647502619747766,0.917637426232799,0.397418613022646,0.94251352889334,0.334167993459911,0.962067670901455,0.272810917314995,-0.424536093553112,0.050564964299804,-0.05901212707179,0.052531370742987,-0.008077850181987,5707.534973716245,15168.3017416441,31138.727666353865,57537.02212375273,94370.41350300539,-2.137079473873754,-4.830800843666674,-7.805830470047171,-5.937040426697282,-8.07539695677646,52.50378968329958,0.003367079127154,0.999994331373009,-0.309934250420644,-0.001964746176235,0.999998069884369,4.088559652089187,-0.000832265539677,0.999999653666976,103.2462421211545,-0.001771816642749,0.99999843033166,,1.8826003835548,0.0,0.0,1.8826003835548,0.0,,418.8546375644662,47.18462832547351,679.8448877505739,,459.08378321634063,,20.238944689890744,22033.971340023305,2.821056677134127,3310.362239,1840.0,6.760680364943116,862.229307,6.8876566886901855,979.1020399970149,116.87273299701496,13.554715903088061,13.554715903088061,False,0.34178594,0.151989,0.110137366,0.18285497,-0.05698872,0.043648962,-0.12357767,-0.1388932,0.21084699,0.15051563,-0.08952049
144,SeverdoVouga_15092024_2,2024,2940,p,2024-09-16 10:40:00,2024-09-16 15:00:00,260.444444,260.625,sat,2,3,596.0,137.538462,646.820808,480.303887,6004.570757,4857.509699,6.0,4.333333,4,95.37679984177215,-0.819110050650157,0.573636404810483,22.0,4.0,4.66459351399378,74.50022212350066,10.795202132385606,8.0,223,14.593557046979866,0.158966669244963,0.236524956702353,0.063442757342396,0.109521009679258,0.182675366942155,0.277561087632189,30.078390033825677,0.331493768420695,14.745767078886658,3644.172837657027,996.8775478984393,1573.3368598788754,5.838093785188244,50162.67071529717,2.835221636842315,67.2764814540763,813.5296912604198,96.21999656592395,14.001383103269093,0.9910911623826,0.133185238848405,21.31953470649657,0.993466200446281,0.114126721545961,0.003533971910523,0.004142023133566,25.826208314797555,19.519464364693583,7.849021091008953,-7.253286809569937,-36.73314273751297,13.439465437980829,12.61594743132009,12.483354573519401,15.380923019350496,56.64425968226637,25.810529873216048,8.212717041581072,22.064410378165405,42.67684760827487,80.00473301566689,0.99793550374693,0.064224063725072,0.975805779845569,0.218639154819034,0.998712005270708,0.050737860894619,0.979535261755705,0.201272628484804,0.918553363065421,0.395297001255013,-0.181769945129328,-0.000723550599283,-0.080741975487637,0.013561034164276,0.053239736269053,5664.947864893877,15124.914582144056,31116.730287783103,57588.19797371763,94445.63321416879,-14.158782130397375,-6.881573989447776,-7.509724983435284,-5.897320118909813,-8.217166549908296,26.920483794674265,0.002931973524232,0.999995701756389,2.247782520893518,0.000583829253877,0.999999829571687,4.955305617314428,-0.000195368016721,0.999999980915669,60.96275674536137,0.003224424085207,0.999994801531147,,10.3091170568701,0.0,0.0,10.3091170568701,0.0,,823.2145346652075,161.15827659881458,643.3058905730221,,468.07998106045596,,15.357536659533242,12927.328826493425,2.846464669353498,862.229307,1940.0,6.1764988523205,480.303887,6.04487943649292,420.9468830200028,-59.35700397999716,-12.35821853342552,12.35821853342552,False,-0.18997899,0.20954236,0.1207113,-0.043722037,-0.12067683,0.037902933,-0.17310321,-0.13167177,0.046926193,0.13671021,-0.11419652
144,SeverdoVouga_15092024_2,2024,2941,p,2024-09-16 15:00:00,2024-09-16 17:30:00,260.625,260.729167,sat,2,3,1005.0,402.0,477.395821,677.61948,4813.565967,6490.860531,8.5,2.5,4,120.42678305168987,-0.836693102776377,-0.547672029381124,22.0,4.0,0.0,68.28650974436852,21.184510250569478,8.0,223,15.988439646712465,0.164172134150884,0.242243345009544,0.067031540629904,0.114158371425496,0.18820370598255,0.28355086398238,31.489185195015533,0.779074566628697,14.023695296090127,3964.3458248054426,992.368547144818,1931.9301396047522,5.600256650174525,41266.793661025906,2.505750711237378,67.64981616499732,808.9352655937373,96.1395586820209,10.366858468515503,0.935733909794808,0.352706747965108,15.421282097068637,0.951568372556455,0.307437200660981,0.002411109522002,0.002448738694965,27.946053428086355,19.333574744753843,8.322073322279088,-7.084397830922685,-36.81832863038627,13.095228648708618,14.947350026113734,10.721471087611206,31.38539534040414,77.57353417743435,17.66501413638505,17.256821396051162,18.5764137741482,40.9185063414103,72.81308785209946,0.976050715217314,0.217543102220615,0.996964884160978,0.077852551338327,0.999924943845698,0.012251802935775,0.951144337470812,0.308746577790282,0.882178430244191,0.470915297279559,-0.10442023685074,0.005985430451733,-0.022593464722587,-0.025610141910028,0.016987820276296,5571.709734170705,15053.332432611134,31067.250631874977,57575.62729133928,94435.23679120664,-12.559121637723207,-9.397465595684656,-7.085707491844364,-6.016093228353385,-8.287986961667908,19.60689635585326,0.006923714952255,0.999976030798369,2.67418182451361,0.00212921625817,0.999997733216494,5.574255541742779,0.000150732384909,0.999999988639874,48.47377194924519,0.007765226423307,0.999969850174791,,16.5617487496106,0.0,0.0,16.5617487496106,0.0,,1126.230503382276,245.36111000528012,632.0604160903891,,472.36803544590856,,14.357880227471696,8841.289918212582,2.678787783661779,480.303887,2200.0,6.520060558097857,677.61948,6.399032115936279,600.2628034642518,-77.35667653574819,-11.415946385683629,11.415946385683629,False,0.17201903,0.15346448,0.12011811,-0.037607882,-0.091549695,0.12047734,-0.10857689,-0.110734634,-0.037415564,0.15669848,-0.119250946
144,SeverdoVouga_15092024_2,2024,2942,p,2024-09-16 17:30:00,2024-09-17 03:00:00,260.729167,261.125,sat,2,3,239.5,25.210526,207.967039,86.975279,1717.224816,846.776824,18.0,9.5,4,130.5856923378661,-0.997362343154835,0.072583444783905,22.0,4.0,0.0,34.090909090909086,46.320346320346324,12.0,223,16.069439655172413,0.162060792245724,0.239459434340715,0.066098578644433,0.112650439587855,0.185801804759951,0.280411096824837,24.091190522093743,2.77991314094945,25.703636177828496,2284.873866297707,994.4391124420665,1704.0188728484857,7.905168195619645,28278.641816802286,2.716470229399056,65.9445472864234,820.4991627540545,95.73758294537329,12.814175847798273,0.917559670408671,0.39759810266088,26.96218806099824,0.945250659420407,0.326345201995198,0.039843903638694,0.04906868636957,25.03893362817003,19.84855594136369,8.415615482565572,-7.242742494136818,-36.6368123217162,18.737168601799937,13.8954822457595,16.469671971087067,40.73519125636945,47.08193354794451,39.89995881931365,28.64325024939643,24.291705469893856,42.10792374073022,57.00884806525259,0.976365118411515,0.216127637171344,0.99754258281496,0.070062796624588,0.704811097453083,0.70939503586294,0.76049322092033,0.649345871577099,0.813958050124305,0.580923654741171,-0.34376664924878,-0.169509426294338,0.054954279767815,-0.026385123697525,-0.072529673365068,5492.07689380051,14953.46964145232,30975.162965619726,57505.06462766688,94386.8730168588,7.732468680782246,-5.663456193484404,-7.35689609932501,-6.114452846081848,-8.19325467340258,74.48664276918234,0.008925923042002,0.999960163155437,4.113760066391541,-0.001973971538156,0.999998051716285,5.535362760284683,-0.000929378604542,0.999999568127611,158.88540168621188,0.006387393720503,0.999979600392658,,5.0541949227687,0.0,0.0,5.0541949227687,0.0,,390.41784434781283,160.41789341433875,725.7774165051235,,506.80193787324987,,22.41424293387107,20043.95271954562,2.3456616471626,677.61948,2350.0,4.4770558545581185,86.975279,5.929300308227539,374.8914136614856,287.9161346614856,331.03214841252264,331.03214841252264,True,-0.5460836,-0.057386056,0.07423539,-0.08782652,-0.17900833,0.11603978,-0.15289913,-0.1324253,0.11352925,0.11543213,-0.106849425
144,SeverdoVouga_15092024_2,2024,2943,p,2024-09-17 03:00:00,2024-09-17 04:00:00,261.125,261.166667,sat,2,4,332.75,332.75,1820.357327,1810.926926,16114.31029,16811.508166,1.0,1.0,4,63.04249109152288,0.199089637851119,-0.979981283545921,21.0,4.0,3.183673469387755,15.346938775510205,25.63265306122449,11.0,223,15.051580547112463,0.150186440604002,0.225101379956517,0.059989045672825,0.102870888365428,0.172756001180783,0.264738914005467,21.32250921086883,6.042512695582012,37.01842795136827,1596.3591214688195,1004.7997984687415,592.6546223118962,9.698218424396465,30377.02452565998,3.208856386720573,63.0233168313565,857.3903420291879,95.32347367816577,19.010092909144102,0.985698398652029,0.168519040155186,35.84736384638279,0.987145466527284,0.159824365835221,0.000217328781952,0.000217337737779,21.648300944478706,19.975211029974762,7.557498256533616,-7.573419449777562,-36.21792190745019,28.55907934795321,15.071783651551026,31.067223851869315,27.709948963292966,32.33976628677029,58.61511916304667,15.750417027720358,23.80575984773108,43.25661835697991,65.0619761825312,0.992102763333554,0.125427696247384,0.977234699063426,-0.212161124965004,0.439363569527376,0.898309330783201,0.340355692781287,0.940296762937835,0.645287808146467,0.763939555630894,-0.476499845025486,0.036474051506496,0.063462585302688,0.0199452070951,0.043193720833998,5341.75561280706,14787.800244684415,30781.608154757876,57256.19097197832,94179.53961159587,2.733367775723062,-1.825584188726728,-7.990579763333368,-5.908491999661673,-7.984321497678943,84.41777315638055,0.000577982243565,0.999999832968249,1.857266456799072,-0.005783941018652,0.999983272873248,4.520383329476434,-0.003419902609251,0.999994152115973,194.40325092083924,-0.003613824647569,0.999993470114389,,23.4788204924596,0.0,0.0,23.4788204924596,0.0,,454.29845111748637,4.936885277661247,800.0995038669219,,547.176215544747,,24.189467842922696,29317.857482514046,1.492834571440071,86.975279,2920.0,7.502146157975167,1810.926926,6.561972141265869,706.6659365183182,-1104.260989481682,-60.97766694102829,60.97766694102829,True,0.38318548,0.16923831,0.13147676,0.113512225,-0.11244177,0.11313079,-0.11232534,-0.11120481,0.22643305,0.035385694,-0.17001162
144,SeverdoVouga_15092024_2,2024,2944,p,2024-09-17 04:00:00,2024-09-17 11:00:00,261.166667,261.458333,airb,2,4,194.5,27.785714,223.38253,242.576961,1824.290665,2177.577446,8.0,7.0,4,78.56367488753213,-0.512227443815606,-0.858849838913724,22.0,4.0,2.469135802469136,39.36899862825789,0.0,5.0,223,13.987536231884059,0.146645947853507,0.221307459548617,0.057430421439639,0.099916032088072,0.168949238353107,0.260810904889945,21.36423645058187,7.092755399462989,39.88662995006125,1548.380574885743,1006.0761560415708,422.32016736474543,10.078384768250022,30964.829666446403,2.428405363441915,62.77381274373941,856.1340445691987,95.3790397694947,19.96134710493181,0.995333941986213,0.096490123485187,33.834123903514794,0.991393964490198,0.130912211700853,0.00021374387176,0.000217597764772,20.469788856057598,18.050530455404875,7.193719728521046,-7.553967893966204,-36.15246918153507,31.813663955382445,18.83059185947083,26.114786223836184,28.72046862819013,39.602545009546446,50.040098904288286,4.571102074762042,29.92545575531916,52.73456945186127,72.29584457735062,0.996346527210407,0.085402562700197,-0.042462320711532,0.999098068920059,0.434946930630913,0.900456088621065,0.520458177379599,0.853887162099716,0.539867495435969,0.841750014773801,-0.427587693908183,0.156333419701824,-0.088952879885875,0.087839037793354,0.158758461811149,5322.81968620804,14717.780575500394,30631.678175155204,57105.0634009475,93988.3351533624,-2.140456138915465,-2.639762421845324,-6.986166749976949,-5.758843979082002,-7.971499207191591,58.93173900119335,0.000843255614806,0.999999644459921,3.107927032156223,-0.005975370918947,0.999982147311831,5.861104961103461,-0.002887883121019,0.999995830056845,144.71545395324222,-0.003734912530526,0.999993025189871,,15.948853523480299,0.0,0.0,15.948853523480299,0.0,,460.6298081892438,57.37042920515857,813.6423467437158,,571.2786898803747,,23.277840835185994,25037.016266793747,1.35264663150147,1810.926926,2980.0,5.495432954187341,242.576961,5.618269443511963,274.4123539547542,31.835392954754212,13.123832050461795,13.123832050461795,False,-0.3358361,0.19268665,0.12253892,0.06747564,-0.1314194,-0.11701089,-0.15146375,-0.19620706,0.1481176,0.0049579903,-0.086799406
145,SeverdoVouga_17092024,2024,2952,p,2024-09-17 01:40:00,2024-09-17 03:00:00,261.069444,261.125,sat,1,1,1423.0,1067.25,5437.507761,5437.507761,53605.829307,53605.829307,1.333333,1.333333,4,255.20456946645535,-0.825966926199034,-0.563718579457268,21.0,4.0,0.0,22.95845272206304,66.35028653295129,11.0,223,16.657260083449238,0.170318501651197,0.247965183126261,0.071665532697882,0.120248233122513,0.194513590842525,0.289048083377617,21.005963611066555,5.00549025900076,35.13035999565072,1613.3811022980317,988.9106778168415,2201.0285773283217,9.47687187831054,30687.459330490183,3.05278765162264,63.817071637781105,824.9864161701777,94.93662314553698,18.981978805778922,0.969152670315903,0.246461156411216,36.746746250414446,0.976746603960242,0.214396995436348,4.3040864597e-05,4.3057839471e-05,21.16465891478224,20.074089590701533,7.968514287456252,-7.456798632883269,-36.23774662009686,29.550671928533774,15.737241360836613,28.36892183058532,32.28253905393014,28.70539130600033,53.070887124717046,26.159248012751803,23.64033554151749,39.65854953446967,63.580177019856905,0.981635855384264,0.190764376716419,0.998646151913489,-0.052017912956802,0.458869119300912,0.888503872446263,0.409862646339623,0.912147252989056,0.710818615302627,0.703375359348944,-0.480688710629939,-0.19950522673183,0.145782669725042,0.015083991819659,0.0054790542227,5381.1334259610185,14814.621906082923,30833.068640630467,57316.87891026916,94246.76478547227,2.843610813537613,-1.189969587105199,-7.789724791227746,-6.023450774838913,-8.02235410014379,123.72239433466352,0.001577061460394,0.999998756437802,1.673742538471656,-0.005505103355957,0.99998484680371,3.885444429337745,-0.003024482893277,0.999995426241154,197.61172231070356,0.000488147225574,0.999999880856136,,17.4346299964726,0.0,0.0,17.4346299964726,0.0,,486.2142864946319,36.43251781006336,778.8069192945782,,532.022393488465,,23.725749977905195,26544.04822291643,1.677959012883844,,0.0,8.601259993580786,5437.507761,7.0339555740356445,1133.5093821447606,-4303.998378855239,-79.1538801971972,79.1538801971972,True,0.31995577,0.13555914,0.10888022,0.1711737,0.20598201,0.1353124,-0.09047193,-0.09265022,0.23295037,0.035886306,-0.09925378
145,SeverdoVouga_17092024,2024,2953,p,2024-09-17 03:00:00,2024-09-17 04:00:00,261.125,261.166667,sat,1,1,1484.5,1484.5,4446.525086,3122.686256,43194.260982,25926.315264,2.333333,1.0,4,177.8158225725306,-0.880698073098233,-0.473678059488784,21.0,4.0,0.154692334135442,28.704022000687523,62.4785149535923,11.0,223,16.680851498637605,0.167342091826347,0.244651519688,0.069907467930116,0.117689727730423,0.191296842010903,0.28555597887406,20.47902586231794,5.450844516574432,37.423933257640044,1506.1612270455403,992.178653574723,1860.0749585766284,9.836904470291973,28000.523815144697,3.151284729974523,63.758885655059096,830.5592628994328,95.00053650219637,18.56747723045277,0.976963691965171,0.213405587044442,36.363664838156986,0.978776503471174,0.204930613263962,0.000128493834016,0.000128497496634,20.710454775582818,19.822707333273044,7.520137873323998,-7.547426239271227,-36.200456688541095,30.935238152367994,15.868666775106806,31.823169142637234,26.773481839293332,32.729735186564895,53.48557659991,21.166796600773644,22.190731685458093,44.91147595218998,65.23376968646237,0.984506601178803,0.175347518475059,0.984313983364416,-0.176425571143402,0.382525451973956,0.923944954308492,0.343544476738132,0.939136407825148,0.629524097323843,0.77698095915447,-0.464884763076319,-0.068938927745046,0.11824763745684,-0.028912218375959,0.059844812988355,5357.307825682729,14782.738707236964,30780.570693478192,57248.960188743076,94177.2159643792,2.789416862016434,-0.96866144503885,-7.916487066275586,-5.883752971343226,-7.986698576029053,101.95176093819018,0.001251414057941,0.999999216981121,1.223498995418668,-0.006067940809478,0.9999815898777,4.855879192916412,-0.00330177928968,0.999994549111905,195.26925069491222,-0.001054045944827,0.999999444493419,,23.823198532593,0.0,0.0,23.823198532593,0.0,,464.0054426806837,5.03212639880195,792.68260959365,,542.1023623416775,,24.127398577117084,26745.416401922488,1.558127625823956,5437.507761,80.0,8.046769075698455,3122.686256,7.115606784820557,1230.0303551552997,-1892.6559008447002,-60.609864254153244,60.609864254153244,True,0.36206385,-0.0013014732,0.09067085,0.19453506,0.064623244,0.1390461,-0.10746968,-0.1044576,0.23589511,0.010245785,-0.13487075
145,SeverdoVouga_17092024,2024,2955,p,2024-09-17 04:00:00,2024-09-17 11:00:00,261.166667,261.458333,airb,1,2,603.0,86.142857,265.437912,270.418362,2546.39415,2594.172512,7.0,7.0,4,140.90172972408027,-0.974318006557452,-0.225176424383002,22.0,4.0,0.581135449262405,71.16674117121144,16.36119803308002,8.0,223,15.659415584415585,0.167408031981893,0.243770474166699,0.070846899486559,0.118337214100192,0.191108241745547,0.284173882730089,20.50028173661758,6.612943373530674,40.6851478246312,1448.814096229536,994.4564975972704,1626.6623110521996,10.271781634838822,29186.7208725734,2.478807113269127,64.01036097324558,844.7139809479262,95.04564576984434,20.06805249987114,0.982186495604929,0.187908722126752,34.242819206992536,0.978868589911942,0.204490302175449,0.000554268292175,0.000552844033384,19.253826996184728,17.97246463471818,7.014850408179924,-7.533404683334468,-36.15708439189455,36.28992567182018,18.719120844255166,26.684999218567157,28.77720878103829,40.08981506236754,46.94878497528331,4.49626272256396,28.84522246659298,53.134198258468096,72.64282898906025,0.985826793034308,0.167766308106521,0.892613272563088,0.450823186675458,0.389797802517023,0.920900468646259,0.518465147489917,0.855098760868158,0.530501711059254,0.847683864753367,-0.39064556348389,0.093922724080449,-0.077483562002871,0.076854563815303,0.188570496197372,5338.10139455329,14710.986282624783,30624.949891462442,57090.88453308954,93974.10535553371,-4.016067347179927,-1.398152512213567,-7.051032029043039,-5.680967307184309,-7.978517398842672,72.65650766665303,0.001183191846742,0.999999300028282,2.818074369131625,-0.006069579849496,0.999981579930576,6.019876732418307,-0.002686211249012,0.999996392128054,146.55065519770352,-0.001777451194869,0.999998420332377,,15.7964877131003,0.0,0.0,15.7964877131003,0.0,,465.89555579551313,57.196447855984275,808.5255425028125,,569.6671128776305,,23.417506107616507,23483.35566861384,1.398297260553505,3122.686256,140.0,5.603661401707596,270.418362,6.154877662658691,470.0092169206919,199.59085492069192,73.80817391412641,73.80817391412641,True,-0.2967466,0.13169324,0.15750593,0.02191418,0.051832113,0.014537392,-0.14565735,-0.15800601,0.16411473,-0.024057036,-0.09332339
145,SeverdoVouga_17092024,2024,2957,p,2024-09-17 11:00:00,2024-09-17 15:00:00,261.458333,261.625,sat,1,2,279.5,69.875,187.111238,181.651786,1797.216432,1706.786458,11.0,4.0,4,155.5222521073647,-0.087095369566217,-0.996199978217288,22.0,4.0,0.811541929666366,81.69522091974753,14.066726780883679,8.0,223,16.204763636363637,0.169074246155879,0.24536304319248,0.071989625036506,0.120379612924468,0.192715630123868,0.285727486068989,27.14632456023649,6.292778173498924,26.85154743729736,2648.19769019955,990.4805002123306,1795.421944804832,7.753474900574199,39533.63823080025,1.177836837542381,64.04844925181767,841.948572590202,95.01559487616501,15.403124360860604,0.997993436644015,0.063317457430545,21.94369938701344,0.981506797291403,0.191427288730666,0.001060599147213,0.001123485796122,22.730247754611597,15.985906321091909,7.630232646007149,-7.759016699223229,-36.14895986500574,29.606248416249777,24.98709847222473,6.0250729661094,26.213883194178344,44.28649919819044,24.46299325815412,14.99191149797324,22.906914619849488,46.42536583372307,108.18859969813292,0.985899215432892,0.167340183485045,0.799682619176103,0.600422941423501,0.464246710106052,0.885705928712068,0.294761218381426,0.955570941447205,0.476975144796004,0.878916782890639,-0.156816767480936,0.075557968287208,-0.050174010023238,0.232375660914392,0.095393923745183,5196.186994902073,14551.59361158805,30429.533494183735,56852.29434392962,93673.2183185861,-12.911881926241374,-7.359056424686284,-5.376729047876628,-6.009368261858045,-7.913366059382342,24.759140649158603,0.0020366640073,0.99999792599771,2.266265630794111,-0.005633304451813,0.999984132814593,5.706429405970767,-0.003460934495291,0.999994010948275,59.89861155187661,0.002482884468968,0.999996917637606,,6.8859010718244,0.0,0.0,6.8859010718244,0.0,,1090.1226261037177,246.10958482642323,728.6388419250145,,595.0980209204657,,17.493917431053976,12261.988884608834,1.608075962537292,270.418362,560.0,5.207581531457925,181.651786,6.090864658355713,440.8032549159218,259.1514689159218,142.6638705968582,142.6638705968582,True,-0.1990878,0.1043515,0.115691185,-0.030027235,-0.09706651,0.013885716,-0.16322175,-0.17374766,0.047164816,0.07648041,-0.20323212
145,SeverdoVouga_17092024,2024,2958,p,2024-09-17 15:00:00,2024-09-18 03:00:00,261.625,262.125,sat,1,3,870.75,72.5625,169.498479,168.811029,1341.885845,1656.908928,12.0,12.0,4,145.9125788869765,-0.971186455963457,-0.238320934357726,32.0,4.0,2.583454281567489,44.78955007256894,35.55878084179971,8.0,223,16.504476409666285,0.17423171298969,0.251323589892176,0.075375570830784,0.125108824952124,0.198170235821651,0.292112942750635,23.77052686163421,5.084362021121148,31.076768631643493,2113.527624458774,982.1312319520883,2354.7363114891123,8.657234310476808,23736.628860649416,2.330541595866313,58.63330979108055,842.3710029996394,94.64914839989734,11.759137439667274,0.952714938771105,0.303865505515795,23.25755322898449,0.972846784870458,0.231450066250182,0.024026147783213,0.029573080552756,23.66976988917651,16.272235234013344,5.611152042280718,-9.526841899516423,-37.87404758388185,26.979554481363152,31.731743700025007,8.330652197660463,12.969504941365626,22.88253317538188,27.022987581216697,22.623042755178666,2.935184479331571,20.78960432582775,53.02212473583742,0.99751720302418,0.070423218265122,0.740962292145625,-0.671546633986279,0.911865155023611,-0.410489876919961,0.642604967390757,0.766197661106274,0.606901600478971,0.794776979621367,-0.209014355591416,-0.061735840252452,0.026357986531196,0.022964969751395,0.047765447435082,5058.854001520905,14457.07121368849,30263.455945101705,56478.271798774964,93182.42533038209,2.818285421302183,-8.07178513536611,-6.860219523620469,-5.91125520818399,-7.90145348411107,59.11156227748961,0.01311544772777,0.999913988816488,-1.065526986742065,0.005684840498013,0.999983841163702,3.792353897940139,-0.000691690857695,0.99999976078185,130.47941274701842,0.009781567062858,0.999952159328532,,0.0,0.0,0.0,0.0,0.0,,638.9604036092181,527.6943067932383,745.8817737888033,,608.773574670426,,19.484702676588167,13652.020353379874,1.883427549931545,181.651786,800.0,5.134686224653647,168.811029,5.3890275955200195,217.9903348023555,49.179305802355515,29.1327563688718,29.1327563688718,False,-0.5529954,-0.09094604,0.093178,-0.059228588,-0.03703455,0.080794424,-0.18875208,-0.13113506,0.09045165,0.0364633,-0.10776778
145,SeverdoVouga_17092024,2024,2959,p,2024-09-18 03:00:00,2024-09-18 12:30:00,262.125,262.520833,sat,1,4,617.25,64.973684,166.591842,159.589234,1524.515879,1365.56118,9.5,9.5,4,124.58817907444669,-0.967259770326229,0.253788369923544,22.0,4.0,1.818916734033953,72.10994341147938,9.054163298302344,8.0,223,15.979723127035832,0.169645159288493,0.245596881855325,0.072479728967975,0.12158693498209,0.1931087804368,0.285782978451533,20.429572884082624,9.68435855829844,51.16706740051127,1250.0718736846509,989.9574250892176,1796.4817115353417,12.020835194959991,14892.191038372755,3.124128210836585,45.285363736733146,851.9302420781084,94.03651227994384,11.893064753032856,0.997978522414327,-0.063552095163858,20.998365706444794,0.995350895203493,-0.096315084060622,0.030863960603029,0.03243282356526,19.47330025734016,15.926724071496722,3.678467649823549,-9.224281278176196,-38.85309071134906,46.43757794902014,39.415817154438436,21.804607455341078,5.501083158184993,28.087858848538055,24.39072066877128,22.52716379283914,12.551100121228473,20.422063548153783,36.59118325082541,0.960578346812902,-0.278009423642784,0.295217966321895,-0.955429930638958,0.486875672998049,-0.873471281177977,0.997424979835227,-0.071717568284878,0.79129857105704,0.611429939930232,-0.160405292209546,0.015978146727796,0.001088027323357,-0.014894882103468,-0.081945819614726,5159.668820283694,14494.118899017416,30265.223184573464,56456.49259854867,92993.12884883456,-0.198688166165681,-3.869829919398069,-7.881537581418715,-5.038411436401602,-8.25868560494228,36.285567364793756,0.007344909881103,0.999973025785615,0.000879783197752,0.005505634849456,0.999984843877598,1.54815157092179,-0.000543253139038,0.999999852438003,99.61550712657433,-0.001598683515938,0.999998722104691,,0.0,0.475216414663,0.0,0.475216414663,0.0,,422.0481571637445,189.09670279162202,844.5989004110845,,703.2781058660728,,22.63253861664213,12351.916530333121,1.093672764988412,168.811029,1520.0,5.07884976315107,159.589234,5.117541790008545,165.92452931633403,6.335295316334026,3.9697510649960424,3.9697510649960424,False,-0.4923042,-0.14242789,0.15467677,-0.06464606,-0.00911504,0.015003692,-0.19965139,-0.13574512,0.00018707011,-0.02065215,-0.11776566
145,SeverdoVouga_17092024,2024,2960,p,2024-09-18 12:30:00,2024-09-19 03:00:00,262.520833,263.125,sat,1,4,125.25,8.637931,107.60931,176.213908,1130.070088,1850.528231,24.0,14.5,4,284.5771066700611,-0.652822973307771,0.757510505221941,22.0,4.0,0.0,16.122448979591837,81.63265306122449,33.0,223,18.844,0.187764976956048,0.264231582640499,0.085006906072298,0.138521738409995,0.212117956201234,0.304690104166664,22.854199218750022,11.94957682291669,55.91759473203034,1461.6473185612979,970.2864166666667,3489.062744140625,13.177007613760823,9016.0673206506,2.589121500651042,43.50702276834918,842.3698587537366,93.29303271621372,2.752098214515195,-0.715594812948263,-0.698515614486563,2.65028730011445,-0.647021097222564,-0.762472097685489,0.441868222064225,0.328023300470967,21.77960205078125,14.849202473958334,3.67095947265625,-10.655206298828125,-38.68639933268229,52.46833775838216,66.61974029541015,48.91019134521484,7.92884620030721,60.48877398173014,2.25789008811978,14.903677095445223,16.265043858964013,4.18107632332908,33.36937893085566,-0.259722289235081,-0.965683350003762,0.20002651006443,-0.979790485395446,0.024843988096519,-0.999691340492384,-0.761548591247112,0.648107817550089,0.354087320106807,0.93521236611776,0.025445146408136,0.082506754719146,0.036810363207483,0.049302838222747,-0.005164470596669,5190.822884114584,14558.150065104166,30334.807942708332,56426.31302083333,92887.18489583333,8.277213373346296,-7.562072892392946,-7.193002765119934,-5.594243355863079,-7.813368637717111,14.77549306384922,-0.000914662266485,0.999999581696382,4.218959003965344,-0.002335344640139,0.999997273078988,0.531701644829898,0.001458152310784,0.999998936895354,23.520518934592747,-0.036659628007719,0.999327809917414,2044.381274820961,0.0,1.8848225911459,24.3911539713549,24.706193033854902,0.662666666666539,,645.7252580617185,211.56122116936214,831.184438827352,,762.3995999638281,,19.071713172160443,3965.9287174542746,1.033261808977153,159.589234,2090.0,5.177357522675641,176.213908,5.093716144561768,161.99444892659076,-14.21945907340924,-8.069430633936816,8.069430633936816,False,-0.44482753,-0.1675345,0.09221658,-0.2582266,-0.1328569,0.02335891,0.1400043,0.03248778,-0.20517644,-0.19041982,-0.08542769
62,Silves_06072020,2020,1940,p,2020-07-06 15:00:00,2020-07-06 16:30:00,188.625,188.6875,airb,1,1,57.0,38.0,638.145172,638.145172,7779.415073,7779.415073,1.5,1.5,4,201.21317455947135,-0.741519254939395,-0.670931587089268,21.0,7.0,0.0,0.0,0.0,0.0,236,22.162105263157894,0.185704946072389,0.180984718538169,0.122183970659956,0.1626610314846,0.19860173821448,0.178487243652339,38.33168945312502,8.452416992187523,16.45251783864257,5622.59620269674,991.2940625000001,2283.660888671875,5.241468445065602,62500.71363271773,2.118240356445312,53.216204317487104,679.4092832475692,97.21639562416985,11.18303642233396,-0.991057782498684,0.133433398175984,16.576512695786835,-0.978225645032074,0.207544181806145,7.151347429e-05,7.3734393403e-05,31.820724487304688,23.3209228515625,13.084442138671875,-8.374176025390625,-37.88995361328125,23.977147102355957,33.52423286437988,11.652229309082031,22.181416511535645,42.44914627075195,16.58471959519379,4.113495247229863,38.98907107327981,36.38561780143909,60.29805114593937,-0.940218592738155,0.340571575251788,0.389477586408043,0.921035943753427,-0.940636892081801,0.339414550740964,-0.989672144051871,-0.143349388864316,-0.948979475170837,-0.315337843755681,0.181813623218472,0.127163603703886,-0.052080327711146,-0.077383396424919,-0.099379098361337,5775.3271484375,15415.19873046875,31668.7783203125,58239.845703125,94846.875,-18.972545972419297,-9.27451856532479,-6.586995296518632,-8.379404092143997,-8.227179294314512,11.189050197582475,0.009984064299891,0.999950157987915,9.286358036452562,0.001206189614602,0.999999272553042,4.343981250761336,-0.000975576438589,0.999999524125193,38.257680792535474,0.007910823852425,0.999968708943423,,0.0,0.0,0.0,0.0,0.194999999999893,,1442.1740283201002,476.2808300779834,643.7814893509875,,605.2941178243584,,9.201627876098598,8316.604375839233,2.221433698314809,,0.0,6.460131614803133,638.145172,7.026368618011475,1124.9344791914996,486.7893071914996,76.2819070879846,76.2819070879846,True,0.2225541,0.32127586,-0.089734696,0.09678881,0.11524916,-0.069909066,0.0371291,0.034189735,-0.090831116,0.11181509,-0.07379217
62,Silves_06072020,2020,1941,p,2020-07-06 16:30:00,2020-07-06 17:30:00,188.6875,188.729167,airb,1,1,268.5,268.5,1148.605522,1940.290947,12758.735309,20853.918371,2.5,1.0,4,170.23149328081556,-0.246903118035426,-0.969040169603089,21.0,7.0,0.0,30.4,0.0,4.0,236,21.168863636363636,0.185485210359086,0.18090130101025,0.121915856599792,0.162436079978939,0.198388227224338,0.178475952148433,36.18666992187502,9.640039062500023,19.9991482179764,4789.878653012582,991.155,2283.660888671875,5.931218869021336,73647.11136471589,2.233734130859375,53.216204317487104,679.4092832475692,97.21639562416985,15.375569341072081,-0.950116064998639,0.311896558223238,21.231481992822275,-0.880245753985366,0.474518084577115,,,30.804229736328125,23.517364501953125,13.049896240234375,-8.411590576171875,-37.57536315917969,25.532838821411133,33.59604263305664,17.03896713256836,23.868614196777344,50.44194412231445,24.198327685479242,3.019144346138754,42.71140593225808,40.03126611121611,63.53077757289434,-0.827062713011694,0.562109659004128,0.984717996487714,-0.174156445167047,-0.952729427699426,0.303820074378773,-0.982748715584124,-0.184945835362018,-0.924717294080349,-0.380654602006488,0.042614237737762,-0.131665445731332,-0.094236672175867,-0.072517030404392,-0.024080520831617,5726.02294921875,15353.373046875,31637.443359375,58204.6875,94822.59375,-15.601996404425442,-7.951028717546015,-6.735631721512742,-8.380524275978965,-8.129061998266886,26.315610185093025,0.007462903004253,0.999972152151623,9.575092462040267,-0.000985707729015,0.999999514190018,4.479946935616636,-0.00213025052949,0.999997731013767,56.85231449872726,0.005592037567405,0.999984364435687,,0.0,0.0,0.0,0.0,0.0,,823.6551293945213,,674.5847331992331,,605.7324559398089,,10.822146326068037,12099.164009094238,2.476465162852012,638.145172,90.0,7.57110846735055,1940.290947,6.992603778839111,1087.5521384007252,-852.7388085992748,-43.949017538722494,43.949017538722494,True,0.29294005,0.33765852,0.10846605,0.08887111,0.005288622,-0.0886641,0.02333663,0.13811752,0.08516583,0.14227028,-0.055656876
62,Silves_06072020,2020,1943,p,2020-07-06 17:30:00,2020-07-06 19:30:00,188.729167,188.8125,airb,1,2,55.25,27.625,178.408572,198.615652,2208.969388,2386.960804,2.0,2.0,4,171.1482819413717,-0.894084801448264,-0.447897720265709,21.0,7.0,0.0,0.0,0.0,0.0,236,22.162105263157894,0.185354953895796,0.180856620509511,0.121760671032368,0.162297264078728,0.198262890926386,0.178476549934757,33.32608019886678,10.382172427632508,24.667888595815676,3857.4784011985657,991.0815390170214,2283.252391278969,6.842889051952623,51351.27810877852,2.461756022766217,53.217814476574226,679.4178620697413,97.2159201751986,13.070463164884567,-0.81536016722772,0.578954054911428,19.93389637658756,-0.725926130141054,0.687772675800975,0.011104957698351,0.011242907338463,29.874796139823847,23.796451067972207,12.872939022439773,-8.605792089405814,-37.67615758884419,24.213708535833867,32.425380562651206,23.43615862461997,23.81409786902084,39.58531096232581,25.480972146485097,7.396278218172901,46.05484303339912,44.2907960983655,61.79612964734634,-0.652216560343018,0.758032689542029,0.519915434932151,-0.85421773601308,-0.960335753569296,0.278846266635385,-0.987192831097388,-0.159531546190478,-0.902458937556907,-0.430775888396342,-0.037769819028718,-0.115068512129808,-0.050545377930153,-0.044709183002036,-0.018677192788323,5706.508092074347,15334.921666380073,31643.80008403724,58196.19777263878,94798.03878501974,-11.016418207027364,-6.632357628004344,-7.02908787536496,-8.387258023635304,-8.103025861438153,36.91942182671357,0.007089597197395,0.999974868489993,11.468483570548791,-0.00283625882842,0.99999597780984,5.639187491014809,-0.002926067037255,0.999995719056683,64.18165676951735,0.005139135317397,0.999986794556903,,0.0,0.0,0.0,0.0,0.029976628348966,,497.95452928027294,177.28290140877192,709.6872941919042,,600.2095341745236,,12.54837230288025,12771.042178903532,2.405169115575472,1940.290947,150.0,5.296393777636592,198.615652,6.472052574157715,645.8099908441021,447.1943388441021,225.15563820926965,225.15563820926965,True,0.18851832,0.17560947,-0.08302763,-0.043301705,-0.003144564,-0.07130727,0.06790077,0.07071563,-0.07793377,0.10010729,-0.07381707
105,Silves_12072023,2023,2627,p,2023-07-12 15:45:00,2023-07-12 17:45:00,193.65625,193.739583,airb,1,1,57.0,28.5,691.508103,691.508103,9056.835294,9056.835294,2.0,2.0,5,160.42504129955947,0.162660782593537,-0.986682051020519,22.0,7.0,0.0,0.0,36.0655737704918,20.0,236,21.969649122807017,0.174812843214373,0.175099366697551,0.116763871863702,0.158231880745877,0.185292607260111,0.1752509664241,32.31749985595479,12.37188174906035,29.77208797719758,3395.813863957803,994.9712357587184,1975.7238682818129,7.627709803348994,67206.09384087114,1.829026292652101,63.596918288734294,921.9579493359496,95.37752406111211,19.79770943031971,-0.444153254840308,0.895950828011649,29.19647415099464,-0.398610263257756,0.917120416317063,0.000205902663982,0.000205954624501,25.83126110148574,21.865577008677946,12.207524423373743,-6.75743200776035,-33.52503469776046,45.682869150964315,10.656559009138537,7.861522016407165,19.202749598210815,55.56208397476401,31.952490535000422,12.710096042498252,52.22281412527165,66.89667001060361,66.10942966298484,-0.2793322505556,0.960194508315655,-0.726142843173412,0.687543868642601,-0.966278665125552,-0.257498623924831,-0.962690119285769,-0.270606234646491,-0.993921165188517,0.11009412968138,-0.023852552417671,-0.105613840418065,-0.024040784666016,-0.038238056350504,0.105902909833884,5879.119958847897,15379.752588398107,31577.45809581281,58215.68396361367,95370.31484246367,-17.771425938924843,-4.327137540280676,-6.214786969980405,-7.40565083508118,-7.461157543752339,29.08839801778959,0.008467559668749,0.999964149574002,10.718447825352385,-0.008593484784591,0.999963075327913,8.343388795083424,-0.004539571045261,0.999989696094277,78.62628709759858,0.007337982582822,0.999973076643374,,33.6009899338569,0.0,0.0,33.6009899338569,0.0,,981.6989702037093,93.82605087781508,744.0657786038289,,655.8349973734444,,15.935731470777291,15979.832044002189,1.546985150441461,,0.0,6.540319939076069,691.508103,7.527754306793213,1857.9262346179673,1166.4181316179674,168.67743509550277,168.67743509550277,True,0.23186642,0.34094414,-0.07073844,0.08357036,0.13310546,0.09662853,0.04570241,0.084502876,0.2732083,0.13112727,-0.07303824
82,Silves_25072022,2022,2336,p,2022-07-25 13:30:00,2022-07-25 16:30:00,206.5625,206.6875,airb,1,1,111.25,37.083333,766.538669,766.538669,8764.078885,8764.078885,3.0,3.0,4,242.29603794642858,0.736305273659371,-0.676649498619041,31.0,6.0,0.0,0.0,0.0,0.0,236,18.654234234234234,0.166004259286317,0.174148512772754,0.109045080343866,0.150379899541533,0.176099062164618,0.178457641601557,39.02602539062502,0.188053385416689,8.870393752965002,6363.1116118816135,993.5366666666667,2283.660888671875,4.156030223834808,92601.6887380499,3.709421793619792,75.28030168868307,981.5334547717365,98.62787620002223,14.481351449981439,-0.424056966641595,0.905635516663701,20.87299722372155,-0.570994422242837,0.820953938883034,0.005797323618313,0.005839062357628,32.20061238606771,23.700113932291668,10.281270345052084,-8.529703776041666,-34.26685078938802,12.081727663675943,15.53821055094401,28.96230189005534,18.704525629679363,7.780111630757649,20.53581040797336,15.955687860967197,24.783227303426813,31.283716364604807,59.498607881438346,-0.560125745526467,0.828407598467336,-0.68020184861202,0.733024859840914,-0.831956478493444,0.554840894214538,-0.997133478985845,0.075662573876297,-0.991846119422005,-0.12744126249967,0.086987586722264,0.030252684618072,0.080628553604064,-0.105499798192315,-0.029337852893389,5941.945963541667,15570.388997395834,31780.650390625,58204.36328125,95021.46614583333,-20.080458163330686,-9.27527889504407,-8.634789833830148,-7.345522079864746,-7.173930023439515,14.165125527497997,0.000559692274785,0.999999843372267,3.069342638197793,-0.002507026808289,0.999996857403353,2.813338436136983,-0.002972750493215,0.99999558136749,52.084849041367285,-0.001064458175889,0.999999433464235,,0.0,0.0,0.0,0.0,0.0,,1556.4417333985177,220.4994921876073,565.6758954615992,,528.9706419935702,,8.591090573922864,10311.843395233154,3.094763198591283,,0.0,6.643188861254058,766.538669,6.900922775268555,992.1907847701794,225.65211577017942,29.4377994086792,29.4377994086792,False,0.08541599,0.34535772,-0.07085232,-0.04611406,0.18116993,-0.08024918,0.13932596,0.051131383,-0.0061887773,0.105377436,-0.07278105
82,Silves_25072022,2022,2337,p,2022-07-25 16:30:00,2022-07-25 17:00:00,206.6875,206.708333,airb,1,1,194.75,389.5,875.544281,2040.018904,8516.545101,26718.580918,3.5,0.5,4,207.44936937660668,-0.205326656591695,-0.978693498544297,31.0,3.0,0.0,0.0,0.0,0.0,236,20.079948717948717,0.165847995012992,0.174084463158687,0.10894070386885,0.150309845805164,0.175912608504288,0.178442382812494,37.43642578125002,1.592431640625023,10.690247543362869,5723.711612837675,993.1068750000001,2283.660888671875,4.558850592685622,97708.47051604322,3.743392944335938,75.28030168868307,981.5334547717365,98.62787620002223,17.070823466523635,-0.563200747518905,0.826320106250687,29.02668631922031,-0.649521447778276,0.760343270421993,,,31.114654541015625,23.45538330078125,9.968597412109375,-8.108062744140625,-34.352569580078125,13.48803424835205,13.583740234375,33.7174072265625,17.139734268188477,8.82563591003418,31.46104105117694,20.070950869453544,28.687858306898118,30.55652707912902,56.98065279474725,-0.626744267069653,0.779225014803377,-0.665762710541452,0.74616352983277,-0.857934346375936,0.513759337928271,-0.986077364842556,0.166287192967954,-0.986585564801496,-0.163244979479654,0.00440647765843,-0.102615738799343,0.001864072997659,-0.024507825402462,-0.049132045963188,5927.0400390625,15530.6513671875,31741.19921875,58194.234375,95020.6640625,-19.27828689010766,-8.357377778759092,-8.678509509812692,-7.058778851811272,-7.315350665831857,32.20987181958412,0.002452912448383,0.999996991605735,2.563625328011835,-0.001952217542169,0.999998094421518,1.683902524966133,-0.002233550508446,0.999997505622952,82.88647429034101,0.002635604584263,0.999996526788206,,0.0,0.0,0.0,0.0,0.0,,1119.5077416991812,,589.9524356742784,,546.4163468194874,,10.110435589947429,15730.520248413086,3.213298072653881,766.538669,180.0,7.62120442489336,2040.018904,7.4285664558410645,1682.3926251477997,-357.62627885220036,-17.530537494087866,17.530537494087866,False,0.32587785,0.34749287,-0.05814458,0.09824932,0.043530565,-0.09492163,0.07413842,0.13131814,0.26211601,0.15069138,-0.059279572
82,Silves_25072022,2022,2338,p,2022-07-25 17:00:00,2022-07-25 18:00:00,206.708333,206.75,airb,1,1,433.0,433.0,1222.772343,2475.068669,11108.566975,20839.194239,4.5,1.0,4,205.0215833813364,-0.528853841109918,-0.848712916564421,31.0,3.0,0.0,0.0,0.0,0.0,237,15.792740046838407,0.165826551628106,0.17407644456645,0.108928242325767,0.15029862940311,0.17588730901479,0.17844146728515,36.42556152343752,3.140527343750023,12.776473209111742,5304.890849189294,993.108125,2283.660888671875,4.93949125767722,91472.53758535684,3.838851928710938,75.28030168868307,981.5334547717365,98.62787620002223,17.25649000265663,-0.573530079833357,0.81918450151742,29.383580887380997,-0.674122281516093,0.738619759797649,7.7116416386e-05,7.7125471915e-05,30.284332275390625,23.57965087890625,9.901947021484375,-8.033706665039062,-34.31964111328125,16.004769802093506,12.833340167999268,34.25251770019531,16.358047008514404,8.707108974456787,33.59082399572315,21.019596588071092,30.357254378583427,29.446805165092417,57.04764499400285,-0.62624234641434,0.779628452249828,-0.710295585572549,0.703903531114989,-0.889991309127697,0.455977488125421,-0.982651537566092,0.18546146693854,-0.983952510995132,-0.178430535801397,-0.032530239363442,-0.161349296512373,-0.021472157723979,-0.023812883268846,-0.049808889952463,5921.5732421875,15515.88916015625,31728.3896484375,58181.6875,95007.29296875,-17.960576578177992,-7.315781561866108,-8.801361864782061,-7.003717049582816,-7.326898130341341,39.256688267831876,0.00440108218561,0.9999903151909,3.198499995544732,-0.002133511445458,0.999997724061866,1.483686028233547,-0.002057276507102,0.999997883804448,87.41050927427418,0.002881367212336,0.999995848852878,,0.0,0.0,0.0,0.0,0.0,,926.2172515868976,386.58098022456727,612.4957985536385,,554.2473616388515,,11.20508665812467,16795.414924621582,3.124560955652909,766.538669,210.0,7.814427367264822,2475.068669,6.891202926635742,982.583885118499,-1492.4847838815012,-60.30074246321855,60.30074246321855,True,0.2987183,0.34265813,-0.08120222,0.117350504,0.023070008,-0.09604463,0.057798892,-0.12046804,0.25721395,0.1325505,-0.06621236
82,Silves_25072022,2022,2339,p,2022-07-25 18:00:00,2022-07-25 19:00:00,206.75,206.791667,airb,1,1,167.5,167.5,1168.405915,1148.246145,12144.084252,10025.889951,5.5,1.0,4,232.9099011248186,-0.927686591395608,0.373359864132179,22.0,7.0,0.0,0.0,0.0,0.0,236,19.093485714285716,0.165793569877737,0.174064034302954,0.108906705677493,0.150283520817753,0.1758480015397,0.178439941406244,32.89931640625002,7.824731445312523,22.537899076270463,3953.46726467367,993.5196875,2283.660888671875,6.60014683559524,68448.49792571859,4.035270690917969,75.28030168868307,981.5334547717365,98.62787620002223,17.201156574515075,-0.654431361611899,0.756121414151719,28.46255494195998,-0.699887482979688,0.714253114216772,0.004159665897259,0.004160078353093,28.969924926757812,23.790924072265625,9.720382690429688,-7.889358520507812,-34.29631042480469,19.523184776306152,13.058122634887695,35.38635444641113,14.572649478912354,8.47825813293457,36.189334530242924,21.676251139552765,35.24139617675325,27.290314842565838,58.34808096959302,-0.547700777688954,0.836674284365735,-0.78579446621119,0.618487717640271,-0.928529508678942,0.371258604630845,-0.979911699903799,0.199431843975947,-0.979421411953612,-0.201825909651843,-0.106736381126264,-0.224962936078522,-0.05401984252961,-0.039832448912145,-0.039582530280427,5918.515869140625,15504.00341796875,31719.5166015625,58172.705078125,94999.37109375,-14.514689084523557,-5.651042416430064,-9.05414590240086,-6.876451057396087,-7.360630336980282,52.83402676261625,0.012316857262676,0.999924144636567,5.448840622407134,-0.002448117049796,0.999997003356965,1.342603394027832,-0.001870823454537,0.99999825000827,92.65923163232537,0.004390792747871,0.999990360423062,,0.0,0.0,0.0,0.0,0.0,,586.7502093505933,292.35310424804123,691.535137559251,,590.9641572843307,,13.318269776954594,18176.408767700195,2.54053351651504,2475.068669,270.0,7.046861480319172,1148.246145,7.1334452629089355,1252.1870969073088,103.94095190730877,9.052148997836067,9.052148997836067,False,0.30193144,0.36392352,-0.05425357,-0.035128575,0.037025508,-0.103928894,0.05761319,0.12724674,0.25056213,0.12553601,-0.06925569
82,Silves_25072022,2022,2340,p,2022-07-25 19:00:00,2022-07-25 23:30:00,206.791667,206.979167,"fops, rep",1,2,364.75,81.055556,854.059492,851.374791,10891.474546,10738.95548,4.5,4.5,4,249.57092744695413,-0.981754101820168,-0.190154893598022,21.0,6.0,0.0,0.0,0.0,0.0,236,20.811464788732394,0.165228463966183,0.173476124496637,0.108103684485477,0.149896010675861,0.175254227514262,0.177839966047142,26.42525437275905,13.38255578313039,45.65148312512046,1930.7186624284393,994.8778722997364,2241.31285696316,10.344773301490235,27901.534183768083,4.146990853624178,75.25716087156061,980.9679639795326,98.64789748792484,13.552234034844219,-0.542274761403522,0.840201215867219,26.361472473767943,-0.479611780702749,0.877480791704946,0.020593727338057,0.020521997356319,28.140972209991496,23.76012013290217,9.46613842565382,-7.783125053183115,-34.6406049949012,21.224230740440458,14.20995352770242,32.35791219355785,16.709186977373406,8.024933234347916,35.275557150197976,24.58745283212198,38.49357078237651,26.793054181358286,57.70264104213909,-0.28738547811653,0.95781500665198,-0.816900956150863,0.576777971007741,-0.962433066821453,0.271519045167466,-0.968911370249708,0.247408077072744,-0.98432868959414,-0.176343502409029,-0.167388155527909,-0.216143455822968,-0.135948967861775,-0.010639153380809,-0.027106939202501,5948.054814076584,15534.031934472912,31734.216326995484,58221.66145332497,95007.45454211786,4.03867008621071,-4.780146133064293,-9.197925821869742,-6.735687632631442,-7.486209781057021,63.368907729152355,0.015171574823663,0.99988490503526,8.185695484168551,-0.004635302316406,0.999989256928511,2.091149257016535,-0.002509093729002,0.999996852219375,122.49773250321076,0.012326082742594,0.999924030956464,,0.0,0.0,0.0,0.0,0.0,,303.44177904194925,66.2558868598684,822.3696940762381,,669.5739635271126,,18.85848424685233,17756.01006292115,1.430721149951143,1148.246145,330.0,6.7480263256435435,851.374791,6.051231861114502,423.6358003187083,-427.7389906812917,-50.24097438671892,50.24097438671892,True,-0.13836731,-0.0526232,-0.06578366,-0.040963028,0.035901934,-0.10638733,0.15959905,0.16090493,0.13154203,-0.008479146,-0.06674474
131,Tabuaco_29082024,2024,2764,p,2024-08-29 13:00:00,2024-08-29 15:15:00,242.541667,242.635417,airb,1,1,31.75,14.111111,405.429608,405.429608,5981.769416,5981.769416,2.25,2.25,5,779.366945251938,0.924821761908638,-0.380400721214093,22.0,7.0,0.0,0.0,100.0,24.0,233,24.51483870967742,0.211617636700471,0.284316411734727,0.146797894438108,0.168854630986849,0.23039209942023,0.322781372070312,27.354394531250023,12.106591796875023,38.933051501727086,2221.643918289055,950.0147916666666,5499.0703125,9.351589448106429,11891.385824210394,1.960123697916667,30.12552852335105,783.1613834355302,91.26131717179045,5.330392559704306,-0.974513095486495,-0.224330619232707,7.215113115976603,-0.998402762561917,0.056497112392863,8.5407801186e-05,8.7874984139e-05,24.998240152994793,16.08184814453125,6.161600748697917,-9.991414388020834,-40.65587361653646,42.64160664876302,66.2591323852539,39.364278157552086,26.85988426208496,40.5680185953776,5.727292415392363,6.528296776189308,10.066192632356254,34.23509167217179,38.64422471750919,-0.996715532885363,0.080982383918032,-0.999943175536043,-0.010660473671233,-0.348866531749199,-0.937172419048536,-0.875301681289847,-0.483577260353677,-0.703953121967519,-0.710246437563881,-0.018063590019455,0.01702544737903,0.061640921110273,-0.069144846574939,0.008405254307013,5460.897298177083,14886.489908854166,30738.513020833332,56963.360677083336,93327.515625,,-9.729079190562535,-6.383504718996638,-6.30761217251933,-8.547360925354665,9.395489163610241,-0.013004206904111,0.999915441726347,1.792267652850325,-0.009279880252462,0.999956940984211,5.656203518435105,-0.001979965976133,0.999998039865446,14.436853039478981,-0.002002261453684,0.999997995472526,1810.7440348307034,0.2783203125,14.5955403645837,4.7631835937497,18.6305745442707,0.03333333333341,,1810.6341715494648,152.73697509764952,759.2995899507199,,923.1995594413239,,13.023520861111868,2865.565617879232,0.557040837712377,,0.0,6.007410747941233,405.429608,5.822098731994629,336.68001030612396,-68.74959769387601,-16.957221756205833,16.957221756205833,False,0.20276065,-0.1451921,-0.10991317,0.101283476,0.14366108,-0.26129317,0.062155254,-0.0050947955,-0.33205104,0.0039402167,-0.05480886
131,Tabuaco_29082024,2024,2765,p,2024-08-29 15:15:00,2024-08-29 17:40:00,242.635417,242.736111,airb,1,2,22.25,9.206897,117.742109,128.312964,1144.270142,1501.302408,2.416667,2.416667,5,793.1852550287356,0.846432918624143,-0.53249536549102,22.0,7.0,0.0,0.0,97.5609756097561,19.5,233,23.980434782608693,0.211172089397907,0.284125321072278,0.146137095987797,0.168371547758579,0.229978427290916,0.322724914550781,27.707299804687523,11.010278320312523,35.37671792372224,2397.010208326658,949.4496875,5499.0703125,8.839750221310027,16420.441131127216,2.394340515136719,30.12552852335105,783.1613834355302,91.26131717179045,6.84551242869273,-0.999612813468126,0.027824865684096,11.02648538018842,-0.96052010441164,0.278210583948655,0.00136679986453,0.001376268589388,25.680694580078125,16.849838256835938,6.0611572265625,-9.906021118164062,-40.901710510253906,39.85503387451172,61.37568664550781,47.33131408691406,22.995058059692383,53.80769920349121,8.664315581607744,8.528747086121696,10.679607763528432,31.34671536361183,25.386917761932136,-0.961698544992342,0.274109300388753,-0.93564123201261,0.352952525076568,-0.720996516338203,-0.692938686629759,-0.925926046236059,-0.377704854220409,-0.915518025552972,-0.402276950480123,-0.023996513028202,0.019899467936927,-0.035963626092218,0.072185070618861,-0.028648025970214,5428.593017578125,14874.892578125,30746.291015625,56995.0,93335.09375,,-9.63574733005801,-6.942326488493256,-6.235044518657155,-8.639687476308493,4.413285361372333,-0.003743554243992,0.999992992876261,0.792788794645452,-0.007342186996873,0.999973045781787,4.511376998808908,-0.002285936103259,0.999997387244653,25.266855326234538,0.001567767400023,0.999998771051935,2666.158911132804,0.2807617187499,1.8118286132817,17.6211547851537,19.3774414062479,3.098e-12,,1774.3100830077997,325.9399902343505,742.7541142955322,,924.1681003945283,,12.659457062175207,4336.081266403198,0.767807337629253,405.429608,135.0,4.862235543706188,128.312964,6.1838154792785645,483.8383222995373,355.5253582995373,277.07672492043537,277.07672492043537,True,0.1351243,-0.17529176,-0.09177415,0.012064898,0.01410307,-0.004760529,0.046207942,0.004958415,-0.24086408,0.00053559477,-0.065812096
132,TerrasBouro_05092024,2024,2769,p,2024-09-05 03:50:00,2024-09-05 12:00:00,249.159722,249.5,airb,1,1,20.75,2.540816,85.521724,85.521724,1226.862579,1226.862579,8.166667,8.166667,4,659.8414930555556,-0.542555259537326,0.840020113061815,22.0,7.0,0.0,0.0,100.0,13.0,233,26.5,0.245779017611343,0.309956581079697,0.13179551442464,0.190126901070275,0.273092614412306,0.343912963867187,14.830712890625023,8.921234809027801,69.33474141696871,566.9130638267187,953.8961111111112,5349.3994140625,16.083350715914655,5932.997090361266,0.254323323567708,31.851012005488844,561.2091490847693,89.26665225863542,10.082333600444557,0.464044951424051,0.885811652134837,19.06302988112676,0.586572693476901,0.809896583069254,0.008540515126418,0.008205094312338,14.447374131944445,10.822896321614584,4.314249674479167,-10.42640855577257,-37.45891994900174,67.29352400037978,58.140062967936196,41.04137155744765,53.60835478040907,100.17762078179254,11.332026755839843,5.925026766276153,32.764836316413636,62.41938538233127,95.75135439958663,0.651799837380553,0.758391041607616,0.856760789002568,0.515714020003041,-0.490968514950617,0.871177316811673,-0.855068907048006,0.518514381863924,-0.638689064329573,0.769464930393722,-0.117666086542386,-0.013238384403174,-0.123892304967598,0.091282370774182,0.162098531160398,5480.016981336806,14630.896809895834,30320.795789930555,56444.512586805555,93084.95486111111,,-3.954831910448086,-4.188199641444569,-5.756099062442299,-7.534997759941796,9.627643861455804,-0.348767316282831,0.937209346460476,8.60121068435609,0.036787320707861,0.999323117432563,10.249537893452718,0.016291195021627,0.999867289676369,84.54525385340969,0.005638461210056,0.999984103751246,4529.760999349177,82.6213785807293,2.2386203342012,2.6694200303817,83.6378309461806,0.0,,465.3759015570799,101.18650309245236,873.901209477125,,897.9472036222747,,23.32259257896187,5795.714007483588,0.772532119803247,,0.0,4.4603955269150015,85.521724,5.153606414794922,172.05447248547785,86.53274848547784,101.18218440671032,101.18218440671032,True,-0.32944274,-0.25329474,-0.12295042,-0.043357983,0.22120655,-0.2236201,-0.1235149,0.023524115,-0.049164865,-0.27752554,-0.075453505
132,TerrasBouro_05092024,2024,2770,p,2024-09-05 12:00:00,2024-09-05 17:00:00,249.5,249.708333,airb,1,2,54.75,10.95,136.685961,137.63731,1634.583607,1645.960496,5.0,5.0,4,758.7942330917874,-0.226511221805642,0.974008555607247,22.0,7.0,0.0,8.212560386473431,91.78743961352657,23.0,233,24.714716981132078,0.246253637494642,0.310018225999713,0.131517064174014,0.190775148272512,0.273589808146157,0.343756103515624,19.629907226562523,6.905257161458356,43.67566041257256,1287.0094917734382,951.5395833333332,5349.3994140625,10.759547772628471,16725.18358598046,1.0557861328125,31.851012005488844,561.2091490847693,89.26665225863542,12.740211382117096,-0.063069732865147,0.998009122601752,17.15099589025983,-0.169745952504286,0.985487854622477,0.0162713002224,0.016818497423952,17.541768391927082,9.766128540039062,1.654556274414062,-11.070098876953125,-36.067334493001304,45.921539306640625,58.42223230997721,71.39259847005208,81.048402150472,98.71814219156902,11.47577765862648,22.535727988552267,41.17077472663897,80.84831454177328,111.50588824144411,-0.206546508802472,0.978436783702202,-0.053122044397532,0.998588027366154,-0.827011391525455,0.562185163702432,-0.955452345157358,0.295145415233414,-0.907832490367682,0.419333005417905,-0.035740695770736,-0.118172750009981,-0.055883653765485,0.08631508524325,0.13704558415969,5263.684814453125,14445.478841145834,30047.825520833332,56006.867838541664,92742.24869791667,,-8.484352841878737,-5.219654084216487,-4.968867362813513,-6.967688337637671,207.71925790247545,0.001038015636986,0.999999461261624,11.700104568894284,0.00924415148472,0.999957271918819,13.572209249748687,0.003456784706633,0.999994025301898,51.94029604434434,0.00749126342316,0.999971940092483,4362.730883789205,93.0864461263021,6.641398111978599,31.6525268554677,95.0370483398437,0.0,,1002.9500585937622,60.2754707031203,786.7815831377021,,925.676795974185,,18.596201400371214,5872.210661570231,1.079771389622232,85.521724,490.0,4.931861242449351,137.63731,6.200511455535889,492.00112477743,354.36381477743,257.46203175391173,257.46203175391173,True,-0.12707853,-0.15405165,0.17125797,-0.0647992,-0.039357863,-0.018162424,-0.035440803,0.025208222,-0.040508438,-0.02239371,-0.12684909
132,TerrasBouro_05092024,2024,2771,p,2024-09-05 17:00:00,2024-09-05 18:10:00,249.708333,249.756944,airb,1,2,12.5,10.714286,126.039098,102.119478,1362.726427,497.832455,6.166667,1.166667,4,801.4980837264151,0.307234937407482,0.951633696984412,22.0,7.0,0.0,18.867924528301888,81.13207547169812,25.0,233,20.071428571428573,0.245858966672419,0.309834760724466,0.130455001592634,0.190336277484892,0.273272914290426,0.34368438720703,18.684960937500023,7.960473632812523,49.76276451546168,1083.8602953760549,950.4837500000001,5349.3994140625,11.669714351321863,13629.100168526824,1.185371398925781,31.851012005488844,561.2091490847693,89.26665225863542,12.444614928376382,-0.429943325427959,0.902855878266265,20.781889747417033,-0.426627943630462,0.904427220794268,0.004057859866558,0.004076607059499,16.781784057617188,8.61285400390625,0.242111206054688,-11.004974365234375,-36.1929931640625,54.166866302490234,79.59987258911133,83.22327041625977,72.38299942016602,72.38775634765625,13.566320459900822,24.404427599145425,40.51633855636802,94.1988742757744,130.9891372914681,-0.468982168274879,0.883207634613851,-0.168488309565996,0.985703651986536,-0.890229552308228,0.455512177880122,-0.963938097940325,0.266126555118404,-0.945070927108135,0.326865328132199,-0.001188537663749,-0.131818843718088,0.019278856823368,-0.010986922409958,0.079110479367779,5148.788330078125,14310.8076171875,29837.3232421875,55771.2734375,92456.9609375,,-8.91348959526233,-5.386425763336911,-4.391889269859267,-7.020866928186292,177.32181369399973,-0.029208094886139,0.999573352582552,10.53784606191588,-0.004229014601965,0.999991057677766,15.848791418679182,-0.002776641480388,0.999996145123615,69.41029412074231,0.011210493381799,0.999937160444664,3109.6976855469093,49.9738159179687,15.998840332029902,24.1105346679682,64.89813232421821,0.0,,1078.0007861328131,191.346796875,809.5957617491331,,932.2870455506031,,19.718324951968114,6796.677112579346,0.774254906036795,137.63731,790.0,4.635888296554504,102.119478,7.002716064453125,1098.6157333675305,996.4962553675306,975.8140904005901,975.8140904005901,True,0.26630008,-0.15445505,0.10441085,-0.044062845,-0.0082074525,0.0015225953,0.012198043,0.13978593,0.034954116,-0.03927511,-0.13327622
56,Tomar_03082019,2019,1841,p,2019-08-03 16:00:00,2019-08-03 17:00:00,215.666667,215.708333,"airb,fops",1,1,57.25,57.25,1980.852961,1980.852961,27220.056034,27220.056034,1.0,1.0,4,111.93900240384616,-0.926770742800801,-0.375627462106343,31.0,4.0,0.0,0.0,93.8388625592417,16.0,233,21.239454545454546,0.100471741132437,0.146236955725089,0.05496532842517,0.070155875384804,0.113738103210925,0.170451354980461,28.688623046875023,14.160424804687523,41.18539810971335,2315.7082055123656,998.95,1147.569580078125,9.519981042014088,57651.45368287728,2.06597900390625,56.34605472946143,853.0640217119965,92.8363085983463,24.909844081872826,-0.579019722813962,0.815313535146107,34.069342134404955,-0.562293033419209,0.826938053646235,1.1884675046e-05,1.1885170029e-05,22.379791259765625,19.409011840820312,9.277053833007812,-7.980804443359375,-37.170433044433594,53.82347297668457,37.43917465209961,26.35286808013916,13.439342975616455,31.231306076049805,37.628012763010524,8.891852406833626,7.484436136289785,41.33531857454546,47.75670634630565,-0.511223650143399,0.859447717743238,-0.584031487847783,0.811731002982087,-0.91092844080014,0.412564389812579,-0.928837110038222,-0.370488357463287,-0.987010201498247,-0.160657592843877,-0.089835031112659,-0.082278421252464,-0.048385945859915,-0.053770871023707,0.020782109536524,5573.04345703125,14999.9375,31062.2314453125,57472.20703125,94261.63671875,-14.357218904597511,-3.241551986181999,-6.519736774176865,-6.739043826448095,-8.136269062212126,28.232479171636097,0.003602774657084,0.999993509986325,-6.268386965198502,-0.003108236664897,0.99999516942075,2.869961636479764,-0.004243715294629,0.999990995399708,93.15957317059619,0.005197011678726,0.999986495443619,,0.0,0.3936767578125,0.0,0.3936767578125,0.0,,787.6485900879162,103.6605346679844,807.4855336407735,,703.1908322791712,,17.345152535736233,18814.038276672363,1.086056962566261,,0.0,7.591787524953266,1980.852961,7.684866905212402,2174.180449159999,193.32748815999912,9.759810140698228,9.759810140698228,False,0.30623546,0.32870203,-0.06839918,0.09465005,0.15857776,0.067612454,0.1310945,0.11385046,0.33234867,0.022687217,-0.028803654
56,Tomar_03082019,2019,1842,p,2019-08-03 17:00:00,2019-08-03 18:00:00,215.708333,215.75,"airb,fops",1,1,71.25,71.25,1693.510972,1418.182526,18698.270989,15896.013294,2.0,1.0,4,151.54651988636363,-0.875897316523721,-0.482497555337376,21.0,4.0,0.0,0.0,92.42424242424242,16.0,223,21.99857142857143,0.100424930386244,0.146211777196927,0.05480663701892,0.070137564837929,0.113693857192992,0.170437622070304,27.027368164062523,15.079248046875023,48.21106560293924,1856.9117121887975,999.030625,1147.569580078125,10.627545974387605,46131.86519940662,2.165359497070312,56.34605472946143,853.0640217119965,92.8363085983463,24.807361904846033,-0.572248832470397,0.820080041054693,34.82635078328109,-0.561217919177554,0.827668077911681,6.031031618e-06,6.031711535e-06,21.140777587890625,19.59393310546875,9.263214111328125,-7.728164672851562,-37.237571716308594,62.12276077270508,32.863999366760254,27.395524978637695,12.998663902282715,30.724395751953125,39.26774024782837,11.244661260053773,8.33268059557336,40.18160354987172,47.97714198990235,-0.507579657783431,0.861604834599049,-0.666329397554265,0.745657517869277,-0.980917755248971,0.194423140179661,-0.93834385289056,-0.345703360907151,-0.97679961295026,-0.214155355151866,-0.092637217125331,-0.032328923154783,-0.046599279730823,-0.062294363624532,0.022368849317606,5558.37890625,14982.1728515625,31048.5546875,57470.64453125,94264.55078125,-13.274582975464886,-1.687832079464665,-6.647635973012463,-6.634985898289051,-8.225403579238009,31.83195962518591,0.003751341228292,0.99999296369474,-6.022674950632423,-0.004500673488081,0.999989871917788,2.636966702065234,-0.00416041971485,0.999991345416447,100.26950793760712,0.005329420133378,0.99998579853968,,0.0,0.6411743164062,0.0,0.6411743164062,0.0,,693.7121520996234,84.21234130860137,838.3701425919487,,717.8903142474173,,18.99255511503931,19633.925437927246,0.876412878824675,1980.852961,60.0,7.257836298909052,1418.182526,7.266888618469238,1431.0877426864745,12.905216686474432,0.9099827737176922,0.9099827737176922,False,0.29220766,0.1997488,-0.07364216,0.1295269,0.1301301,0.063115336,0.13299218,0.11601497,0.3357097,-0.028678894,-0.026557758
56,Tomar_03082019,2019,1843,p,2019-08-03 18:00:00,2019-08-03 19:00:00,215.75,215.791667,"airb,fops",1,1,105.0,105.0,1546.968583,1295.430314,19534.728576,12518.61556,3.0,1.0,4,146.81328867280286,-0.848635386061319,0.528978242959534,32.0,4.0,0.0,0.0,99.49874686716792,14.0,233,20.097636363636365,0.100399267248808,0.146197907752948,0.054702877253295,0.070128409564492,0.113670971989631,0.170429992675773,24.834008789062523,15.870141601562523,57.78224825446668,1337.5513668184403,999.0628125000001,1147.569580078125,12.982237692593404,31751.61559862062,2.218376159667969,56.34605472946143,853.0640217119965,92.8363085983463,23.536864831152982,-0.576564989598818,0.817051291394191,34.50313857863052,-0.562652617985991,0.826693432581577,4.2014933385e-05,4.2091865095e-05,19.624114990234375,19.621292114257812,9.184539794921875,-7.508407592773438,-37.31633758544922,72.92742538452148,30.780536651611328,28.015496253967285,12.461125373840332,31.758557319641113,41.48687991858115,13.502816042956557,9.580578909417437,38.597718607720886,47.58139526427675,-0.478203896292156,0.878248844901603,-0.692383660581561,0.721529532700968,-0.998613462184264,0.052641743363575,-0.944065835358417,-0.329757029506595,-0.959105866235866,-0.283047588493436,-0.094546769567531,-0.017422056854081,-0.024863883530798,-0.040860926425764,0.016644324525498,5554.845703125,14973.2939453125,31040.5615234375,57469.267578125,94262.8203125,-12.829126105748493,-0.003080167840876,-6.71586655283041,-6.518451028904339,-8.308613375062524,39.34889270377243,0.005257935901737,0.999986176959488,-5.277428595553912,-0.005353290887921,0.999985671035675,2.518625448277416,-0.004094546743289,0.999991617308349,107.14337019846438,0.005729589818782,0.999983585765541,,0.0,1.2765502929687,0.0,1.2765502929687,0.024999999999998,,612.1495300293061,78.91290283203318,875.6050101714914,,733.5673675932612,,20.62516210989564,20752.962112426758,0.603395837864977,1418.182526,120.0,7.167369854209066,1295.430314,6.968685626983643,1061.824883731839,-233.60543026816094,-18.033037187993497,18.033037187993497,False,0.30762473,0.1582525,-0.06910287,0.15229262,0.035819545,-0.006543355,0.13174349,0.14286958,0.31721908,-0.13190733,-0.029046688
56,Tomar_03082019,2019,1844,p,2019-08-03 19:00:00,2019-08-03 19:30:00,215.791667,215.8125,"airb,fops",1,1,97.5,195.0,1445.513584,1940.310525,17922.678766,25552.596078,3.5,0.5,4,173.91933139534885,-0.938825297247489,0.344393759014539,21.0,4.0,0.0,0.0,100.0,16.0,233,19.405376344086022,0.100390996985136,0.146194048176891,0.054663204401732,0.070128409564492,0.113663342595099,0.170428466796867,23.594628906250023,16.178125000000023,63.17165225193499,1070.6982776458776,999.033125,1147.569580078125,14.68117312193653,24124.524506595477,2.23687744140625,56.34605472946143,853.0640217119965,92.8363085983463,22.531580567811854,-0.584355590967033,0.811497716143163,34.04042298560037,-0.564399779482457,0.825501598375287,,,18.804412841796875,19.593597412109375,9.119842529296875,-7.4210205078125,-37.358367919921875,78.79768371582031,30.458494186401367,28.31504249572754,12.241036415100098,32.59208297729492,43.03090205510051,14.68344669729179,10.339291860762211,37.75714915977688,47.383387424887964,-0.45235838251273,0.891836248293635,-0.697290014336011,0.716789115366079,-0.999928395535119,0.011966779122358,-0.945196957372554,-0.326500707156455,-0.945876977594548,-0.324525412343323,-0.097173440331282,-0.026608420915081,-0.010925069998995,-0.023459333950265,0.008280961699189,5550.765625,14966.04296875,31032.79296875,57461.53515625,94253.6875,-12.579979599747842,0.861115030973548,-6.739677051615634,-6.459063410377014,-8.344686973676593,44.82666732498973,0.006639011205356,0.99997796152226,-4.744624673660698,-0.00560052119649,0.999984316958185,2.50972878892279,-0.004073635348341,0.999991702713102,110.80418137781989,0.00593825415339,0.999982368413368,,0.0,1.7926025390624,0.0,1.7926025390624,0.049999999999996,,572.6930786132895,,895.3125477410341,,743.026653939529,,21.477344130670645,21515.451431274414,0.458291521113513,1295.430314,180.0,7.571118552341318,1940.310525,6.357367038726807,575.7258587151306,-1364.5846662848694,-70.32815875102617,70.32815875102617,True,0.32939684,-0.06411174,-0.06045113,0.03764415,0.080773346,-0.24206069,0.15952557,0.10517899,0.31077343,-0.19321254,-0.022118248
56,Tomar_03082019,2019,1845,p,2019-08-03 19:30:00,2019-08-03 20:00:00,215.8125,215.833333,"airb,fops",1,1,43.5,87.0,1523.429405,2190.889462,15984.224165,23419.69548,4.0,0.5,4,192.89898897058825,-0.648658321550036,-0.761079747387808,31.0,4.0,0.0,0.0,100.0,16.0,223,18.54594594594595,0.100389078669249,0.146193384399767,0.05463573858142,0.070128409564492,0.113663348555564,0.170428466796867,21.549951171875023,16.672509765625023,73.79605814008313,672.9770558249947,999.4981250000001,1147.569580078125,16.596170243365883,12634.800657677184,2.323959350585938,56.34605472946143,853.0640217119965,92.8363085983463,18.774489484174655,-0.619824233022731,0.784740670640807,31.720588682824125,-0.579748720523668,0.814795324637525,,,18.102874755859375,19.593475341796875,8.945556640625,-7.338775634765625,-37.44586181640625,80.383056640625,30.521581649780273,28.739456176757812,12.167689323425293,34.960445404052734,47.31626681735332,16.62292997544188,12.121870510115995,35.994112384026074,47.447141549397,-0.327528926151396,0.944841152011338,-0.71711292407889,0.69695699588929,-0.998475891318551,-0.055189622716815,-0.93868804233658,-0.344767688704029,-0.906402796182498,-0.422414454147285,-0.111678898410974,-0.067758374169357,-0.03304416128646,-0.008612604636405,-0.020671829475458,5569.84130859375,14989.630859375,31054.974609375,57478.04296875,94267.0625,-7.693026000346801,1.626461816429698,-6.851748405485549,-6.358890375092436,-8.39199967909225,62.14519071498924,0.013915756809974,0.999903171168292,-3.077667422212131,-0.005760546884925,0.999983407912145,2.743995681195656,-0.00400555886607,0.999991977716907,118.81521647097301,0.010192734274317,0.999948052734747,,0.0,8.2165527343744,0.0,8.2165527343744,0.074999999999994,,482.9316528320412,,929.7445190106381,,753.2141620197066,,23.866446397518445,23658.132553100586,0.236215956825437,1295.430314,210.0,7.692519218876668,2190.889462,6.147895336151123,466.73193163279495,-1724.1575303672053,-78.69669192681549,78.69669192681549,True,0.33358088,-0.14999801,-0.06769399,0.067128256,0.055985253,-0.22840428,0.16926637,0.060504694,0.29625908,-0.298741,-0.024035288
26,TorredeMoncorvo_18072017,2017,312,p,2017-07-18 14:00:00,2017-07-18 15:00:00,199.583333,199.625,sat,1,1,268.5,268.5,2702.993068,2702.993068,31037.902587,31037.902587,1.0,1.0,3,730.7121354656632,-0.983830550793845,-0.179101779233707,21.0,7.0,0.0,14.129353233830846,84.87562189054727,14.0,236,21.041578947368418,0.195425285561027,0.263594677395804,0.149002418969385,0.169608710630711,0.207468454167667,0.299663138684046,31.760664008430204,6.380241239143502,20.541249542864392,3721.295930470325,959.525469973631,4011.6863250841348,6.446461037900809,55867.91202887671,2.252479977494923,59.72528691551238,702.5790244973255,96.11449569297896,14.990591368504445,-0.865280149622125,-0.50128860217435,23.570332333812164,-0.84958645043745,-0.527449394002016,0.001109705874418,0.001109721774587,28.520888491921077,19.049296775518243,8.544336820528397,-11.554865681065339,-38.21160361978843,23.00002406787705,35.01315230869153,13.148424007712208,57.46313148883402,75.63896430731756,18.54780076429386,27.71811294090389,55.49171718888344,62.85276450637921,37.06753896361277,-0.864060232601407,-0.503388432958886,-0.733784163592352,-0.679382661878468,-0.566730353913348,-0.823903335321111,-0.619007985221479,-0.785384691875291,-0.825210895215661,-0.564824732476693,0.018363960666511,0.066488472184333,0.029418247437005,-0.023508657537093,-0.001933132766142,5202.279855530262,14716.49685012923,30717.568393815993,57007.091477582675,93594.84185216237,,-10.334882739799868,-6.75975696671779,-7.848564078219312,-7.43025528534293,8.898452988483982,0.000156741474372,0.999999987716055,14.62839575073508,-0.002936450277457,0.99999568862059,8.797327754864066,-0.001261146775241,0.999999204754089,68.54891626943294,-0.005088026582945,0.999987055908971,,1.958415090201,0.0305350427922,0.283684878762,2.2736159299833,0.0,,1813.9129230908154,12.796689540181433,661.9345177418737,,634.7842877417945,,9.17297093817343,9290.092118393077,1.634419777726718,,0.0,7.902484873550101,2702.993068,7.700558185577393,2208.5810039789126,-494.41206402108764,-18.291281242053397,18.291281242053397,False,0.2888084,0.35194212,0.09190735,0.020085169,0.14187047,0.05084881,0.049873624,0.121519804,0.22010548,0.1087597,0.04966858
26,TorredeMoncorvo_18072017,2017,313,p,2017-07-18 15:00:00,2017-07-18 23:00:00,199.625,199.958333,"sat,fops",1,1,1264.25,158.03125,1180.266481,1050.335846,13177.693304,13795.783415,9.0,8.0,3,765.0081773399015,-0.158532740083984,0.987353720974132,22.0,7.0,0.0,11.777827347758198,76.46665179567253,17.0,233,20.61338595106551,0.195374511178589,0.26394608035898,0.148821952436747,0.169969099099528,0.207310366245994,0.300227333893579,25.528751857632,11.516733270543648,45.875588800773585,1990.5735100164488,959.8199880120584,4066.2047770833838,11.075524425114846,27327.144757123715,1.200699126542808,59.91456062609441,692.0855949225364,96.20182203799048,12.02444173690988,-0.995340770861504,-0.096419654950782,21.97385806453519,-0.995198699368902,-0.097875169345686,0.027477538860233,0.026036238211265,23.42766899932626,16.049057050705386,7.647658797619771,-10.668744969326319,-37.278119707466075,50.23407393245906,56.076527369188085,22.8511112394002,56.213204901181385,51.686676812546544,16.464475183550835,24.55231923599711,43.32509828951807,55.62804572170367,49.50661468438597,-0.996122659095275,-0.087975269462272,-0.940978330019291,-0.338466811421897,-0.704193730486419,-0.710007880198256,-0.726909134436625,-0.686733653079996,-0.910121970318546,-0.414340438701664,0.028514930213895,0.055722017981378,0.063419598916211,-0.03222031704371,0.029366134543272,5287.510345258727,14670.352134105338,30622.141484365216,56888.55162305722,93522.89133013877,,-8.051137713149252,-5.406152009602883,-7.152396650365353,-7.417053344720113,9.38698982570067,0.000936939512302,0.999999561072079,10.820180997529363,-0.004667550461679,0.999989106927014,7.855077423051664,-0.002259855264589,0.999997446523831,77.09739769528879,-0.000701229466565,0.999999754138587,943.9872905505047,0.0014023647361,12.0500993216749,1.7081973374421,13.4636376976798,0.163024075570798,,1133.4717917436897,148.17841748426204,785.5357594136894,,724.9966575749108,,14.618463118728585,8415.127521506363,0.998298372841759,2702.993068,60.0,6.957816868832994,1050.335846,6.171909332275391,478.09999443588316,-572.2358515641167,-54.48122652800681,54.48122652800681,True,-0.2545827,-0.085663594,0.16881241,-0.04619919,0.19987488,0.08762209,0.09024795,0.15075979,0.1402675,-0.03865352,0.010742912
158,Trancoso_09082025,2025,3156,p,2025-08-09 16:20:00,2025-08-09 18:00:00,221.680556,221.75,airb,1,1,331.25,198.75,2080.834684,2080.834684,13541.573589,13541.573589,1.666667,1.666667,5,671.0486583522298,0.715679363368867,-0.69842898625983,22.0,,2.366863905325444,73.79543533389688,19.78021978021978,8.0,234,14.1080547112462,0.211706022307277,0.286818177525767,0.11355372458696,0.163376524448394,0.235344710350037,0.326560058593752,35.88369140625002,8.057031250000023,18.28573936052769,4813.9153219482905,947.6796875,5859.6865234375,5.731919933685708,33951.79157312397,5.055107116699219,52.00947918347826,713.4619114753062,95.30825131621997,6.787895448075557,-0.054220338984721,-0.998528995493061,6.124393989808694,-0.096514711038325,-0.995331558101715,0.034287417922415,0.034717339523444,34.816741943359375,25.818023681640625,9.707809448242188,-6.742202758789062,-35.260711669921875,18.50369358062744,25.753806114196777,58.92587661743164,10.504414558410645,17.138765335083008,5.376507873843697,10.095760887638924,21.043004525055938,22.905170774270413,25.002906332022718,-0.056198256522682,-0.998419629195966,0.503839852456444,-0.863797084433994,0.859024074501994,-0.511935190650138,0.560489452741991,-0.828161562356635,0.991614648606691,0.129229983628528,-0.006357585620109,0.517970097594614,0.456931419634341,-0.110955583320621,-0.135267468029841,5764.001220703125,15477.48388671875,31749.025390625,58205.65234375,95188.05859375,,-9.818909094476803,-10.36663950801671,-6.423586949986556,-7.949202263763353,-8.456618291576262,0.034138559007031,0.999417109513802,6.50691802845797,-0.009282842982565,0.999956913484857,3.528870311991732,-0.002974455408829,0.999995576297726,16.227866052545355,-0.01386713586072,0.999903846648777,4122.99048828125,2.9301147460941,0.0,14.9788818359362,17.696289062498998,0.0,,2751.1635913085647,1362.0542431640697,632.80465907283,,938.1969105054229,,9.368048623890417,2922.972559928894,1.045049102097598,,0.0,7.641004843524771,2080.834684,6.74904203414917,852.2409951561951,-1228.5936888438048,-59.04331075845355,59.04331075845355,True,0.2706957,0.10228694,0.13559616,-0.06269604,0.1816842,0.07924016,-0.022074793,-0.099833675,-0.21371065,0.14308809,0.072982386
158,Trancoso_09082025,2025,3157,p,2025-08-09 18:00:00,2025-08-10 03:00:00,221.75,222.125,sat,1,1,1011.75,112.416667,544.316832,350.395634,5105.073744,4057.718277,10.666667,9.0,5,719.7533959002222,0.654733321909835,-0.755859958709887,22.0,,0.806451612903226,41.20967741935484,53.27956989247312,10.0,233,18.19589515331355,0.211983286979525,0.286242701301422,0.114246900703895,0.16401094971927,0.23547736734612,0.325533396709834,27.630437174536677,15.497211295533901,51.70648520150269,1997.9372611951499,947.8123692199517,5950.5427370840325,11.79325487028406,11596.807453145602,4.220679099906846,55.50828773004555,718.4102954208637,95.34421795509371,4.094633588226277,-0.992180683747799,-0.124809818515011,7.259372286443781,-0.929763963494451,0.368156179069549,0.162864067906104,0.255835702606484,29.517133171883692,24.758408536991805,10.31705033717811,-6.803938285761689,-35.25927816413954,49.33789103671575,30.3104552499752,52.526057751875314,7.818949713761789,26.503595058734113,4.410042709368928,4.722552688531284,32.12746036993507,20.57672367411824,11.384898574356203,-0.99943286557739,-0.033674132561471,0.909038638342256,-0.416711835686075,0.742850870793181,-0.669456931969349,0.371952894133025,-0.928251606271741,0.935007597810055,-0.354627680867513,-0.006783789193258,0.127246871880687,0.143264881785646,-0.032353431027087,-0.034972786826967,5893.944963467872,15531.12096252433,31797.848405028715,58290.68206837319,95259.01628611675,,-5.192459996711383,-9.29276000273454,-6.68559741506917,-7.931594631480044,-1.304286213352126,-0.005685617317246,0.999983836747236,11.991595930045712,-0.015493780038837,0.999879964185756,3.229708843570639,-0.005752947553371,0.9999834516603,46.05888239938768,0.037214156449909,0.999307313372479,3997.08289104195,0.8929406778983,0.0,2.3404993539268,3.2068472185669,83.68689313948066,,288.6214532560798,239.61260310709272,797.7718223075589,,948.358514048851,,17.276960119004524,4666.366916100517,1.71543054638048,2080.834684,100.0,5.861912751088446,350.395634,6.024962425231934,412.62609982626606,62.230465826266084,17.76005742875954,17.76005742875954,False,-0.4023085,-0.13236195,0.15531375,-0.19129266,0.034269832,0.15190598,0.04044439,0.022793086,-0.2258549,0.0046196687,0.33515072
158,Trancoso_09082025,2025,3158,p,2025-08-10 11:00:00,2025-08-10 14:30:00,222.458333,222.604167,airb,2,2,1479.25,422.642857,1510.486456,1510.486456,19372.357735,19372.357735,3.5,3.5,5,762.4757996276866,-0.952550326563732,-0.304381135031931,32.0,,0.87532023911187,6.169940222032451,54.59009393680615,20.0,233,19.52170945945946,0.210450590096101,0.284692040041693,0.121834610889502,0.163475829931229,0.232767004233719,0.323973230489096,35.25705004783224,10.762029758672803,22.9876867302471,4404.860696043843,939.7479614682744,6705.571026824346,6.424645017069887,60141.73796954779,4.131559446267721,58.764095521525554,722.3554488348211,95.25861215593292,12.942471283008413,0.111165788531243,-0.993801875355559,13.815764179753291,0.094404116740811,-0.995533958608338,0.028699930773391,0.033909349667934,33.610613903663086,24.515075024566958,10.251956132031516,-8.029872525792879,-34.900026331392915,23.837994830386315,32.70815186648186,35.066269894083725,7.81872676444109,17.66327698907135,10.031991554119362,21.624054275881043,39.329092201472385,14.16227983435514,21.79415346784652,0.09568772225525,-0.99541140229033,0.1258377647304,-0.992050833862689,0.307104970987765,-0.951675646843295,-0.658734154188659,-0.752375779850303,-0.710835953573487,-0.703357837169154,-0.013439178987442,0.069568430764139,0.036108351536992,0.000394859230145,0.008219641476971,5939.581626417794,15620.967810047348,31864.549187024346,58378.40944390696,95269.42360430489,,-9.92455445561049,-9.178066143426225,-7.138895370429918,-7.489742473028223,5.9134318604756,0.000511805704492,0.999999869027452,12.264990491261615,-0.001220607596643,0.99999925505827,0.655845795112104,0.00307181737988,0.999995281957862,34.156166617298254,0.000118684414364,0.999999992957005,,0.3016464851707,0.0,0.3747128788175,0.5311467957297,3.59200940531149,,2260.3956151663533,640.8128124175431,659.1298060430265,,931.5306178213825,,8.583044718760874,5106.671101947828,1.224769003735738,,1120.0,7.320848853544235,1510.486456,6.899988651275635,991.2634546166829,-519.2230013833172,-34.374555251445244,34.374555251445244,False,-0.0020839728,0.34069413,0.16836487,-0.09505165,-0.0053574913,0.14369684,-0.0311773,0.097338274,-0.0680304,0.13758099,0.0006940356
158,Trancoso_09082025,2025,3159,p,2025-08-10 14:30:00,2025-08-10 17:30:00,222.604167,222.729167,airb,2,2,1799.0,599.666667,1243.508947,1032.40554,15328.409937,10364.00535,6.5,3.0,5,804.6454482279361,-0.974578764586679,0.224045155307368,22.0,,0.97760958688111,18.006937874487544,72.7530747398297,15.0,233,18.76654464780921,0.209752766332466,0.284524097586555,0.119421145106641,0.162643615219059,0.23227517635972,0.324085648514644,35.76728754715261,8.847317872635303,19.447772480047064,4719.84509999979,939.8369478744545,6598.212345104286,5.899272757611045,64178.85080403625,4.793416182540893,59.12716096746768,722.5025062905205,95.28571167741298,13.096716124159768,-0.560970661503741,-0.827835682325941,17.393511898030685,-0.645840302934401,-0.763472529371949,0.030836914385812,0.03216922262177,34.785961399653424,25.545092558878142,9.958260193796356,-8.235289518305736,-34.48163007608028,20.734879641960617,29.991588664540142,56.896911514079115,17.277887570648275,20.499812835959528,12.534938607848053,20.075077798237622,26.153046012154324,21.175690532568055,27.319746231327883,-0.63800988141007,-0.770028175603405,-0.438402312887867,-0.898778844908228,0.203983768471142,-0.978974270448571,-0.816795172117494,-0.576927765673965,-0.677333593848215,-0.735676017445629,-0.027070949073492,0.307509917934393,0.064408800826129,-0.026494111458112,-0.025699711194419,5805.081469194519,15520.825378821415,31793.26107431442,58349.75606365014,95249.95786083804,,-10.083130559554311,-10.029852481148822,-7.104423208551644,-7.315861794440423,7.152723155343746,0.005529454131523,0.999984712451649,5.156740384704768,-0.007027961203679,0.999975303575703,1.456208953798027,0.000728556753933,0.999999734602493,48.04042739621624,-0.004931048705641,0.999987842305426,3831.997778569652,4.4422635279933,0.0,1.3210145178103,5.1227486099148,36.60628379854877,,2646.664838686938,560.6023124782644,635.9737743008546,,925.7417935097579,,6.882563714194165,9759.168185654757,1.111488874673759,1510.486456,1330.0,6.94061497678317,1032.40554,7.1325364112854,1251.0486531962629,218.6431131962629,21.178025952501468,21.178025952501468,False,0.092012465,0.3579408,0.10980032,-0.053981632,-0.00051419996,0.10115885,0.108854644,0.053602576,-0.027223306,0.107557416,-0.009233957
158,Trancoso_09082025,2025,3160,p,2025-08-10 17:30:00,2025-08-11 02:40:00,222.729167,223.111111,sat,2,3,4177.75,455.754545,801.002433,804.86999,8252.619805,9315.38016,9.166667,9.166667,5,734.0707493570959,0.964980579078836,-0.262321333483713,22.0,,1.858040368934634,13.728111215078197,79.25411041304639,12.0,233,19.26485543608124,0.21282281365048,0.282720071279579,0.124325663167025,0.166620098362235,0.234902495239887,0.319702747273811,26.612379153331794,14.969633432630452,51.11720316328498,1849.431776165678,943.7048566709551,6346.708306354976,11.651916431876364,14965.31014748878,3.442317652944053,53.977048146384696,734.4959730991137,95.46972545581336,6.184897578552031,-0.999056505112981,-0.043429248110413,12.405572221647573,-0.988620993816346,0.150427825170676,0.062920778018753,0.078476376337511,27.584961319648617,24.406982511001903,11.522347205113796,-9.287745664583182,-34.89620747389009,50.9224562874936,30.278106478558843,29.190683376611716,50.51251257371004,15.328719117765335,7.364337989843857,24.172470783532113,26.096793714272632,29.472948479311437,48.50702411424428,-0.999700435310186,0.024475286323662,-0.669163205666245,-0.743115471634439,-0.353268661691363,-0.935521914583936,-0.767248742749485,-0.641349644694168,-0.35722007172566,-0.934020246223986,-0.011272557716803,-0.014604197054242,0.050378241982426,-0.059763557946471,0.100776245458892,5942.776499788396,15531.59108278815,31819.71103150258,58353.187486969255,95155.67509977988,,-3.467636625431563,-8.291036200592478,-8.12616059510623,-7.138060521339988,-6.076992463006659,-0.006031521360603,0.999981810209604,8.669157491231436,-0.007792823323718,0.999969635491321,4.644586692239263,-0.001684843275023,0.999998580650562,61.56647730305968,0.03399320988424,0.999422063835778,6928.006133397953,11.5717017065254,0.0,1.9117430963831,12.079238353588,189.77314519460722,,276.98196525754867,127.00919114303883,797.6605961712675,,864.2394830749996,,15.271369246988364,10450.76805410196,1.711982995726783,1032.40554,1510.0,6.691922426766415,804.86999,5.646170616149902,282.2048864685079,-522.6651035314922,-64.93782971477073,64.93782971477073,True,-0.35611215,-0.14043492,0.16382499,-0.06838897,0.020550527,0.08501062,0.12317282,0.084581435,-0.0843542,-0.03034513,-0.016073775
158,Trancoso_09082025,2025,3161,p,2025-08-11 02:40:00,2025-08-11 09:30:00,223.111111,223.395833,airb,2,4,464.75,68.012195,242.198347,244.700906,1977.953171,1998.390731,6.833333,6.833333,5,653.0061662198391,-0.936906441580169,-0.349580204996772,21.0,,0.0,78.16030123722432,21.839698762775686,7.0,234,15.819088937093277,0.209635719902291,0.285437659111805,0.112281421028957,0.161727091299237,0.233074071190867,0.325544505254405,23.985145244762627,15.33975055884875,59.98517986428926,1267.6905560832226,946.9987343086852,6025.750621245219,13.795758165547323,2793.3137913251676,4.209845454584335,49.29121554392669,732.2891925299822,96.39786925911312,2.015176402455755,0.238619835283362,-0.971113059437129,6.94771842549121,0.870272927990075,-0.492569823281514,0.102061004947795,0.097409169998049,27.04294382649388,25.302268387496074,10.882577478327407,-11.019218650565412,-36.46852499044183,61.19416880299983,19.473410294357045,38.50035205705205,83.41587196904257,20.65094975842145,3.112930384852028,16.847294848474707,40.79849361570758,48.628267749082504,55.94720372718516,0.789779356640781,-0.613391039895493,-0.932297080520039,-0.361693452600143,-0.993944398221605,-0.109884181044819,-0.804429624148761,-0.594047960851549,-0.581336467636261,-0.813663266588946,-0.012214452414619,0.019776292557466,0.069942933729122,-0.084806525631943,0.074793965917605,5907.326994229731,15496.971130771868,31776.774551262457,58174.34234982565,94709.83290174197,,-1.89932981580462,-9.278817482295134,-8.552461239796983,-7.093697787585937,23.50613471642314,-0.012037370724183,0.999927548228395,14.982379785102893,0.016010789990032,0.999871819086774,8.791248417291065,0.005911490790846,0.999982526985662,30.200808545659005,-0.018831294831046,0.999822675445494,6401.73108206271,17.0345947429875,0.0,8.1629054214426,20.445890594004,174.98249550356516,,76.24499614876522,125.25970924220314,834.8581617707829,,880.0489558064304,,16.381254175306857,5419.84821992448,1.536261052046035,804.86999,2060.0,5.504114966944022,244.700906,4.906627655029297,134.18276193906624,-110.51814406093376,-45.164583109853204,45.164583109853204,True,-0.31089014,-0.25386703,0.16207437,-0.14500876,-0.14344887,0.09561409,-0.11377204,-0.10506847,-0.1769651,-0.18290854,-0.028801145
158,Trancoso_09082025,2025,3162,p,2025-08-11 09:30:00,2025-08-11 18:30:00,223.395833,223.770833,airb,2,4,1236.75,137.416667,169.144039,214.372847,1631.073719,2001.258059,15.833333,9.0,5,667.4281092012134,-0.214360893927424,-0.976754527583382,21.0,,0.0,78.83817427385893,20.643153526970952,8.0,234,14.830353697749196,0.211149990006308,0.28534647649935,0.121193754063039,0.163774026080697,0.233713724645763,0.324603876760219,35.63216897400206,8.161874304689372,18.870055661195902,4740.690375729226,942.7676904961492,6289.828273658461,5.835370561200043,28922.584342478593,3.776730688049523,48.535279006403144,732.0844868049203,96.30388343662699,5.311247992890914,-0.76321243639365,-0.646147643293751,8.31915777442818,-0.962874699596704,-0.269948722679988,0.113654649923872,0.142935494105054,33.506081152066386,25.07907038940593,11.525609013306887,-10.69351393469978,-37.15459171295256,20.797879149449006,28.019676281792083,39.59644695945018,54.68538374458619,33.86839773579138,6.453676841731181,8.756282281560848,37.315019033649314,44.786654109247664,36.5402266155426,-0.982555121115881,-0.185971594521733,-0.731059370199923,-0.682313855379541,-0.586612827719114,-0.809867514075843,-0.931417689411062,-0.36395204059348,-0.85331630993413,-0.521393589527527,0.005715393576266,0.122677810270969,0.004547798271683,-0.018668798120836,0.04080841850808,5799.605336348673,15479.408081338383,31760.968126320953,58181.779513694564,94796.45947127455,,-9.195093146625144,-8.72141401326404,-8.676374607670912,-7.375717294055042,3.637467979960864,-0.00471911745265,0.999988864903239,12.3828782402754,-0.004146828562386,0.999991401869473,7.4609600665041,3.696692984e-05,0.999999999316723,22.888235016268492,-0.005172542563015,0.999986622312236,4627.197875610064,17.4340784279322,0.0,6.2375491126376,19.7926765232116,56.54197935517844,,1391.3409100649249,312.7853648180582,633.0690510503854,,925.690999783253,,5.633047317255262,9908.03761337448,2.405145108604267,244.700906,2470.0,5.3723706982804265,214.372847,5.64343786239624,281.4320137683226,67.05916676832257,31.28155813890113,31.28155813890113,False,-0.40726265,-0.053243496,0.12283501,-0.15260157,-0.16041261,0.096700706,0.08267591,-0.091048375,-0.18187007,0.16186021,-0.059234694
158,Trancoso_09082025,2025,3163,p,2025-08-11 18:30:00,2025-08-12 10:30:00,223.770833,224.4375,airb,2,5,512.25,32.015625,625.397413,566.217584,7033.925181,7103.622579,16.0,16.0,5,783.256753438114,-0.990898188074203,0.134613449815613,22.0,,0.0,69.91461577096936,23.254645906579608,8.0,234,16.631549019607842,0.211756326130998,0.28414400264966,0.134055780445339,0.165513993519545,0.232797892862111,0.322444360596042,26.053087150827793,13.624839781143557,48.85899565257316,1880.5700872331995,935.1248487493144,6968.183514674711,11.416960383019685,9473.698321125012,3.935666691234445,55.674555109266194,738.6138017462654,95.6140841776994,3.999710328158468,-0.511434377742029,-0.859322336066987,4.744386821726079,-0.571591368730819,-0.820538425177291,0.171118728455255,0.180411414208558,31.492223459984615,25.149540451997005,11.278207069528118,-10.928329633688438,-37.908006015089995,42.12910341327209,27.31617794709443,37.54337366505803,61.37175088562748,47.53067064695516,3.459734582148419,22.792683332492746,36.946882606918955,43.69348070635904,49.94785041626834,-0.615458765217637,-0.78816908612098,-0.474826480145884,-0.880079436046696,-0.671080685073984,-0.741384322818221,-0.766481809829009,-0.642266015916494,-0.547042246996669,-0.83710499938827,-0.011090289287474,0.037684633251258,0.081219927076446,-0.052594346618429,-0.003646573861846,5689.720266603,15341.365213191337,31635.136873013384,58010.487431986716,94529.66927505941,,-6.92078872337291,-8.925959058536911,-8.671459788352507,-7.520270615653336,6.220700163961052,-0.004693034550876,0.999988987652716,13.790957854758776,0.00066444477208,0.999999779256548,7.973235343409837,0.000806430081386,0.999999674835209,19.25105413584409,0.026005720925527,0.999661794047939,4957.744637121357,24.2379360072852,0.0,8.7101017438232,27.9021390086739,97.43551870944464,,96.3143722112445,70.37243908589267,781.5100622531187,,947.9740088623187,,13.894890179211341,4882.289051830799,2.060286210607629,214.372847,3010.0,6.340742976147821,566.217584,5.058821678161621,156.40493333617763,-409.81265066382235,-72.37723840519625,72.37723840519625,True,-0.46706018,-0.16013265,0.1400295,-0.17894076,-0.16040002,0.104622565,0.17079686,-0.10067833,-0.19696571,-0.051708676,-0.024750864
158,Trancoso_09082025,2025,3167,p,2025-08-13 06:50:00,2025-08-13 10:50:00,225.284722,225.451389,airb,3,7,215.75,53.9375,349.839976,250.321675,2866.599559,2060.943158,7.333333,4.0,5,676.3600057670127,-0.735067263022558,-0.677994187904679,21.0,,0.0,97.52650176678446,0.0,8.0,234,13.816619047619046,0.214604278389274,0.287474969095407,0.139569814639373,0.165094651718658,0.236339603477221,0.326030890103943,26.270113032728673,14.515660812245752,49.423630944716535,1799.7979550979314,947.6072319912125,5734.051147594367,11.292368575502934,4111.676018225341,3.910677808390154,36.46336795251321,749.6305158251822,91.22406555776173,1.939028661562417,0.936318579844492,-0.351151700890076,4.855235907629513,0.627182010390663,-0.778872727627773,0.138691284068955,0.147400615766408,26.890564561622305,22.2315390814139,8.410183464633592,-11.912311556765204,-38.26431518299703,49.31707751653289,37.16659319403931,48.07667219624841,65.91520223785162,32.80802250667254,1.93475797534051,31.422594286261976,34.19998577556639,54.12098982707166,83.83047221913543,0.88541085885158,-0.464809220033023,-0.133049909355959,-0.991109338882634,-0.676991784458459,-0.735990573156852,-0.929716427504973,-0.368276206708213,-0.999336068557328,-0.03643380408882,-0.005511621198005,0.035300105978727,-0.098083344791942,0.079471649420607,-0.028082682109703,5651.343528172595,15187.858849829838,31323.614635645652,57528.88099296526,93998.77048367602,,-5.083673733138964,-8.893799245339917,-7.935757868606673,-7.345314144336913,-45.54447623630627,-0.224678938814067,0.974432847585396,12.83823168178888,0.012034100090003,0.999927587595734,10.23535963553108,0.007449584493006,0.99997225146045,23.525519430907796,0.048521157558107,0.998822154975159,3805.972148018749,9.0565058878111,0.0,30.0525730246492,31.775202197348502,203.48474226094606,,286.17737915003534,194.00752810411117,798.1032589222071,,931.0634294477588,,11.553663763411166,3423.5815961475946,1.688082213157386,483.837517,5190.0,5.526733692322341,250.321675,5.259763240814209,191.4359249304271,-58.88575006957291,-23.524031656297005,23.524031656297005,False,-0.083056405,-0.21402003,0.15907653,-0.15072633,-0.23027351,-0.06105372,-0.092773825,-0.1344751,-0.121569,-0.051651213,-0.0756059
158,Trancoso_09082025,2025,3168,p,2025-08-13 10:50:00,2025-08-13 12:30:00,225.451389,225.520833,sat,3,8,220.75,132.45,772.142324,773.518059,6190.576666,6201.606495,1.666667,1.666667,5,676.4455530216648,-0.927632729403484,0.373493667067385,22.0,,0.0,68.07692307692308,11.282051282051283,8.0,234,14.845342465753426,0.213645358415655,0.28780080888131,0.134963561231631,0.164002006120656,0.235774288672365,0.327036496958376,32.533130488986856,13.335849671519435,31.34716676189005,3364.4592028751667,949.3478470516015,5584.528719080454,7.817207297194582,28016.867553339285,3.209190066086014,36.79625619283618,748.099574165389,91.32495112065484,8.202195517362556,0.029381400613945,-0.999568273455077,9.597770683898414,-0.149057104995681,-0.988828589519087,0.001640786580079,0.001695751778875,29.711393251475577,21.348185019643278,8.929804887471253,-11.67792984493825,-37.68838595886132,32.30364972147875,43.15353026871739,49.776810544589,48.54552788463915,57.666471553717756,6.893722071059813,20.926564903344996,35.77439316963359,40.79202505525991,92.98631153999584,-0.183528275980594,-0.98301443118379,-0.293290120154455,-0.956023485809729,-0.662042537014474,-0.749466262872078,-0.910855941291167,-0.412724428904544,-0.999941079559412,0.010855294079755,-0.010416976953265,-0.055911546273722,-0.063999348601999,0.046381477881677,0.13390909411702,5665.495622176653,15233.77043819277,31371.18314365624,57602.15678332113,94175.05438344259,,-9.12547531528751,-7.99100919693899,-8.047141499342407,-7.250111752567836,-139.11834423467593,0.125236634999185,0.992126899773452,11.565642065383322,0.004130880799625,0.999991467875511,6.652516441604886,0.003498156408113,0.999993881432154,22.933149282567804,1.6871157531e-05,0.999999999857682,2906.4685673702456,11.7658576413789,0.0,24.1764141665955,30.243040939717297,174.99257123370654,-196.18403592081816,1214.0177414732157,341.6920592882052,717.903319221356,,923.0832575655345,,7.611561747381126,10368.432348003666,1.598528912454642,250.321675,5430.0,6.652240976563783,773.518059,6.371326446533203,583.8330644141873,-189.68499458581266,-24.522374413732035,24.522374413732035,False,0.29087788,-0.06900002,0.14855923,-0.012214607,-0.2144805,0.054448158,0.02504566,-0.101197205,-0.17343226,0.11795945,-0.030914573
158,Trancoso_09082025,2025,3170,p,2025-08-13 12:30:00,2025-08-13 14:15:00,225.520833,225.59375,"sat,airb",3,8,1634.75,934.142857,1787.262231,3030.883682,13616.887615,22228.432453,3.416667,1.75,5,752.628154152011,-0.979724378596035,-0.200350048626431,22.0,,1.250202955025167,66.74784867673324,20.522812144828706,8.0,234,15.077613219094246,0.214230055316357,0.286287226371121,0.139708115129895,0.166275682142067,0.235461936121432,0.324412713701683,34.13763315902783,11.474406060463728,25.318679705279173,3996.2005314725675,939.4224156129507,6376.717917363439,6.848939764604626,46779.097959527884,3.878469927731708,33.339674886726534,748.5619834155656,90.5539478483851,11.533534645322066,-0.407626039464961,-0.913148953867938,9.742044946579705,-0.49966304056632,-0.866219860019395,0.010799562931868,0.010906160804767,31.725171663865236,22.854849265185514,9.097909409722098,-11.094415718684978,-37.74391140589099,26.609095017063407,38.814309091258274,50.036977051239674,28.969476646506457,78.81643753697435,7.475131891148689,13.952732636888102,42.63641321860649,40.68261774178224,93.04091488272844,-0.523351783218762,-0.852116723812966,-0.401763991539979,-0.915743247368968,-0.771395599012959,-0.636355898710335,-0.834999758368429,-0.55025030988148,-0.997630373868969,0.068801432645413,-0.012234825793664,0.01257226221671,-0.094506687570798,0.086042330845448,0.085427030367248,5576.079102026792,15200.87053522623,31364.164072797983,57630.4811001262,94211.49933597259,,-9.678810552593317,-8.852348835895809,-7.884927655511429,-7.428236592067847,-17.001983593739126,0.017213074753082,0.99985184405368,14.77252687678045,0.002395555544519,0.9999971306527,6.686281255256704,0.001530855445876,0.999998828240115,21.95456862889256,-0.006509214692733,0.999978814837636,2730.331346590112,27.118549964254,0.0,5.9654319227939,30.6704052338373,163.03997282742336,-261.9934830731038,2004.6801523816307,390.64222856698075,675.7902068525445,,925.9381326539872,,6.677513979371462,11268.131890647473,1.281896076699731,773.518059,5530.0,8.016939382569902,3030.883682,6.521444320678711,678.5591782527582,-2352.324503747242,-77.61183702685037,77.61183702685037,True,0.2164145,0.18489306,0.14933634,-0.031174785,-0.1588668,0.11258595,0.1131694,-0.07690457,-0.14251368,0.13365728,-0.049627025
158,Trancoso_09082025,2025,3171,p,2025-08-13 14:15:00,2025-08-13 17:00:00,225.59375,225.708333,"sat,airb",3,8,778.5,283.090909,1173.189868,498.104068,8137.921433,4226.274657,6.166667,2.75,5,746.1443108974358,0.91588324644144,-0.401444739519511,22.0,,0.0,94.94229463679565,3.462321792260693,8.0,234,14.022145593869732,0.215857843999235,0.285756864494505,0.158156449356038,0.167524974548143,0.235564788735003,0.322740473222162,32.15759379035509,12.683085409503512,30.62467918781556,3322.295707744644,935.2549103983193,6703.117094341051,7.757947632131775,35573.918879113924,4.317308736083,31.923081698893597,749.9960658076196,90.23484861150978,10.385242532369581,-0.893448504344593,-0.449165637693278,12.358643103594853,-0.873162232817753,-0.487429702809252,0.020693830406592,0.018093947354044,32.290900650450226,23.648637979961453,9.014020507795458,-10.046516220763104,-37.47420317549187,26.53775604382163,36.50997576707511,56.91043851023037,19.027418568660224,91.93089833712146,9.306357580454632,14.636334034993187,41.381979491595864,40.47597431885423,78.77740996020997,-0.884413795786291,-0.466703586683115,-0.718451412909743,-0.695577146898886,-0.73219092361651,-0.681099443087132,-0.825920409065944,-0.563786730855155,-0.994967981010654,0.100193396806295,-0.011639322915944,0.015528478934571,0.029713507641351,0.17150545052256,0.073398030514713,5497.7020234060665,15143.377244864952,31322.303345958182,57651.19604287579,94322.84399959793,,-9.429964253143737,-9.417118945392462,-7.442974111409765,-7.645148345929493,-2.344552419178422,0.000584933159904,0.999999828926585,13.584215382846255,-0.001816252409164,0.999998350612233,6.275942928508969,-0.000320476655569,0.999999948647355,30.843700617074035,-0.004805567514968,0.999988453193765,3278.4187402434354,30.7255191104226,0.0,5.8883607655418,33.2818065833136,84.03689647716543,,2093.044751878255,1285.2558957961528,704.1219581449113,,943.5807889481813,,8.626055764808845,12230.396124840465,0.871671852167261,3030.883682,5635.0,6.212814627113556,498.104068,6.375309467315674,586.1671118580648,88.06304385806482,17.679647590845377,17.679647590845377,False,0.14792961,0.1352582,0.14329414,-0.030237699,-0.1654308,0.009111335,0.096926786,-0.12424268,-0.10719215,0.10103703,-0.03291777
158,Trancoso_09082025,2025,3172,p,2025-08-13 17:00:00,2025-08-14 02:30:00,225.708333,226.104167,sat,3,9,283.25,29.815789,97.935992,101.458354,810.653514,865.270661,9.5,9.5,5,704.4481907894736,-0.746487702977125,0.665399210477391,22.0,,0.0,89.9736147757256,9.234828496042216,8.0,234,14.244326241134752,0.215642735273372,0.28586809033578,0.15941108570355,0.166967678180001,0.235306592856005,0.323024362855572,27.13815943095282,15.378697595153024,50.145952823942714,1881.8435976986082,935.8010046505321,6655.9771903755,11.082629419691395,8093.771265800128,3.758966721936877,35.328189366073595,752.2179015482956,90.84838332835413,2.491689281283277,-0.982234431380281,-0.187657991599226,3.772872402406626,-0.82624203766396,0.563315271581472,0.283163321860171,0.361451445573807,29.423771267207275,22.994984111702525,9.47705066782877,-8.385919799997243,-36.32471585376043,48.960852526047645,41.04286277460874,54.92697982792354,31.781439046457667,75.1292144543133,2.889954256518665,13.145523683154302,43.90677659890949,41.52425165316992,71.93362110821727,-0.999860626392388,-0.016695142713431,-0.309636745232632,-0.9508549237406,-0.519564465461225,-0.854431253074226,-0.924083749224836,-0.382190037047763,-0.98948400531089,0.144642328638333,-0.007004002847418,-0.025445849924947,0.120183710651899,0.043001984038998,-0.007695561534785,5534.437904668084,15124.185161436364,31318.526127232897,57706.74286497823,94524.56503984542,,-7.014740858837014,-8.69855241375276,-6.975334883707691,-7.787614055470445,-44.01270156563304,0.278214751477692,0.960518897294689,17.355626896835638,0.000551237895128,0.99999984806838,7.557329169962746,0.002415681466947,0.999997082237268,30.809240417817847,0.075249132859518,0.997164764722406,5529.876327201651,6.996780320244699,0.0,2.7864306664655,8.7289622876992,204.2897337219665,0.088980357997818,233.81578172534327,202.40485039574,788.9397013929151,,946.3687190355125,,14.974295176535747,5414.487747175042,1.838012345369728,498.104068,5800.0,4.629456413576238,101.458354,5.275514125823975,194.49095763004004,93.03260363004004,91.69536066989619,91.69536066989619,True,-0.46645594,-0.16397005,0.13219531,-0.23180951,-0.21718936,0.025149135,0.10844068,-0.12592548,-0.17643091,-0.058356874,-0.06201608
158,Trancoso_09082025,2025,3174,p,2025-08-14 14:00:00,2025-08-14 15:15:00,226.583333,226.635417,sat,5,10,366.5,293.2,1309.711293,1309.711293,17852.092534,17852.092534,1.25,1.25,5,688.003193119891,0.971341503779703,-0.237688205502471,22.0,,0.0,7.880220646178094,34.751773049645394,30.0,233,19.90724043715847,0.212426173193353,0.285504816950455,0.147760228748904,0.164340051636096,0.232738258801875,0.324170766028286,34.9154897435642,10.055840575860357,22.057606125059586,4352.008176549427,934.5133405813128,6824.241374932702,6.334170246401564,66554.60611642229,3.990077768444524,43.6771014203484,754.0411159731397,92.34462632611304,15.289833429346826,-0.211815584645253,-0.977309653130158,15.62289702050167,-0.299121913339702,-0.954214902922814,0.00023142814272,0.000231445331429,33.52662231191199,24.584090635575627,10.603935098686577,-7.406957279526384,-36.576630077367504,23.455226605577472,34.2619762624838,32.557105001325,34.01748601927651,26.05993558998678,11.341165688490593,19.457577379636987,37.00811642790248,32.287798762963355,62.309923686595575,-0.328279147904334,-0.944580754118569,-0.197130159089774,-0.980377325511581,0.045753227970586,-0.998952772722651,-0.519973469128476,-0.854182411082374,-0.798283339287974,-0.602282085251788,-0.020624640009726,0.046511856033985,0.035559190877246,-0.014822543966933,0.018694692967094,5470.753831694011,15147.34334460536,31386.513459029098,57885.82624364775,94760.90532301305,,-9.75760136618114,-8.9959842009103,-7.033097105475074,-8.130706614444254,5.425517070823428,-0.002769793473162,0.999996164114701,10.725389088842334,-0.002682153839689,0.999996403018921,4.122444434359245,0.000847534434796,0.999999640842626,38.17770556894888,-0.001150256771986,0.99999933845446,3196.0011816406377,0.0,0.0,9.1602979765543,9.1602979765543,4.795187176212858,,2357.9885397055555,95.57181571325691,651.2822608479887,,923.9008613049448,,8.690897039611833,5671.316757507409,1.215586933085794,,7060.0,7.178325240595096,1309.711293,7.501658916473389,1810.0442950481402,500.3330020481401,38.20177811111995,38.20177811111995,True,0.27506834,0.3913347,0.19355181,0.0891104,-0.10667778,0.15452991,0.03346396,0.105232656,-0.04683046,0.13177347,0.22198877
158,Trancoso_09082025,2025,3176,p,2025-08-14 15:15:00,2025-08-14 17:30:00,226.635417,226.729167,"sat,airb",5,10,3884.5,1726.444444,2248.726578,3455.561996,29193.939117,49190.907741,3.5,2.25,5,741.5992796037821,-0.730855534687608,-0.682532187824494,22.0,,0.0,4.507536953022099,73.00600029269721,14.0,233,20.76930280421919,0.212873040723643,0.285227544313552,0.150498987362553,0.165644474798609,0.232712183195218,0.323510350445779,34.60704589563716,9.051181456180501,20.969233028570628,4338.191021275045,930.7860471664185,7163.812007969389,6.219172636264747,59909.00261230697,4.373874293576574,43.68598152986323,753.4148173820221,92.35392878588289,13.803451620458171,-0.134704529895331,-0.990885810588525,15.754048934483425,-0.266553086782214,-0.963820238388297,0.000271966170434,0.000272245659492,34.11635654321694,25.234220445662395,10.486471858509246,-6.924712142851872,-36.7979860830235,22.648701584397138,32.17913286608675,39.29959246159309,29.88922357812316,31.357131274453877,10.999679709146786,20.113028148855808,36.04076486830142,33.265964760818676,68.04934695527321,-0.278719519417164,-0.960372547241884,-0.145827293181197,-0.989310062904166,0.059356698592662,-0.998236836793844,-0.496602514483613,-0.867978077262642,-0.769255025877621,-0.638941863679334,-0.026030255476327,0.113887736378756,0.104601699030106,0.031685723164362,0.019366814822376,5427.032276717113,15121.971585230574,31376.161345971508,57904.550088813325,94775.005647196,,-9.691701014539978,-9.489916828103443,-6.79891619090429,-8.326827239503187,5.232097592127269,0.000114369915621,0.999999993459761,10.59110960062321,-0.002635991335273,0.999996525768805,4.41096594044102,0.000848377744741,0.999999640127536,42.67322877773573,-0.002664099605349,0.99999645128035,,0.0,0.0,2.9980478775008,2.9980478775008,2.490909636526977,,2508.5017922843563,88.92042666253701,641.9039426511799,,925.0565821336518,,8.790437142272264,5503.546775946834,1.177347289151101,1309.711293,7135.0,8.148029731286961,3455.561996,7.404046058654785,1641.6171280522635,-1813.9448679477364,-52.49348355050425,52.49348355050425,True,0.2079099,0.38898075,0.19408697,0.077918634,-0.10365708,0.13337396,0.05611194,0.1256182,-0.045896553,0.12479211,0.24231184
158,Trancoso_09082025,2025,3177,p,2025-08-14 17:30:00,2025-08-14 23:00:00,226.729167,226.958333,sat,5,10,8380.0,1523.636364,2727.701228,3141.991518,32267.49878,37080.922834,9.0,5.5,5,805.5607457121552,-0.99265105153115,-0.121011941121951,22.0,,0.017560495908404,15.688547044568537,65.59196431707231,16.0,233,20.48235006557768,0.214862222458454,0.285086855740685,0.161675633132274,0.169204568474044,0.233349956610618,0.322242746366205,29.81793755891429,12.151003701914675,34.78248809638815,2809.051495323252,929.7980801703575,7382.701389983514,8.549059649024583,11671.934868941047,4.68669659020939,41.80158168659511,750.3283812074989,92.0454080364555,2.199386860599567,-0.398856414911106,-0.917013391551214,2.8357783430745,-0.191791518699003,-0.981435689872306,0.350252278143146,0.77508501221779,33.14530506940061,25.3681381497366,9.99474496931782,-6.257319161614892,-37.437549335430184,34.8786043352917,29.229644928424246,51.429903553350904,16.670730425040688,39.06671612458711,2.117670177899948,23.053455708808535,42.82522287287814,39.658547325547524,71.04092459896565,-0.550011726330201,-0.835156931899192,0.190364698359856,-0.981713441701987,0.105921916173197,-0.994374450433135,-0.295263977111976,-0.955415712567058,-0.693017076066068,-0.720921169255583,-0.009455991343592,0.097506293560573,-0.049044576678996,0.065073935022726,-0.058098700820775,5501.791404806296,15186.400451719199,31453.47609191909,57969.44839640971,94802.38398339758,,-8.486019094698014,-9.892508119849188,-6.346289944829441,-8.691126070255313,3.093860270633035,-0.012937599555436,0.999916305756508,17.30100149361292,-0.003912914146252,0.999992344522139,7.477522082678758,-0.00034607495301,0.999999940116062,27.05895409877788,-0.098079601679063,0.995178572787053,,0.0,0.0,0.0460701688163,0.0460701688163,131.47513905519511,,421.68095392892565,584.4404388662086,719.2511386318502,,948.9239012030188,,14.540409207255882,4117.063738950209,2.386230726125258,3455.561996,7270.0,8.052930338098411,3141.991518,6.154894828796387,470.0173023991633,-2671.9742156008365,-85.0407838561465,85.0407838561465,True,-0.044866525,-0.12817733,0.14404227,-0.19412318,-0.122883536,0.19395342,0.056807663,0.106281556,-0.15575814,0.115107186,0.3413059
158,Trancoso_09082025,2025,3179,p,2025-08-14 23:00:00,2025-08-15 03:30:00,226.958333,227.145833,sat,5,11,2060.0,457.777778,785.736668,791.162626,9679.062204,9604.108052,4.5,4.5,5,857.3272483874894,-0.477390914356383,-0.878691023562877,22.0,,0.0,19.19019104647847,60.15112631879099,20.0,233,21.618845591816854,0.21863110689881,0.284650815290311,0.171372131284192,0.173787224077073,0.236305195351015,0.319581877931317,23.382669408365082,13.148585658503825,53.09748150472679,1379.4185103609975,933.6416187583993,7098.660007595902,11.918062653649597,6506.3080063102525,4.2919297280646,55.46411548894149,759.85678594476,93.80800716761048,4.969765843757396,-0.023081765924631,-0.999733580551239,9.819258911645145,0.414602684104304,-0.910002535344549,0.035651365700431,0.057905377574973,31.535584132004185,24.898396545119585,10.314537088990384,-6.567166399465404,-37.62540197993344,48.01758131594236,26.908186591855923,40.11408470244548,6.295828357427119,33.72318925576022,5.456764297694923,34.82172076006879,51.42008232710113,47.254999071286704,71.71789212218958,0.167843520875028,-0.985813649986788,-0.02585862152246,-0.999665609938122,0.023779133918103,-0.999717236417431,-0.18469690268007,-0.982795530179288,-0.614079227804228,-0.789244386726547,0.009686744328481,0.040755797988687,0.114808497104056,0.063570257946312,-0.107633005591158,5567.719652586194,15221.638503442548,31489.491491804907,57960.6054772028,94743.96630008095,,-7.242136009063401,-9.38445705481966,-6.592158647495472,-8.657121497974739,2.833726347961229,0.001480259427296,0.999998904415414,19.885424294276746,0.001371581992255,0.999999059380977,8.498244798229925,0.001395955295011,0.999999025653933,51.05495105288283,-0.064290862388616,0.99793120254521,,0.0,0.0,0.0,0.0,62.899788081207035,,25.098605133723844,4.588889717572095,802.8439986650163,,949.9837477095631,,20.138055601809363,5323.32533799472,1.897389580848108,3141.991518,7600.0,6.67476670659449,791.162626,5.959261417388916,386.32394783560767,-404.8386781643924,-51.1700963695917,51.1700963695917,True,-0.08639092,-0.18967228,0.16378301,-0.058370087,-0.14556544,0.17869942,-0.095280595,0.109127335,-0.0821956,0.0017553824,0.3750484
158,Trancoso_09082025,2025,3182,p,2025-08-15 03:30:00,2025-08-15 11:30:00,227.145833,227.479167,"airb,sat",5,12,3887.25,485.90625,1898.622026,1778.159916,19919.566576,20259.836444,8.0,8.0,5,784.9280797684142,-0.81939105618802,0.573234940525332,22.0,,0.468366664188536,8.177830644561743,78.65586201769386,19.0,233,21.195513513513514,0.213921804992436,0.285678148691997,0.161010567553867,0.168323335840059,0.232365506579518,0.323644468109754,24.399873415387603,12.709969679152682,51.54787173912256,1682.9574926139917,932.7342369663916,7349.616069911444,12.249433695887461,18427.18913844209,3.198280599117952,60.178909935864965,755.1422980888333,94.35162331229188,8.409810761360347,0.116808544364567,-0.993154451212615,14.917890328688292,0.15001126634289,-0.98868428730824,0.009657065956526,0.012441459641768,28.63575026978942,22.83432158259196,10.43776038435606,-7.733901036871192,-36.533931137230375,47.20214212574987,25.50945761270448,35.21136918846848,6.714512666038075,29.699944461388025,8.52623319796741,47.457162356835006,52.00022575193246,50.77361993150373,62.20852105776481,0.168052188033216,-0.98577809982635,-0.124390846684623,-0.992233297799002,-0.141553709596685,-0.989930577010033,-0.379531996525885,-0.925178611735634,-0.667563832771061,-0.744552569786722,-0.012420024993426,-0.014338799262002,0.153141493981733,0.003603780343302,0.05818949021721,5746.241544399047,15305.24140416424,31537.29722486397,57957.14662768985,94759.55298971082,,-6.330201617713683,-7.976969096708906,-7.095876020996304,-8.027673016973804,6.344192341660332,-0.002754016956266,0.999996207688111,18.696989901153355,0.002881857898554,0.999995847438904,8.49435981475617,0.002247628206954,0.999997474080532,57.51152999179264,0.01385066864125,0.999904074888282,,0.0,0.0,0.0,0.0,3.07653969400595,,458.4900922402903,173.03671312765255,788.2346716197635,,918.7088547017377,,18.357456377110463,4630.802229415812,1.633406949815182,791.162626,7870.0,7.483896574575858,1778.159916,5.9811177253723145,394.88260899391014,-1383.2773070060898,-77.79262678003646,77.79262678003646,True,-0.27589077,-0.14787301,0.19304486,-0.03235039,-0.15848821,0.1034459,-0.030255299,0.12749474,-0.02673672,-0.008157052,0.338656
158,Trancoso_09082025,2025,3183,p,2025-08-15 11:30:00,2025-08-15 14:30:00,227.479167,227.604167,sat,4,13,754.5,251.5,2242.636017,1837.671156,21927.107906,17446.648513,3.0,3.0,5,835.2121765096217,0.834316898580589,0.551285146492146,22.0,,2.601021830004645,2.090106827682304,77.28750580585229,31.0,233,20.161675531914895,0.219210792575947,0.284026414956164,0.164936890660533,0.174191266796977,0.237618116947701,0.318320395051517,33.891841173187025,9.19116157447983,22.05384067745015,4117.104577755114,937.2397683605769,7022.949227813682,6.436030533459618,68551.75628433838,3.326455433289512,60.17741668523149,767.3930884651041,94.38901349769696,16.63462052015007,-0.101077634854038,-0.994878541196016,23.281488482904322,-0.142281717513334,-0.989826203361709,0.00124624795681,0.001249042955916,33.06438718186935,23.272782165675277,10.619871299096252,-7.931172481076672,-35.88867718765158,24.38269870131121,37.15308257190409,34.85540448995417,6.423997430520856,34.74749613868817,17.103524571091626,32.84498277863888,53.3362389357339,45.91116797968068,50.301281761600485,-0.146866513139411,-0.989156320971701,-0.035320830134589,-0.999376024806781,-0.075192291396537,-0.997169052525467,-0.421613833865036,-0.906775482185985,-0.731790453981181,-0.681529699618451,-0.044066420242929,-0.000280692952745,0.110403741227913,0.009002079898492,0.04710571415679,5805.408038512498,15458.986713726707,31687.419685991703,58128.986870194865,94934.52057352134,,-10.684063746281732,-8.141925599534517,-7.244021538416459,-7.792828874581299,-0.434888791638492,0.000329956928507,0.999999945564211,15.720641882312568,-0.000552393324154,0.999999847430796,5.891864916916163,0.001032510626958,0.999999466960761,66.93442169361698,-0.001421748902379,0.999998989314519,,0.0,0.0,3.3006244565044,3.3006244565044,0.0,,2002.5136338018056,462.1660265195942,654.2185034561431,,784.0245979011178,,9.921870647969948,8571.89156278332,1.536627284415061,225.631693,8350.0,7.516798391866468,1837.671156,7.406188011169434,1645.1393067634388,-192.53184923656136,-10.476947880905922,10.476947880905922,False,0.110164374,0.40523258,0.13988577,0.025193611,-0.116463184,0.14143774,0.037570596,0.123020604,0.14305258,0.11071467,0.32547376
158,Trancoso_09082025,2025,3185,p,2025-08-15 14:30:00,2025-08-15 15:30:00,227.604167,227.645833,sat,5,13,1042.5,1042.5,1406.761678,2715.836049,15447.050355,36662.981973,4.0,1.0,5,753.8966437381404,0.80084353495729,0.598873636518683,22.0,,1.595925297113752,0.98471986417657,68.59083191850594,27.0,233,19.973342830009496,0.22015408668717,0.283593788408346,0.167747854120385,0.17568441626267,0.238219457616087,0.317159768155,35.272007201640854,9.088430425904816,20.266855898673413,4541.364886365297,940.8339522148422,6630.98427845451,6.058557970258152,72073.70928778448,3.951397286500408,59.26905899038756,766.0829909033046,94.37633302670713,15.874988770697822,-0.217353051626846,-0.97609305445152,23.52424955760591,-0.305343439645636,-0.952242292625869,,,34.03016079105607,24.633690851943747,10.730896278942934,-7.876521227799421,-35.636135512902094,22.327116549350617,32.983654509844825,32.17747896527122,8.171513979458274,33.90098137648623,17.680158641623024,31.142691926602524,58.260149183581056,40.41776355828864,46.3975847259772,-0.315412240159432,-0.948954750637568,-0.177535166429834,-0.984114457103812,-0.160035379564279,-0.987111279080387,-0.36377911099193,-0.931485243257198,-0.70648083911232,-0.707732169656822,-0.060002638258005,0.049395599215167,-0.002518517967495,0.017625443966657,-0.087942799708078,5736.949982437003,15432.318339336773,31675.021011904486,58139.0949606596,94963.63720897688,,-10.252913965939152,-8.946203781295555,-7.266034989212486,-7.737669224010292,-7.22273169571353,0.001930201541649,0.999998137159269,17.6098126769005,-0.001290296888783,0.999999167566623,4.74607761053028,0.000139560899719,0.999999990261378,70.45295064881894,-0.004319306196107,0.999990671753484,,0.0,0.0,7.095101856462501,7.095101856462501,8.5e-14,,2635.919102838557,,643.226978167215,,838.8636629820683,,8.609459649037317,8843.916618820902,1.033943925374825,1440.210835,8530.0,7.907223264948314,2715.836049,7.856583595275879,2581.6817996322375,-134.15424936776253,-4.939703536859655,4.939703536859655,False,0.32001194,0.38083294,0.14533861,0.12429638,-0.10685797,0.20038077,0.033384956,0.10847448,0.16908687,0.13624293,0.30129468
158,Trancoso_09082025,2025,3189,p,2025-08-15 22:00:00,2025-08-16 12:00:00,227.916667,228.5,airb,5,15,41.5,2.964286,18.305917,20.68268,149.498321,168.908553,14.0,14.0,5,763.9552734375,-0.93620671595393,-0.35144983283928,21.0,,0.0,85.0,15.0,5.0,234,16.073170731707318,0.211191382000843,0.285460192463527,0.159924645225202,0.167227460940678,0.228998458385468,0.324755859375001,23.231542968750023,17.430615234375022,73.91442090330978,930.4627572884041,935.9694999999998,7345.34423828125,16.246613661557344,3667.52587943915,2.996341959635417,44.89358700396962,754.584426563891,94.40565020980655,1.37988402115625,-0.803138893123783,-0.595791841461349,2.111733467053998,0.0002549233067,-0.999999967507053,0.495205019544584,0.510466143884801,24.289377848307293,23.10319620768229,11.110512288411458,-8.941691080729166,-36.408772786458336,78.16042302449544,25.311278088887533,30.972108840942383,13.586635780334472,26.32890904744466,1.453619118924647,30.61223647067418,53.62063405654032,41.79194568944687,54.246145486352205,-0.672772724925141,-0.739849214770686,-0.486688915931438,-0.87357535399614,-0.386143066335884,-0.922438904383765,-0.60037254481933,-0.799720455801376,-0.747113185567783,-0.664696839131012,-0.001480631749185,-0.008429692466923,0.052939456790305,0.040768244971955,-0.015289002300044,5985.7640625,15517.98125,31786.341145833332,58206.06875,94922.65833333334,,-1.294296516469631,-7.717081171206976,-7.830211325036708,-7.656129174022875,0.485322211937657,-0.011131088457754,0.999938047515818,22.380321719607924,0.001016465782745,0.999999483398523,8.358462993640742,0.00137258342831,0.999999058006922,16.892691960542372,-0.047057129040142,0.998892199692489,4396.473388671873,0.0,16.9130452473952,0.1847330729167,17.0977783203119,787.633333333307,,188.1195980707816,133.98448726109214,862.4920971246015,,817.810871027167,,18.583756489308943,4481.439024209976,1.171872161660607,333.145886,8980.0,3.0765137851677506,20.68268,4.672762393951416,105.99289110153958,85.31021110153958,412.4717449650605,412.4717449650605,True,-0.5366544,-0.2537287,0.12735006,-0.25661397,-0.19487014,0.018855764,-0.073954806,-0.097578205,-0.16245633,-0.36106429,-0.06271894
159,Trancoso_14082025,2025,3211,p,2025-08-14 14:50:00,2025-08-14 15:15:00,226.618056,226.635417,sat,1,1,113.0,271.2,2165.25993,2165.25993,29388.995926,29388.995926,0.416667,0.416667,4,793.9988938053098,0.998538343564458,0.054047908669512,22.0,,0.0,0.0,100.0,17.0,233,24.809545454545457,0.222538901478051,0.28327557229047,0.169272118806835,0.176559581160544,0.241128251552581,0.315411376953126,35.03627929687502,9.807031250000023,21.543748277884152,4409.749210292827,936.6387500000001,6647.21533203125,6.253234339548974,62730.284222952956,4.108901977539062,41.83287947531637,773.3914695861814,92.03629320937667,14.225363219417048,-0.210553684325643,-0.977582296288603,15.24522823240546,-0.293138662943277,-0.956069936922937,,,34.1839599609375,24.88006591796875,10.662261962890625,-7.362945556640625,-36.60420227050781,21.721811294555664,33.726661682128906,31.195053100585938,34.10859680175781,26.76108169555664,11.358073316033867,19.168949546545612,37.86092796171467,31.620933640235,63.09940123587978,-0.323664545278221,-0.946171898826974,-0.195813922015163,-0.98064106988492,0.018848141979917,-0.999822357993611,-0.510818966182679,-0.859688306183153,-0.801979698548445,-0.597351289540874,-0.026012356001509,0.044808847918517,0.025545755633258,-0.016887669175725,0.022583835960531,5439.78076171875,15138.1044921875,31386.2265625,57891.78515625,94765.8359375,,-10.151900212409343,-9.148906778184857,-7.038687043877676,-8.150659797448899,1.73289456263189,-0.002933382735259,0.999995697623609,11.25894792857199,-0.002433809621902,0.999997038280976,4.091889478185977,0.000819181978314,0.999999664470387,40.53771187173286,-0.001733690146685,0.999998497158108,3359.509980468784,0.0,0.0,21.2803955078098,21.2803955078098,1.739999999999988,,2499.5866601562225,,649.2815885696921,,931.6629985797562,,8.753100216579696,5679.036617279053,1.097731180097356,,0.0,7.680757424977763,2165.25993,6.796868324279785,894.0399232648142,-1271.220006735186,-58.70981073090776,58.70981073090776,True,0.26407304,0.35177526,-0.08601144,0.102488786,0.12439834,-0.29089436,0.021625642,-0.011185816,-0.10443795,0.11717641,0.20895655
159,Trancoso_14082025,2025,3212,p,2025-08-14 15:15:00,2025-08-14 17:30:00,226.635417,226.729167,airb,1,1,739.25,328.555556,2507.434331,2584.645822,30894.560857,30269.619392,2.666667,2.25,4,733.4969532836832,-0.51544623515783,0.856921920983248,22.0,,0.0,0.0,96.82008368200837,15.0,233,20.967527173913044,0.222157909166812,0.283121587813519,0.167348391413685,0.176245623230932,0.240877695679664,0.315377502441407,34.72609863281252,9.344873046875023,21.246449105989516,4351.2772463472975,936.215625,6647.21533203125,6.244414316921343,57625.023771750464,4.409378051757812,41.83287947531637,773.3914695861814,92.03629320937667,13.232194409167322,-0.124862616872813,-0.992174040633836,15.50728593185894,-0.213190771643295,-0.977010590979512,0.000753127795094,0.000753711549627,34.48150634765625,25.342971801757812,10.524215698242188,-7.027679443359375,-36.770843505859375,21.765962600708008,32.041871070861816,37.88994216918945,30.939414024353027,30.688040733337402,11.217656856085242,20.060928257814,35.00673930090638,32.91615902492093,67.4008576880887,-0.232384588261769,-0.972623978286783,-0.115560909754238,-0.99330039571963,0.044088276937535,-0.999027639175553,-0.491794280500676,-0.870711425023711,-0.78500043049713,-0.619495217188415,-0.02904043263397,0.058210236330291,0.110525550893753,0.01175494417354,-0.0072587051716,5418.31640625,15127.23046875,31387.107421875,57910.453125,94778.46484375,,-9.971468975157595,-9.535608915981665,-6.853862669532428,-8.290560626218873,2.348464191653151,-0.000831449400811,0.999999654345887,10.05686044647624,-0.002036454954924,0.999997926423458,4.367264958307913,0.001021467750334,0.999999478301681,44.07459700911893,-0.002466652955249,0.999996957806972,,0.0,0.0,4.7109985351554,4.7109985351554,1.439999999999924,,2562.9374560546667,68.22600585938017,647.3739144990881,,932.3450639068687,,8.920515306818686,5611.77134513855,1.057172169242552,,25.0,7.857730590168506,2584.645822,7.237294673919678,1389.3275890312675,-1195.3182329687324,-46.246887012310054,46.246887012310054,True,0.2014578,0.37057272,-0.086280905,0.026998278,0.09924835,0.017388055,0.035857704,0.12795682,-0.07079165,0.109713495,0.1941913
159,Trancoso_14082025,2025,3213,p,2025-08-14 17:30:00,2025-08-14 22:10:00,226.729167,226.923611,sat,1,1,1433.0,307.071429,1424.982336,884.708378,13804.330009,7543.163742,7.333333,4.666667,4,710.715670085173,-0.862112906286272,0.506716229081562,22.0,,0.139794967381174,0.0,84.22646784715751,24.0,233,18.91706824512535,0.22229997009898,0.283012844364653,0.167153858153078,0.176526531052903,0.241011984037715,0.315136058261834,30.98864268510788,11.959190951654401,31.81336365722076,3105.2978144549006,937.3899289054365,6575.8970237815065,8.034126461556795,13942.461218416694,4.750960735156156,41.38151528474508,772.5589570011248,91.96738548124902,3.6485155551971,-0.051372712470006,-0.998679550413181,5.80077396347362,0.032615086598634,-0.999467986543923,0.073339935812104,0.109885404594828,33.78383289975244,25.477493087212995,9.975571616900682,-6.372102466091133,-37.300721973338725,29.804750351710435,29.274085487249515,49.97141889135039,19.137326665117726,39.18205033725652,3.327877591949677,22.4026506839592,39.562364535081315,37.529037217112254,69.71710862694859,-0.076514607188811,-0.997068460481396,0.148940575968706,-0.98884614821018,0.082422384006085,-0.9965974867592,-0.327821256516501,-0.944739765107801,-0.717718596610909,-0.696333265095721,-0.006479972718791,0.087332353344019,-0.04564310974189,0.052713015842485,-0.062399434905655,5485.946583307335,15187.365439677484,31454.74895369761,57973.62843766118,94817.17842238388,,-9.063423607128309,-9.975213813802398,-6.383624801035394,-8.620992526930886,4.252765759096959,-0.000765044456525,0.999999707353447,15.06768621516303,0.00131347653508,0.999999137389324,6.804507415155172,0.002123354514697,0.999997745680261,30.00170130514535,-0.01346135557417,0.999909391848134,,0.0,0.0,0.0501426153204,0.0501426153204,45.361904704543846,,530.0420333169628,825.2093387202964,710.7371051184556,,931.2154034903964,,14.461127121014112,3293.403744753763,2.368105230615092,2584.645822,160.0,6.786387751955625,884.708378,6.300684928894043,543.9450309280809,-340.76334707191916,-38.51702499328193,38.51702499328193,True,-0.05859161,-0.13429785,-0.09486448,-0.11575263,0.067321375,0.013222576,0.0028094358,0.05201427,-0.1844191,0.15289329,0.29101247
159,Trancoso_14082025,2025,3214,p,2025-08-14 22:10:00,2025-08-15 11:30:00,226.923611,227.479167,"airb, sat",1,2,145.25,10.89375,100.321316,102.501751,1448.832029,1440.730172,13.333333,13.333333,4,727.7004385964913,0.311526668634661,-0.950237409666337,21.0,,0.0,0.0,92.5233644859813,14.0,233,24.5564,0.222640824129947,0.283231622282102,0.166773896354892,0.176678866468941,0.241477901981426,0.31529024564303,24.072261868990406,12.81724759615387,51.37471119836401,1585.0077610192152,938.4208173076923,6647.21533203125,11.884380231604553,15413.248336675317,3.72717050405649,59.86163259943055,781.7051430846245,94.25923216903976,7.935972195993365,0.108783324491426,-0.994065484921689,14.68177242414052,0.224402232038166,-0.974496607616614,0.012979509705791,0.016772496882043,29.88427264873798,23.843954233022835,10.389613224909855,-7.185950646033654,-36.96460547814002,44.49420606173002,25.296595646784855,36.579010890080376,6.326948716090276,30.832094779381386,8.602871658813166,43.484023939764555,48.45642880147718,48.0278712020756,64.71796639019702,0.205922588930605,-0.978568284468752,-0.077571354718619,-0.99698680278483,-0.092185217856856,-0.995741876998594,-0.316381749986033,-0.948631956174667,-0.654783921003547,-0.755816126313286,-0.011064329632865,-0.01832139624573,0.077668510711282,0.025160937564694,-0.010850554030762,5682.088228665865,15285.212740384615,31534.828575721152,57975.76772836538,94772.28185096153,,-6.590865021067245,-8.657631799823122,-6.863105102851639,-8.300453264960149,0.080277416570652,0.000964768531304,0.999999534610732,17.182193802909133,0.002513244673642,0.999996841795618,8.092454341190043,0.001999527791891,0.999998000942307,70.27575081704533,-0.006356667824745,0.999979796182986,,0.0,0.0,0.0,0.0,7.607692307692489,,295.43974830627656,101.02323970794639,796.582639213122,,926.8031984782011,,19.191215204673384,4740.295905333299,1.700953136775815,884.708378,440.0,4.639588530436714,102.501751,5.658148765563965,285.6175548363043,183.11580383630428,178.64651291303724,178.64651291303724,True,-0.4879893,-0.15975374,-0.126726,-0.067614906,-0.012130292,-0.0062810667,-0.05532888,0.016262237,-0.065706395,0.0143305715,0.3494784
159,Trancoso_14082025,2025,3215,p,2025-08-15 13:15:00,2025-08-15 14:30:00,227.552083,227.604167,sat,2,3,375.25,300.2,2781.328728,2781.328728,20408.438951,20408.438951,1.25,1.25,4,673.0862154150198,-0.264314226571954,0.964436617736837,32.0,,1.592718998862343,0.0,64.0500568828214,22.0,233,17.647958115183247,0.224021656139095,0.282583374686631,0.169958772763626,0.179147019450077,0.242366205501563,0.313568410955169,35.324036825948674,9.194159108976917,20.353671690452078,4549.46902080014,946.2364767595179,6103.084204928562,6.064988323925709,73469.73183972077,3.891954923854739,59.625836137954416,776.0974555358976,94.43443542413168,16.159186844430835,-0.165865699058586,-0.986148350845757,24.139545185810316,-0.218078853260189,-0.975931152162242,,,34.094202048004654,24.305800583817707,10.521890736108226,-7.927108897526193,-35.797259837670026,22.16591561022533,34.00957260136919,36.79890940894052,8.138197329965347,34.33411491448962,18.652874019393103,32.411744487168875,54.91459491615342,42.487556045898934,48.02155263757734,-0.225123290165802,-0.974330284977801,-0.084579889005388,-0.996416701172675,-0.095666746213229,-0.995413418469418,-0.411752124134475,-0.911295884041373,-0.725160398752645,-0.688579985245653,-0.053712238881011,-0.044521014164501,0.033910690286208,0.00569447716493,-0.026833274524416,5770.107480129251,15458.148944399085,31696.306970484307,58142.62940707467,94952.85530962386,,-10.680568205581096,-8.869703551550012,-7.204174185127137,-7.768480029414604,-13.351016459071529,0.001422952787717,0.99999898760217,15.562786160856252,-0.001000245093419,0.999999499754751,4.998274469020302,0.000675417602103,0.999999771905505,71.04380874943914,-0.002509363697833,0.99999685154196,,0.0,0.0,14.973649620618101,14.973649620618101,0.0,,2594.8350795942392,,647.4651163951294,,697.3611472938209,,9.058137575519357,9327.152879168942,1.024186562700676,,1345.0,7.9310435279757945,2781.328728,7.6222076416015625,2042.0675156951725,-739.2612123048275,-26.579426044199245,26.579426044199245,False,0.3218502,0.35443273,-0.067248866,0.14472662,0.018841278,0.18346179,0.038478047,0.017144248,0.20069037,0.1329557,0.3186149
159,Trancoso_14082025,2025,3216,p,2025-08-15 14:30:00,2025-08-15 15:30:00,227.604167,227.645833,sat,2,3,583.0,583.0,1777.23693,2577.826111,10226.293527,28533.145682,2.25,1.0,4,621.4089702760085,-0.955975119225174,0.293447732011024,32.0,,0.0,2.089337175792507,48.559077809798275,26.0,233,14.633938356164386,0.223650080233003,0.282473233213667,0.168489895819348,0.178751950245556,0.242108163852891,0.313596594579097,35.60403656150992,9.137252106182412,19.96724329048093,4642.727156389983,945.4670942792843,6124.703173284976,5.985206944773452,73558.09519742231,4.054439950605544,59.6948965683828,776.3477815447854,94.43483439099894,15.853407874156838,-0.208069627356923,-0.978114016958939,23.90724084065748,-0.274440397012309,-0.961604112141648,,,34.25986672049571,24.806029266066655,10.697149364855568,-7.891994061807489,-35.617097638803095,21.60055126038506,32.28020072653661,33.23778969249866,6.729190042192256,32.762554753597676,18.47140292970465,31.913922207827426,56.68398459583689,39.353608306547734,45.94148068614308,-0.282195947494529,-0.959356788279347,-0.147611104203138,-0.989045480206007,-0.173689477011125,-0.984800469930636,-0.361663444250755,-0.932308721986811,-0.71629548572101,-0.69779708879853,-0.060035730987735,0.003734160821271,0.009456306917197,0.025046378933655,-0.115501120352806,5734.797799147726,15436.513200214347,31684.95197803759,58146.090842595375,94969.36443479022,,-10.31551026037669,-9.078816065309642,-7.258899119594698,-7.72804976599923,-15.743884280326597,0.002472494823207,0.999996943380003,16.47210161799682,-0.000891591231755,0.999999602532459,4.44093378084024,0.000258918355883,0.999999966480642,72.5207883735024,-0.003611025030669,0.99999348022786,,0.0,0.0,9.2990064133113,9.2990064133113,0.0,,2721.9274725685873,,643.8955642260003,,702.4985533765555,,8.513196966342715,9236.140352227052,0.939875487720154,2781.328728,1420.0,7.85508957863726,2577.826111,7.8099260330200195,2463.948103775359,-113.8780072246409,-4.417598484967821,4.417598484967821,False,0.33372968,0.33208105,0.13718678,0.12637857,0.017191071,0.18141401,0.030460622,-0.12272911,0.15282398,0.14200751,0.32776287
159,Trancoso_14082025,2025,3218,p,2025-08-15 15:30:00,2025-08-15 18:30:00,227.645833,227.770833,"airb,sat",2,3,3553.5,1184.5,2403.13215,3092.177877,20676.585092,21487.800187,5.25,3.0,4,649.5948555320648,0.975589733626117,0.21960116494072,22.0,,1.074269187067452,4.61729160210722,70.86044830079537,27.0,236,17.89715736040609,0.223856330703434,0.282208507901071,0.16937356422986,0.17923284299203,0.242168450248636,0.313082675730508,35.03478399747131,9.70785370527945,21.481640384572632,4420.107455149511,947.5903391719161,5904.597183789421,6.245061411785602,54860.62783469199,3.849322304211122,59.05114610121142,774.1591280428969,94.43201778273799,12.093867906149697,-0.40049187142474,-0.916300311536949,17.931597432519126,-0.648301714937062,-0.761383534369942,0.013962980005367,0.015950096000821,33.53596324495846,24.60844951010718,10.909804901684941,-8.026760718818592,-35.27363036155791,25.87359391807261,35.27508319862503,27.409613900541263,7.113779597139721,27.88150816771473,13.887410242839001,26.585037665184938,56.35462216826409,37.18792929090687,42.738727764430614,-0.679047254611386,-0.734094562031854,-0.204053019906186,-0.978959838332077,-0.279199405381782,-0.960233144623981,-0.298737044934012,-0.954335464071253,-0.614381401159615,-0.789009184933324,-0.039318319632339,0.131402688224486,-0.031170286182042,0.071955958276772,-0.101662779073248,5733.269282732016,15426.342283939084,31680.71581491097,58154.65212909661,95005.24900164473,,-9.741214609985468,-8.814836869738725,-7.394564470015258,-7.594747625812146,12.942139658843258,-0.005750640763425,0.999983464928701,17.89791936044968,-0.003644499072439,0.999993358791203,4.807315410529275,-0.00169782586894,0.999998558692621,63.28899592090401,-0.007572104063097,0.999971331209079,,0.0014695733729,0.0,6.0234330790634,6.0244859811518,96.44231698535832,,1823.8045184098366,807.7724603702568,656.0804202487976,,643.5957453057424,,9.214054548608585,13783.37701081065,1.694049785966638,2577.826111,1480.0,8.036954280569125,3092.177877,7.3065338134765625,1489.0035976645593,-1603.1742793354408,-51.84612086064158,51.84612086064158,True,0.11697009,0.22876064,0.172265,-0.06570559,0.013683238,0.19236298,0.09832735,0.028672116,-0.038947318,0.08249363,0.34227487
159,Trancoso_14082025,2025,3219,p,2025-08-15 18:30:00,2025-08-15 22:00:00,227.770833,227.916667,sat,2,4,2608.75,745.357143,1427.682618,1427.221472,17020.281063,17014.783463,3.5,3.5,4,589.6495264517364,0.999892350467231,-0.014672677912226,22.0,,0.108564535585042,0.0,88.48009650180941,21.0,233,21.371513409961686,0.223260588682149,0.282633996085702,0.160231450145159,0.177806445964816,0.242645879888022,0.314048497357423,27.976521820383866,16.65683391556582,51.29586491483377,1897.4864154294387,948.9107229906649,5842.8679001728015,11.377925179855227,13522.643355306609,3.797406301999562,61.13313022462849,790.3024141303902,94.47040494510301,6.628397572954979,-0.999862956761494,0.016554990068327,12.733579282706623,-0.998627758528505,0.052369837658073,0.00283272895534,0.002386607351252,28.127998746376214,24.354240084495203,10.75942748049608,-8.565120458623191,-35.681831571265064,52.78193894733996,32.5620921975341,26.423774452407436,9.59988564607016,23.861155460028982,8.416463403715593,35.08148873618915,49.03784204174241,38.041724790014676,46.62795370572571,-0.996918537953332,0.078443793157843,-0.086743461595992,-0.996230682056292,-0.485091894786749,-0.874463180249575,-0.174059124247502,-0.984735203628972,-0.456351984867132,-0.889799340249154,-0.020965828160513,-0.112620828287566,-0.031902375865423,0.080495967135842,-0.008373406245596,5867.10200493131,15486.538813354287,31748.942194019975,58219.08316453363,95050.32377680582,,-4.11771900928774,-8.748022801120209,-7.54606819702285,-7.558467451230685,-68.817736295398,-0.056869275951644,0.998381633170771,17.69796207186575,-0.007707082302343,0.999970300000147,6.372022206244762,-0.004898271110208,0.999988003398106,71.32498793520148,0.013851453384332,0.999904064017714,4825.072585686106,0.1132393137481,0.0,2.5200896175648,2.5764389904448,743.7733735207107,,181.1887067659359,150.96447905968398,804.8528421374158,,728.513137014412,,15.838677503932756,11604.715952948933,1.725810870585621,3092.177877,1660.0,7.264185223310916,1427.221472,6.46956729888916,644.2044858577004,-783.0169861422995,-54.86303292824195,54.86303292824195,True,0.08318914,-0.12015868,-0.09946413,0.045976024,0.04471317,0.0042893626,0.08157032,0.11122905,-0.15068056,-0.017083831,0.3404686
159,Trancoso_14082025,2025,3221,p,2025-08-15 22:00:00,2025-08-16 06:00:00,227.916667,228.25,"sat,fops",2,5,303.25,37.90625,116.961674,112.206493,1250.244061,1407.256436,8.0,8.0,4,486.21589958158995,0.866528159966314,0.499128187929107,22.0,,0.0,0.476190476190476,96.0,21.0,233,23.590397350993378,0.224309425107048,0.282788212306671,0.160977115751484,0.178711028812772,0.243766265213559,0.313729369555148,22.32664344719815,18.777907194747616,80.78475147414059,539.3273325282271,953.0020158388074,5513.83970738362,17.64368064261682,1923.3257128840871,3.153544137303088,47.411639034391165,801.9278899309876,94.50918739391254,2.929165153042785,-0.943814846449533,-0.330474712529483,1.951521795856315,-0.795034233807163,-0.606564561340883,0.058372749264069,0.054076099844762,23.7090411725143,23.41105397324071,11.103965698634532,-8.93536561107769,-36.21182623422967,78.84045607019308,31.87146249311822,29.877057031817003,10.007414689055699,24.694410008039803,2.271502252995963,35.66568498806428,50.63951101073384,38.28210114010797,47.5650192710941,-0.851348984024998,-0.524599759244707,-0.43347050758699,-0.90116775300289,-0.425881580882083,-0.904778911704609,-0.502509257250943,-0.864571828350372,-0.677392681457825,-0.735621611365094,-0.003804620422687,0.007748742678135,0.064857274589781,0.029764388005561,0.032099867641008,5953.258358939354,15507.647068300783,31787.31297451911,58212.95081294528,94961.59967961663,,-0.325147330529527,-7.919394844029211,-7.825184897583455,-7.602995767018133,-14.172985371964112,0.013730873637511,0.999905727110887,19.42331574759969,-0.002301049487701,0.999997352582123,7.397385342295836,-0.000778362775776,0.999999697075649,14.498244180322123,-0.11504094081371,0.99336075115574,,0.0,2.8576309452351,0.1504672805216,3.0080982257567,1116.2528141402213,,32.23532860468283,11.196001034245503,904.5434262030785,,709.6671962962606,,20.762402528314478,5179.30867966929,0.916214439953832,355.999182,1870.0,4.729213522781381,112.206493,5.394715785980225,219.23954303460107,107.03305003460108,95.38935508357888,95.38935508357888,True,-0.28015178,-0.2442883,0.09628508,-0.046837732,-0.11563675,-0.019959848,0.12227568,0.04429601,-0.24300265,-0.2916007,0.23041834
159,Trancoso_14082025,2025,3222,p,2025-08-16 06:00:00,2025-08-16 15:00:00,228.25,228.625,sat,2,6,113.0,12.555556,86.434108,89.938635,547.78268,481.288162,9.0,9.0,4,512.7097329295154,0.345898685613416,0.938271868538597,32.0,,0.0,0.0,98.38709677419355,40.0,233,18.171759259259257,0.224081443784957,0.282700036440405,0.158435328214834,0.17859870726702,0.243729503172005,0.313715164829532,29.828799619054667,15.135554357547695,48.497124777094186,2619.7406797162466,954.2786529347593,5437.746129400895,11.237604715303359,19768.142919847043,3.343257647089277,43.581674834424106,806.9894339974815,94.5209001057393,4.23401098921243,-0.361545940234132,-0.932354295909134,4.984223683979274,-0.147002025830495,-0.989136191028177,0.163649451666297,0.370032593751385,28.820800273472873,23.990676754098246,11.304161459919689,-9.45248851864304,-36.42727062183339,47.996560630201074,22.45037228961722,32.33656661693095,31.371924829365224,24.24521320729384,3.977521005607652,22.539291627160846,44.391409977907955,40.75855761508358,47.97831881444838,-0.277311847142988,-0.960779964109444,-0.523062617492973,-0.852294255630882,-0.355635299364342,-0.934624809132539,-0.740682425052672,-0.671855300803747,-0.848897288744446,-0.528557842778185,-0.00204992898076,0.006269435228927,-0.020941597686098,-0.013165410983246,0.037705883236768,5978.802487995288,15582.499660684049,31863.32912719244,58270.7370775739,94961.57763292729,,-5.2703665536002,-8.16354945765028,-8.105291610102512,-7.518906392595345,-20.136019126498468,0.05166265659965,0.998664593301007,16.089476270070215,0.00389067682325,0.999992431288286,7.158426234963223,0.003538615993988,0.999993739078824,21.06481489454861,-0.020869394259777,0.999782210475477,4428.633380325458,0.0212559423387,1.9192436397626,2.9626547158637,4.903154297965,507.64846309039115,,799.9242995245202,226.76095162156454,778.2288553998695,,683.9821647182728,,12.699665533151787,5562.649294953227,1.433242939770447,112.206493,2350.0,4.51018493838758,89.938635,4.980528831481934,144.55133343191133,54.612698431911326,60.72217844079057,60.72217844079057,True,-0.4555023,-0.16393201,-0.10922676,-0.23339626,-0.17218411,-0.056112695,-0.013634607,0.0039098333,-0.19807386,-0.07655096,-0.06253082
108,Trancoso_25082023,2023,2637,p,2023-08-25 14:25:00,2023-08-25 15:05:00,237.600694,237.628472,airb,1,1,20.0,30.0,1557.029351,1557.029351,16500.186036,16500.186036,0.666667,0.666667,4,784.951600609756,0.977068634092957,-0.2129245976202,22.0,7.0,0.0,68.29268292682927,31.70731707317073,7.0,234,15.352500000000001,0.196493896479395,0.244054675127322,0.124781130013058,0.158677384971426,0.214495786853446,0.269219108274374,30.85293591030522,8.568138701622019,25.06402554848001,3332.4399710719117,939.8398849420211,6394.579100895057,7.1432858324658,52817.56239428616,2.417990618829295,55.86108460754184,762.3292366706082,94.9707791721977,15.840514067059761,-0.999027037914555,0.044101899229736,22.790721695424683,-0.999921904401851,-0.01249740362541,,,28.710060586450922,19.67811609638788,8.84213485872929,-11.142603409770466,-37.87876079923193,25.26704741403021,40.12560529582031,54.021117294481925,64.16724964882533,64.67326405593383,16.276395237343397,27.257597452942708,69.96526123321478,83.7042350371133,115.33572030476508,-0.999809473208496,-0.01951966399687,-0.992451164718945,-0.122640473123716,-0.955428347345046,-0.295223090373218,-0.974795139825642,-0.223101849773385,-0.956328209285519,-0.292294981354031,-0.014003324183066,-0.065112048257963,0.016986556421811,0.007069797526571,-0.05337796765881,5586.680875463362,15114.794844729566,31179.248695744936,57481.91434435965,94011.11303448095,,-9.85516373721329,-6.972763340015675,-7.803866788959647,-7.452392532404603,10.043192320717182,0.003674313260166,0.99999324968825,22.32958805270092,-0.002237958561258,0.999997495767603,13.497305216903024,-0.000808059628187,0.999999673519765,60.918670789909,-0.002984724664152,0.999995545699419,10125.697372114155,77.3736902801442,0.0,3.4571816247634,77.5330016431206,0.0,,1637.7039186842874,,678.2185308309541,,917.9680173307747,,8.237362690149535,8138.208892068668,1.620553888046221,,0.0,7.3511770651492645,1557.029351,7.156715393066406,1281.6908707495109,-275.33848025048906,-17.68357674655608,17.68357674655608,False,0.3453026,0.2372431,0.12619865,0.09821663,0.17605606,0.10840143,0.0371766,-0.08120144,0.15569258,0.15636909,-0.0692339
57,Valenca_04092019,2019,1855,p,2019-09-04 21:30:00,2019-09-05 03:30:00,247.895833,248.145833,"fops,sat",1,1,179.75,29.958333,412.956909,412.956909,5241.589887,5241.589887,6.0,6.0,1,394.27384065550905,0.932541582808566,-0.361062593372526,22.0,7.0,10.739191073919107,15.202231520223153,74.05857740585773,9.0,233,20.43077348066298,0.190199003585364,0.257905962736722,0.089046674219865,0.153798403478661,0.21065009952702,0.293729750647494,16.672118783257407,10.94249256412116,69.01336799802792,590.3900588481264,990.8083380029207,2557.196687948682,16.313940369356754,10691.87745877808,1.770468779786494,33.454127950388845,513.0172894798541,91.00348809421894,17.974177978162178,0.613565515628002,0.789643817193641,38.06069961571768,0.599934770481783,0.800048917983751,0.001009248404977,0.00098606793229,15.304481058016224,17.581500206417882,8.040562646844892,-11.263417128034236,-39.19991097113557,66.82741186967007,13.83919903473196,2.381513421738342,9.822691459875038,37.62971955853609,54.99992426253246,31.719162465082135,29.732014315114153,32.88719537559615,64.79357290637806,0.718751612273137,0.695266941436716,0.753938567899067,0.656944926028282,0.432876828215494,0.901453077866005,-0.313779835796438,0.949495768630677,-0.909919765732957,0.414784305306362,-0.387201050055153,-0.156343898090163,-0.061674108558006,-0.070115464566871,0.065629748999475,6018.516895257027,15325.113911853425,31270.720186223833,57548.0294368652,93897.99802437624,-2.257425186184456,2.484558730952923,-6.139425510775806,-7.53803650745719,-7.786972341057466,116.57850592678035,0.014856347614466,0.999889638377935,2.555220471115774,-0.00078185455913,0.999999694351677,1.953411939366112,0.017706402630198,0.999843229364433,169.26507032798582,0.014145637819355,0.999899945459886,,0.0,2.6819163680039,0.0,2.6819163680039,0.0,,554.2009390831231,20.092818874384722,909.2891964835762,,657.0497948878601,,23.88869949937835,27521.547216169707,0.349587400910897,,0.0,6.02576188386708,412.956909,5.905862808227539,366.1838984425314,-46.77301055746858,-11.326365908426677,11.326365908426677,False,-0.2681836,-0.17780519,0.15860257,0.057029333,0.20888466,0.10163472,-0.11798336,0.13711208,0.18981247,-0.27092144,-0.18788916
57,Valenca_04092019,2019,1856,p,2019-09-05 03:30:00,2019-09-05 11:00:00,248.145833,248.458333,"fops,sat",1,2,312.25,41.633333,292.282206,249.280392,3488.912743,2834.750691,7.5,7.5,1,273.1698293172691,-0.793901354665626,0.608046576390398,22.0,7.0,5.70281124497992,21.526104417670684,72.77108433734941,14.0,223,20.464217252396168,0.190066156252684,0.257752827095157,0.089172819607368,0.153499566658006,0.210540485947204,0.293565880450963,17.400484788026674,10.587873783590169,65.26831736303322,734.8506415828397,991.6817590301015,2528.2402569586898,15.263248817353276,11801.62650058886,0.845123694924155,34.314764085986894,516.4872665466048,90.99708645093443,15.71825065692585,0.705394356373179,0.708815068968535,31.283648578456546,0.713801292101285,0.700348281496097,0.000399414591077,0.000407201368499,14.852303518451649,16.016374987233917,8.326127597385604,-12.18172639943542,-42.31597347989305,67.5940183599171,15.031385018190791,5.157435039956962,8.217529525004585,23.487436292142554,42.36303377281524,19.75199110080246,30.971430525954712,28.316884564700043,49.80511927754939,0.842550010237365,0.53861812098092,0.888134690669033,0.459583258213593,0.378024860384206,0.925795444432247,-0.100914531335795,0.994895098673864,-0.737201379212601,0.675673091433305,-0.312329449429318,-0.025469761767893,-0.112160677518773,-0.104781328755563,0.017961406403705,6074.122353856124,15333.261911264744,31253.837697371106,57496.13359920441,93522.70341595638,-9.01553792156246,1.270171106486454,-4.948538937039734,-8.008138939246619,-8.399570463351512,79.23690515284711,0.018024932467996,0.999837537707764,3.988071870145919,-0.002224843366372,0.999997525032935,1.528176311715789,0.017381493977081,0.999848930422554,122.42102915077483,0.014964803385809,0.999888021060171,,0.0,1.0034562972876,0.0,1.0034562972876,0.0,,558.902471871294,76.7376034148856,896.3171312710664,,661.8627087740272,,21.839965730250196,21221.710250809178,0.467988211512912,412.956909,360.0,5.522581857374741,249.280392,6.000147819519043,402.4884325507571,153.20804055075712,61.4601250108581,61.4601250108581,True,-0.27641892,-0.16820015,0.16364162,0.08411844,-0.015571974,0.11712777,-0.13055068,0.15309754,0.1828845,-0.15774235,-0.20066413
57,Valenca_04092019,2019,1857,p,2019-09-05 11:00:00,2019-09-05 12:30:00,248.458333,248.520833,sat,1,2,47.75,31.833333,317.055817,575.948478,3962.883957,7117.943254,9.0,1.5,1,289.6462563451777,-0.802379362470589,0.596814341886395,22.0,7.0,0.0,1.522842639593909,97.46192893401016,9.0,233,21.646122448979593,0.193653851621342,0.259806518145109,0.092635795213461,0.158199026498029,0.213816042210853,0.294807929004245,23.815974568953777,10.476006507060214,43.05891718224787,1683.1382438071776,988.214287850527,2929.9558876364677,10.258297445525837,25863.402280796567,0.405388081249691,33.34250161816349,497.42454026717905,91.17205062703776,15.393182595314299,0.735122693343426,0.67793408656853,25.685388793814614,0.763331042640023,0.646007522666799,8.896694653e-06,8.897300922e-06,18.756800790109324,15.046149511146238,8.235373348646858,-11.755640562870612,-43.14229989102127,50.03242812380326,10.795515676871663,8.072464482352112,7.693500379269736,20.514938498558113,29.59137067672511,22.251931609679723,23.866551996110875,22.320960312502184,30.505137252677578,0.859953269662328,0.510372779443684,0.938877467447625,0.344251508521219,0.143312959479622,0.989677419993602,-0.256165296494439,0.966632991818465,-0.088786037790778,0.996050721345763,-0.203031144133948,-0.132689504668972,-0.09215232126425,-0.050084484766695,-0.121338988451707,6117.630432458378,15380.521255257787,31297.291659617964,57547.27097809293,93562.61506066247,-20.322335751638107,-4.048859685321855,-4.382614670638708,-7.806317373073751,-8.748665793179219,45.42063895767183,0.017571897159969,0.999845602295774,1.898093968851442,-0.004192667875932,0.999991210729415,0.68323844314882,0.017308081839437,0.999850203932089,77.40667873784179,0.014208785456963,0.999899050112479,,0.0,0.0,0.0,0.0,0.0,,855.9398690265742,139.23523425809458,811.1566346447325,,673.6263888217139,,17.21683582406311,14797.616630918072,0.980916675809904,249.280392,810.0,6.357752969626971,575.948478,6.738596439361572,843.3747725651832,267.4262945651832,46.43232941492089,46.43232941492089,True,0.34247947,-0.123413146,0.16837619,0.13602772,-0.025590375,-0.0025109027,-0.081268504,0.121042326,0.1885148,-0.015692607,-0.19395447
58,Valpacos_13092019,2019,1863,p,2019-09-13 13:30:00,2019-09-13 17:00:00,256.5625,256.708333,"airb,fops",1,1,123.25,35.214286,785.583285,785.583285,8235.271457,8235.271457,3.5,3.5,2,663.7856587136929,0.319000157791204,-0.947754661992853,22.0,7.0,24.242424242424242,1.515151515151515,6.818181818181817,2.0,233,17.396639344262294,0.167055289925636,0.229602378029829,0.122693972587586,0.141829756051303,0.17872564315796,0.262696075439455,31.148767089843773,5.578332519531273,20.095686283568753,3616.809845958816,944.7504687500001,6059.58203125,6.447945253013836,59416.0854675117,4.495800018310547,47.71202886743327,883.0907056725209,93.66239775055207,16.226592578568496,0.998296852551973,-0.058338616583059,20.45633501056686,0.997980096982607,0.063527364391946,0.011855764849954,0.011193602210604,28.95978546142578,19.704605102539062,4.713005065917969,-10.037666320800781,-36.6845588684082,22.622702598571777,35.667314529418945,76.1235523223877,24.195160388946533,43.497843742370605,15.131566213520308,26.800133127318517,41.857084311021865,74.83179930936765,57.369222687825115,0.998714584249872,0.050687071395025,0.985063420870316,0.172191918693271,0.934435995953256,0.356131112747603,0.878554684326483,0.477641776489447,0.841738336592302,0.53988570337695,0.036669271966405,0.2474190337093,0.278953342477471,-0.021958377339178,-0.050281700662427,6067.25830078125,15596.212158203125,31541.1396484375,57674.90234375,94350.796875,,-10.09874650520936,-9.646830946905219,-5.760009113109752,-7.427510997218043,-7.118140309697132,-0.001209697341865,0.999999268315903,11.478685966234512,-0.002311494929085,0.999997328492028,12.14900860133311,-0.001522959238077,0.999998840296907,65.56284429555214,-0.002610988586732,0.999996591363491,2999.4998014322896,54.8200073242177,0.0,50.1954345703132,77.7164611816405,0.174999999999993,,2715.6301062011707,1005.0027294921897,649.5250694803552,,930.4748153014841,,10.192408848966863,7703.548550605774,0.879206401285098,,0.0,6.667698610089755,785.583285,6.752155780792236,854.9019120011446,69.31862700114459,8.823841892351947,8.823841892351947,False,-0.011263853,0.32855487,0.16980356,-0.04926535,0.22260487,0.028326316,-0.14169782,0.011721814,-0.030451523,0.10866811,-0.0900734
58,Valpacos_13092019,2019,1864,p,2019-09-13 17:00:00,2019-09-13 18:00:00,256.708333,256.75,"airb,fops",1,1,102.75,102.75,995.368899,1729.158498,9510.779275,18138.377908,4.5,1.0,2,670.6931958128079,0.993908469217483,-0.110208687578428,22.0,3.0,0.0,0.0,10.424710424710424,28.0,233,19.011650485436892,0.166930424109103,0.229542706628367,0.122513504922391,0.141726648807526,0.178599836826326,0.262670898437501,27.862207031250023,6.654687500000023,26.670158716694424,2787.232181649956,944.9565625,6059.58203125,7.657580564912051,51105.958761879054,3.943305969238281,47.71202886743327,883.0907056725209,93.66239775055207,18.080472567200502,0.853265386118097,-0.521476922646376,26.841698076773486,0.934689139450076,-0.355466190507729,0.025980491131749,0.026086178779816,27.405517578125,18.697998046875,4.811386108398438,-10.17535400390625,-36.709556579589844,25.89849090576172,38.52625274658203,72.91822814941406,36.8717679977417,36.88149070739746,18.689777985860477,35.08493871644586,38.89102021964457,80.47994981763021,60.28709166333021,0.918173943040398,-0.39617749850496,0.987377072951967,-0.15838723373052,0.71251258766298,0.701659327894815,0.842957899021447,0.537979535370396,0.711836284570037,0.702345430660388,0.066058867614257,0.487636504258991,0.218936528621959,-0.016137648193842,-0.072205877994416,6069.3583984375,15554.99169921875,31496.14453125,57627.369140625,94294.640625,,-9.501168969745574,-8.935790540604122,-5.852191900933193,-7.39609997980785,-18.81575940847855,-0.007853326761728,0.9999691621539,9.21970387172506,-0.008254844380137,0.999965928191686,12.737473175209558,-0.003255982952364,0.999994699273458,108.2486477971807,-0.001976662103954,0.999998046401555,2944.3310742187746,80.9443359374995,0.0,67.51715087890689,95.9828491210938,0.399999999999982,,1630.1185253906249,1101.2127246093683,692.2703191596293,,946.0146071158545,,13.030001233265054,9424.888610839844,1.474832321402388,785.583285,210.0,7.455968300636253,1729.158498,6.835060119628906,928.8842533413335,-800.2742446586665,-46.28113880736146,46.28113880736146,True,0.3555293,0.22138093,-0.062452976,-0.066777945,0.06246078,0.033670556,-0.09063192,0.14900315,0.24195488,0.12703425,-0.06466202
58,Valpacos_13092019,2019,1865,p,2019-09-13 18:00:00,2019-09-13 18:30:00,256.75,256.770833,"airb,fops",1,1,140.5,281.0,1200.036181,3988.335567,7390.007842,49689.501777,5.0,0.5,2,755.4155691964286,0.951479779958773,-0.307711274297196,32.0,3.0,0.0,5.230125523012552,53.13807531380753,17.0,233,19.473851851851855,0.166914152896406,0.229537076450963,0.122482265830041,0.14171143591404,0.178584712147714,0.262670898437501,25.746240234375023,7.801416015625023,31.987874738366866,2248.175620092718,945.6025,6059.58203125,8.581751191503656,44371.077321897945,3.269012451171875,47.71202886743327,883.0907056725209,93.66239775055207,19.736481850144795,0.722930724897897,-0.690920521477399,30.349124758775222,0.881311952134152,-0.472534911964704,,,25.835479736328125,17.442474365234375,4.904449462890625,-10.313232421875,-36.67002868652344,29.634431838989258,43.26625061035156,71.527099609375,41.88497543334961,33.93234634399414,21.161744998777575,39.43226601871084,39.95201278709592,81.924983134062,61.58031650423227,0.866561143193516,-0.499070921921071,0.962686903103553,-0.270617676054043,0.587157600806551,0.809472638089204,0.841554937785609,0.540171534504235,0.704231681595696,0.709970237852896,0.076608789643724,0.412643428267998,0.018637399480136,-0.004741470597868,-0.102418060852827,6121.2939453125,15561.044921875,31479.58203125,57624.34765625,94281.7890625,,-9.157988323604298,-8.067998502197167,-5.94237265807286,-7.346650036485742,-25.181279654182347,-0.007223893120042,0.999973907343682,8.672747114054145,-0.010456991204012,0.999945324172757,12.662455372435923,-0.003738127081524,0.999993013178553,123.86649827261952,0.000360382551143,0.999999935062206,2820.1767871094335,89.3427734374999,0.0,48.195922851563196,95.3983154296875,0.099999999999991,,1079.5121630859408,,725.315692308859,,949.9749347560661,,14.89883092478911,10580.872535705566,1.650961184379073,1729.158498,270.0,8.29137997145575,3988.335567,7.453897953033447,1725.5801739666433,-2262.755393033357,-56.73432826855607,56.73432826855607,True,0.38372567,0.19361071,0.14003299,0.09266678,0.044748597,0.13536856,-0.078788236,0.12495206,0.2199692,0.084053904,-0.09628493
58,Valpacos_13092019,2019,1866,p,2019-09-13 18:30:00,2019-09-13 21:30:00,256.770833,256.895833,fops,1,2,49.0,16.333333,201.273153,213.731259,2160.428969,2842.76544,3.0,3.0,2,820.1660646984925,-0.072477065266147,-0.997370079263664,22.0,3.0,0.0,0.0,8.227848101265822,17.0,233,19.927916666666665,0.166911454617978,0.229528957960104,0.122424333691598,0.141716058452925,0.178585248589517,0.262659912109376,21.457177734375023,8.035791015625023,42.22844147264399,1485.1106079479703,947.15375,6059.58203125,10.382893383896795,21785.414325837995,1.688166300455729,47.71202886743327,883.0907056725209,93.66239775055207,14.267107813072581,0.987437580380545,-0.15800957202719,26.713103029145177,0.983007921838255,-0.183563137920542,0.014579350603301,0.014056017316774,21.184071858723957,14.12493896484375,4.748606363932292,-10.753631591796875,-36.61706034342448,43.18556594848633,59.182046254475914,73.00904083251953,62.32765324910482,41.841583251953125,18.31814537957312,54.43772761644022,49.199347859707245,85.62634199646645,64.19585703235444,0.982837663190994,-0.184472566560091,0.999082888015302,0.042818020447054,0.771132523092312,0.636674667180409,0.8147843496591,0.579764144761123,0.721669386549996,0.692237890119107,0.027703920010515,0.075611221126423,0.19045301998141,-0.019373456890668,-0.184933592442019,6277.606770833333,15585.5400390625,31428.873697916668,57571.486979166664,94197.96354166667,,-7.702539645640822,-6.033505114997426,-6.053489333305452,-7.209129587447065,-31.325026781041203,-0.000132656404816,0.999999991201139,14.221377825321667,-0.006412900801318,0.999979437140241,14.045308247026947,-0.002789639717736,0.999996108947552,121.06695296908067,0.000137810469306,0.999999990504137,4278.898372395758,33.7290039062488,0.0,16.7049560546884,46.6842447916664,0.0,,942.9078108723979,97.28880859375238,775.7470590778917,,796.2073055956781,,18.182103930884114,9248.489697774252,1.253730201194893,1729.158498,300.0,5.369387288138865,213.731259,6.309081077575684,548.539732337119,334.8084733371189,156.64927765064022,156.64927765064022,True,0.122427,-0.118648,-0.080166206,-0.048017778,0.023621742,0.01370311,-0.1750181,0.13980123,0.1984597,-0.026829943,-0.08247294
19,VieiradoMinho_10082016,2016,279,p,2016-08-10 10:00:00,2016-08-10 15:00:00,223.416667,223.625,sat,1,1,705.0,141.0,875.283388,875.283388,7165.45238,7165.45238,5.0,5.0,2,710.0181480169972,-0.354954558313249,0.934883555065895,22.0,7.0,21.684981684981686,59.30402930402931,14.065934065934066,6.0,234,13.518906249999999,0.227003814215723,0.309825196765643,0.106097023772876,0.166822592112746,0.256311497511034,0.353646034093642,25.975718562387105,3.731595927728856,24.212496982224028,2579.3260563933954,962.1567614867232,4977.510652590674,7.516902739379309,41793.63302972712,1.030605297890993,59.41036276796864,529.7631975009737,94.03647713490943,16.488405212032056,0.984858728843402,0.173358830813311,25.265268533683237,0.98618476565516,0.16564905067545,8.401453752e-05,9.0924984262e-05,22.431278398869825,14.54569827302975,6.484487677247766,-11.307072562525915,-39.00370054133271,25.446171205157174,33.08662827430223,5.834521455568539,13.580976991472951,29.630839980775928,21.872935662556184,34.251006616017655,23.419416815042688,40.4191464387548,105.7634954506054,0.982793272411368,0.184708916143628,0.989146777994163,0.146930771398525,0.877866572000273,0.478905295193621,0.520712208429771,0.853732274189157,0.552567063889046,0.833468439657459,-0.248131558963033,-0.237327603321133,-0.066521829388273,-0.12487616413566,-0.227249284876629,5897.898110131209,15217.22553658217,31071.602901354665,57233.57095371215,93539.12028210139,-29.370613788413767,-8.604313654559064,-5.187247235448336,-6.947449809627535,-7.720112524599624,0.969537975169244,0.00027770058782,0.999999961441191,2.11084105422389,-0.002181010402804,0.999997621593983,4.339951232790701,-0.00298154145369,0.999995555195402,75.60303331085869,-0.001460110526495,0.999998934038057,,0.0,0.0,0.0,0.0,0.0,,1279.1077444748719,162.80507720524145,692.8639613645214,,606.9032513601809,,13.623447505760277,10939.764334126405,1.817671102283336,,0.0,6.775689540903915,875.283388,6.4974188804626465,662.4270367211501,-212.85635127884984,-24.318564044180153,24.318564044180153,False,-0.18440905,0.14030719,0.10371472,0.15000592,0.23390742,0.035539676,-0.14064196,-0.13684106,0.10909093,0.13436498,-0.07878486
19,VieiradoMinho_10082016,2016,280,p,2016-08-10 15:00:00,2016-08-11 03:30:00,223.625,224.145833,sat,1,2,865.75,69.26,254.003897,253.383142,2531.850483,2355.766195,12.5,12.5,2,511.65584415584414,-0.621548903208228,0.783375363999053,22.0,7.0,7.147058823529412,73.20588235294117,9.588235294117647,6.0,234,14.303712296983758,0.22521181665275,0.308995801359184,0.10468807060859,0.164907966482998,0.254518026039888,0.353325951997509,23.99175961850434,3.735787331974497,28.36320782706006,2263.9939725298564,967.3772907898757,4419.014152074711,8.271493886975614,25614.105632368282,1.611318892895977,58.53940397305279,530.1504379329928,94.19796793065771,11.674412066162192,0.995403994165517,0.09576475551755,23.27554763267092,0.999029430515956,0.044047666941224,0.003974571652106,0.005524397051042,23.277168261030845,16.71207558071263,7.489437794920677,-9.939713729045575,-38.69614899404909,26.49637901443247,25.973537226483753,5.786422641532959,23.318238440645423,56.333060819413,23.805817471131427,29.887311264292737,12.433029917780662,31.205672084477357,64.10878858217299,0.998336804110714,0.057650893817926,0.999233629622609,-0.039142731524864,0.890223075452667,0.455524835691309,0.48428979004883,0.874907651843588,0.388676596670819,0.921374247089851,-0.261101984171997,-0.20778070043344,-0.03465149738273,-0.076526930913166,-0.118450437101507,5903.847708506451,15285.260610640402,31165.88140061504,57461.96735166872,94007.14315534258,-0.33289156789424,-7.16346999095262,-5.934605204697532,-6.80593235248991,-8.015521464275956,55.25318497960502,-0.000498466578906,0.999999875765527,0.033294436384679,-0.002983871296493,0.999995548246134,3.544292108225451,-0.003498793207249,0.999993879204314,112.88417857015783,0.003853628282232,0.999992574746964,,4.8438618633775,0.0,0.0,4.8438618633775,0.0,,1053.5362588342102,509.86257962526014,718.447990954582,,587.1030416507223,,17.934119970376532,11923.957755585014,1.771366502454573,875.283388,300.0,5.5388415635470265,253.383142,5.451568126678467,232.12344652554114,-21.25969547445885,-8.390335405367596,8.390335405367596,False,-0.5264706,-0.086550064,0.10630979,-0.050028004,0.020045362,0.014119582,-0.1749338,-0.16788876,0.084297955,0.13511302,-0.09212702
133,VilaFlor_29082024,2024,2773,p,2024-08-29 12:45:00,2024-08-29 16:40:00,242.53125,242.694444,airb,1,1,56.25,14.361702,273.618239,273.618239,2874.83885,2874.83885,3.916667,3.916667,5,488.13427083333335,0.641576951814376,0.767058677612459,22.0,6.0,0.0,0.0,0.520833333333333,43.0,227,16.915555555555557,0.209030428242684,0.274249548177817,0.144660617411137,0.170963468849659,0.226391467452049,0.308757019042968,28.516320800781273,11.263269042968773,34.382185448824735,2551.8976217622253,953.24078125,4513.654296875,8.625580770064387,13556.858191303323,2.174587249755859,33.07292179934761,809.7635634656028,91.9330600648346,5.302188951776947,-0.859825144815505,-0.510588601853779,7.956492524809748,-0.993875141235679,-0.110508839618189,0.002009992884703,0.002009002350367,26.395042419433594,16.72943115234375,6.380256652832031,-10.147247314453125,-40.52876663208008,38.92743492126465,61.01458168029785,30.072494983673096,27.04500389099121,37.297329902648926,7.140457928711141,7.691395105619985,15.163332135855983,37.53699692744065,47.99395917095428,-0.996847725793551,-0.079338588216742,-0.941885465141665,-0.335934175925687,-0.207835428204071,-0.978163807745528,-0.810685493313047,-0.585481879251426,-0.561314632843284,-0.827602490907325,0.007001742598258,-0.065667039323566,-0.001861960935981,0.003229738120909,-0.05078791297969,5420.93994140625,14876.197998046875,30741.99267578125,56957.6552734375,93331.35546875,,-10.546586259716836,-6.659511766117918,-6.453846809592358,-8.46849472000172,9.827423720342615,0.000232130599324,0.999999973057692,3.501136701877237,-0.008787590489543,0.999961388381265,6.097675460829258,-0.00181636771924,0.999998350402794,17.78932853602947,-0.00612888455811,0.999981218210659,2104.272103271483,0.8032836914063,6.8822937011719,8.5395507812502,14.512451171875302,3.424999999998345,,2013.8093981933662,131.06405110677193,740.0137583429909,,735.5170581648881,,12.036650976660574,3597.5089073181152,0.558312876299079,,0.0,5.615381911375777,273.618239,6.076192378997803,434.3683171807189,160.7500781807189,58.74976710917246,58.74976710917246,True,-0.040685635,-0.15789086,-0.09357171,-0.0009749001,0.20050567,-0.052931264,0.072935894,-0.09151526,-0.21885559,0.00899935,-0.022610767
155,VilaNovaPaiva_16092024,2024,3051,p,2024-09-16 17:15:00,2024-09-17 01:20:00,260.71875,261.055556,sat,1,1,2761.0,341.56701,1529.024078,1529.024078,16284.307098,16284.307098,8.083333,8.083333,4,658.6661537068887,-0.992475848417882,-0.122440558260752,22.0,7.0,4.415897230028102,23.51465274989964,48.032918506623844,19.0,233,19.034701411509232,0.204652832291875,0.281792722072184,0.111007695926167,0.152776711062173,0.228887755908315,0.322607478569702,21.391126404334965,-0.228270847840881,24.59838364949635,1960.9009470578978,934.2508777276024,7212.9818757670055,8.027070768599014,23368.869118376504,1.567756005689738,58.016340441841905,738.0039274814578,93.77578529744041,12.388406319904487,0.908859627551725,0.417102118679034,27.863054837459412,0.936971304611052,0.349406316965596,0.007593737095246,0.008277401397286,23.82249102707577,17.962518480251386,8.827006468871911,-7.314613022299882,-36.70853421380269,21.75678702908774,20.71880552546666,16.912492419492786,42.341035910641835,48.52437566358779,16.018499535911058,51.93504670280669,25.42054882767475,44.00104798380829,55.82919465373569,0.924131295491671,0.382075056360509,0.978004158109664,0.208585394311795,0.700974793241173,0.713186048125238,0.761069436456148,0.648670419313477,0.791628568858643,0.611002625990115,-0.074194514300947,-0.33948851477095,-0.0050488365748,-0.042916613662895,-0.058498050546177,5608.297320233038,15003.86424629788,31003.173924280465,57538.322830871984,94409.5425097571,,-6.394081474710877,-5.878541301256788,-6.30316227186875,-8.19321324282709,-1.096591408897281,0.000251721349166,0.999999968318181,5.39642580877381,-0.002503633714198,0.999996865904201,6.404208549222663,-0.001074631081434,0.999999422583853,158.4936850584732,0.009620787128654,0.999953719156554,,4.1238067870087,0.0,0.0,4.1238067870087,0.0,,530.2413399414792,259.6577287112058,677.3845108478793,,930.419972010543,,21.163253770278516,8055.488604291273,2.749873673874042,,0.0,7.333038751517554,1529.024078,6.10908317565918,448.9260228840148,-1080.098055115985,-70.63970219022183,70.63970219022183,True,-0.32873803,-0.07137439,0.10237963,-0.028355122,0.23893006,0.10790193,-0.11645302,0.12872653,0.17109163,0.13211086,-0.07948429
155,VilaNovaPaiva_16092024,2024,3055,p,2024-09-17 03:30:00,2024-09-17 04:20:00,261.145833,261.180556,sat,1,2,370.0,444.0,394.071615,748.107344,5270.707844,11564.492696,3.0,0.833333,4,646.1049512441157,-0.948663620381028,0.316286792904098,22.0,6.0,1.400778210116732,33.77431906614786,40.311284046692606,11.0,233,17.629333333333335,0.203667144171011,0.281020291194848,0.108137663398619,0.152128593645289,0.227986809816107,0.321947882212751,15.414100189803065,4.594870560732922,48.45930827292252,902.2803528066299,939.3346687512762,6696.8572785503875,11.822137289591312,13089.887945445149,1.31676351767419,56.621586069960436,749.9890474106603,92.70874818835728,14.457678907587598,0.90826207667584,0.418401720924389,33.50233332861238,0.921669628162293,0.387975639084699,,,16.68596270420644,16.427717927434056,7.794190892085677,-7.659996936192066,-36.031732758307825,43.37677541483335,27.322137929162643,29.629602833074394,27.135450942054845,35.02059865968238,19.805883333350895,49.67166518437781,14.591406643408783,56.320536199251755,68.57213523467655,0.901670315471048,0.432424146178657,0.999386182742367,0.035032238632998,0.171856895301849,0.985121925213935,0.347484995211917,0.937685543294005,0.509754343642121,0.860320003915979,-0.083342991646552,-0.392405227360787,0.19617431394689,-0.157167398606735,-0.055165456213914,5532.448895715235,14780.202400814154,30739.90631273955,57182.76878222354,94115.10391026184,,-0.281782573195835,-5.555522798239834,-6.034726175700606,-7.908290974357952,44.831331926818336,-0.002106734316301,0.999997780832798,-1.447366258355564,-0.007186141800125,0.999974179349661,7.840506237773709,-0.002770686323968,0.999996161641281,172.0359945704335,0.008261587393354,0.999965872504528,,18.376499289129,0.0,0.0,18.376499289129,0.0,,532.7399414244743,,797.8387306150892,,738.589000628275,,25.04351720542012,9908.142078271461,1.437238097515207,380.61432,615.0,6.618882289670298,748.107344,6.792215824127197,889.8854217885702,141.77807778857016,18.95156877227102,18.95156877227102,False,0.41220593,-0.11817691,0.09348829,0.07091001,-0.040458456,0.12486874,-0.10590896,0.01671809,0.20633976,-0.06348977,-0.16216086
155,VilaNovaPaiva_16092024,2024,3057,p,2024-09-17 04:20:00,2024-09-17 11:00:00,261.180556,261.458333,sat,1,2,1492.75,223.9125,247.313656,307.810277,3081.115962,3404.527732,9.666667,6.666667,4,613.8434884499497,-0.751568234169629,-0.659655356521226,21.0,6.0,0.242537313432836,25.48507462686567,54.197761194029844,12.0,233,20.122324797843664,0.202622155654557,0.280164214864425,0.10524098668002,0.151335958477576,0.227048243481479,0.32119175941991,15.961280832050987,6.029045074233118,52.03655606915525,889.8684700192355,946.5670361223805,6046.27692495117,12.246770430061705,15112.323206940235,1.505531467529592,57.311817158934396,758.7006641816619,92.83071249295789,16.63090463843479,0.924687274694451,0.380727519386435,31.54790291802878,0.92773669809407,0.373235339979365,0.000876226740095,0.000857401192458,15.632778893869512,15.51192225839327,6.500859323334086,-7.46074364932537,-35.934498702713945,51.48096389632792,23.04493856715365,22.203309500792866,29.868114460518136,40.21567104390158,21.295918503118855,37.472845788260315,23.89315561345833,60.592500976474405,77.87030033842818,0.909898844829727,0.414830196800485,0.985300973639725,0.170827372937157,0.193192005008122,0.981160970076237,0.542035001186434,0.840355911200024,0.487725568303392,0.872997004590012,-0.101690614320212,-0.308319982398738,0.087172555626633,-0.115489995454515,0.204446106035754,5492.7753938574615,14701.27378427448,30595.298154981665,57006.56967710925,93905.623551972,,-0.131872149198601,-5.798460509491552,-5.451884748008591,-7.936727647071391,56.21825572390573,-0.011552319881967,0.999933269726208,1.822105324070998,0.009111905922721,0.99995848572351,8.216186368282173,-0.002109883571407,0.99999777419318,126.40497063245736,0.003884061893205,0.999992457003157,,9.1558504824732,0.3883735695793,0.0,9.5136350991633,0.0,,560.6157877326852,58.4577201876223,815.3857434691434,,727.0743370904389,,24.032923879402684,10661.490933106832,1.236004029578285,380.61432,665.0,5.7327270980372536,307.810277,6.012368679046631,407.4496615007777,99.63938450077774,32.37038914746103,32.37038914746103,False,-0.30795696,-0.14575586,0.12601474,0.049591746,-0.007733634,0.13505553,-0.15053138,0.1543611,0.1795511,-0.01540105,-0.1278241
155,VilaNovaPaiva_16092024,2024,3058,p,2024-09-17 11:00:00,2024-09-17 12:45:00,261.458333,261.53125,sat,2,2,111.75,63.857143,403.257732,627.716477,3979.433326,6114.302371,10.416667,1.75,4,549.4783412388393,0.946857983173998,-0.321651923202192,22.0,6.0,0.0,0.0,2.798982188295165,33.0,227,18.205565217391307,0.201968358038289,0.279995126614471,0.09628308336358,0.150260564260052,0.227324755150315,0.321279131152133,22.1465338218423,6.621560509489239,36.71409599021362,1691.3976058116818,964.1367922783111,4568.068389472349,9.575035480504393,31937.416256326702,1.259743118240449,59.2584437489251,767.349517012088,93.28352821444754,18.882426580058535,0.960504801073389,0.278263413180693,28.785658763940027,0.947214998868479,0.320599042292061,0.000122213210569,0.00012221383,19.891552638500578,15.48153502247284,6.962048785991943,-7.085095172075142,-35.974312726291785,37.47439264158001,16.80562841441205,7.419358195428056,21.79572253741376,50.66446534120615,23.225073724504895,32.54199811854006,27.003387455960276,49.44981402996833,101.22740465348964,0.941245039312376,0.337724408312226,0.958272920109724,0.285854876789573,0.494644445618576,0.869095433435645,0.425252495183557,0.905074756768831,0.455284069333333,0.890346233895152,-0.13660935248854,-0.247684902934643,-0.067380560082664,0.141027466608954,0.421232209077317,5335.697196630643,14603.9597244576,30479.401174338454,56905.262510665874,93768.8492054654,,-4.811969973660124,-5.482139549951644,-5.485287760154597,-8.052532981157498,31.641995286396828,-0.001413358561297,0.99999900120829,2.38657703169568,-0.004887640086048,0.999988055415858,5.63874625039694,-0.002721008462444,0.999996298049621,87.25785178596118,0.002481026948896,0.999996922247903,,10.7099711475164,0.0,0.0,10.7099711475164,0.0,,756.4027545442109,137.50340703787413,765.328344648956,,624.946474708053,,19.752490619014914,11614.520978238255,1.547974134785485,250.932256,1065.0,6.4436804030939445,627.716477,6.500640392303467,664.5677210440549,36.85124404405485,5.870682926816791,5.870682926816791,False,0.27072412,0.091434315,-0.07799283,0.116575584,-0.021739226,0.023570215,-0.12758346,-0.007069797,0.22031298,0.01985744,-0.0838104
155,VilaNovaPaiva_16092024,2024,3059,p,2024-09-17 11:00:00,2024-09-17 12:45:00,261.458333,261.53125,sat,3,2,53.0,30.285714,604.287785,604.287785,6580.022548,6580.022548,1.75,1.75,4,539.6858785377359,0.119310601369313,-0.992856978824691,21.0,6.0,0.0,0.0,63.20754716981132,35.0,227,19.356,0.202105588100849,0.280146899486804,0.095809436589477,0.150302454829215,0.227549183368681,0.321438598632811,22.212182617187523,6.628198242187523,36.580567098482575,1701.4026111407538,964.8040625000001,4521.6904296875,9.550577729477912,32124.18416306321,1.287437438964844,59.33123124680112,766.0513027371089,93.30772038538416,18.883459209285203,0.961547960219182,0.274637069963853,28.781653349866907,0.948277503484419,0.317442556040234,0.000116632109727,0.000116632957871,19.924301147460938,15.542388916015625,6.967514038085938,-7.08380126953125,-35.975433349609375,37.36441993713379,16.5104079246521,7.45358943939209,21.81631565093994,50.7264518737793,23.33201276787151,32.279142364800016,27.099222375043603,49.368924042281506,101.09000670646482,0.942237148077691,0.334946498388056,0.958099288850576,0.286436297811609,0.495149965909868,0.868807522561503,0.426653342960817,0.904415239223864,0.456003424305277,0.889978020527395,-0.139821885763983,-0.247870458275703,-0.0688602749067,0.14407225626247,0.423394360240911,5334.541259765625,14603.892578125,30479.822265625,56906.751953125,93770.48046875,,-4.781302915502064,-5.517781166532261,-5.486916635938799,-8.053206002124469,30.58395906820554,-0.00125239068389,0.99999921575848,2.426537818921523,-0.004897116202838,0.999988009054557,5.620883908267257,-0.002724589962509,0.99999628829788,87.36754462223591,0.002496150247871,0.999996884612117,,10.8242797851574,0.0,0.0,10.8242797851574,0.0,,754.5592651367125,137.68576660156555,765.2075743531345,,600.4950729112143,,19.743025883403433,11667.391300201416,1.551069736276807,,1065.0,6.405704022618026,604.287785,6.699269771575928,810.8127998904324,206.52501489043243,34.17659929869879,34.17659929869879,False,0.25601387,0.11932619,-0.072417885,0.107382126,-0.02026989,0.14209928,-0.12992199,0.13241291,0.23996665,0.03191143,-0.097156174
155,VilaNovaPaiva_16092024,2024,3063,p,2024-09-17 12:45:00,2024-09-17 15:00:00,261.53125,261.625,sat,3,3,121.75,54.111111,430.827341,441.952929,4520.355349,4764.331143,2.25,2.25,4,473.64319173511296,-0.948107192235053,-0.317950864178987,21.0,6.0,0.0,0.0,75.05285412262155,35.0,227,18.320322580645165,0.201793142532307,0.279966273266206,0.095788088937598,0.150045598546663,0.22719222307205,0.321327718098957,25.18780924479169,5.25372721354169,27.802710214820646,2311.8503030789825,962.8464583333333,4521.6904296875,8.076782244306798,36200.90187798033,0.472239176432292,59.33123124680112,766.0513027371089,93.30772038538414,15.708400077381613,0.987565872881066,0.157205746461948,24.589703592537052,0.982383478669459,0.186876164443977,0.001418348002092,0.001419652991133,22.861582438151043,14.231658935546875,7.287180582682292,-8.096913655598959,-36.28003946940104,28.312645594278973,36.61946805318197,3.781035502751668,28.5744202931722,34.099880854288735,19.811086424726064,32.18595272325532,17.784614100004674,52.20607008849385,120.85943594087149,0.983239595181541,0.182318124352024,0.995503560050341,0.094724135926898,0.49189319431968,0.870655549216785,0.183207146433321,0.983074331622874,0.458959850508275,0.888457008313526,-0.107076029015553,-0.13995741135815,-0.048345691962673,0.326632083408284,0.241243546275329,5178.057779947917,14507.097330729166,30357.0234375,56729.635416666664,93510.17708333333,,-9.41650042815926,-4.46864967854536,-6.007355237350377,-7.855718130885401,21.4101949124174,0.004888570128913,0.999988050869656,-0.152645695668765,-0.005880138960418,0.999982711833463,6.664365753854345,-0.004045834322045,0.999991815578827,71.9487091200687,0.003219994383975,0.999994815804646,,0.0,0.0,0.0,0.0,0.0,,1189.97099202474,209.37638549805,716.7356863494191,,922.4678661641661,,16.66508734717281,9934.947649637857,1.635267361789304,604.287785,1170.0,6.093463509320658,441.952929,6.522755146026611,679.4505457349215,237.49761673492156,53.73821535073966,53.73821535073966,True,0.2322828,0.10116233,-0.06719485,0.012830239,-0.028395291,0.07225345,-0.15891439,-0.0062960275,0.16008534,0.11342894,-0.19062985
155,VilaNovaPaiva_16092024,2024,3061,p,2024-09-17 12:45:00,2024-09-17 15:00:00,261.53125,261.625,sat,4,3,861.5,382.888889,2810.970344,2810.970344,28677.865415,28677.865415,2.25,2.25,4,363.93220092915215,0.657812386422131,0.753181826831756,32.0,7.0,0.0,8.294062205466542,86.49073201382343,19.0,223,20.062257309941526,0.206128077629237,0.283810550545887,0.101190009151091,0.152299932496166,0.232030265506203,0.324912388067924,24.441718613351572,4.924525354852711,28.405210013605327,2193.4410277726097,940.9701486440252,6368.173525497344,8.232126280487956,33955.79781717155,0.463207746004025,57.69434819380134,704.5820821625931,93.1688967097593,15.521035137086008,0.992479619167595,0.122409989530864,24.30005681158449,0.988126248330162,0.15364412569623,0.001110686331448,0.001113431438802,22.804849692466206,14.244690948057373,7.318275456049321,-8.083227539945154,-36.20977899855564,27.975766725212537,35.477135010376095,3.345075366232708,29.96672300535337,33.986416115089185,19.05223421138448,32.53927808562021,18.772175387558768,53.04704621241529,121.19657631251158,0.988153555669145,0.153468402019521,0.996712957391104,0.081014076361326,0.51107489239348,0.859536185605349,0.186771941808545,0.9824032989323,0.463925073720741,0.885874441426778,-0.131074095915089,-0.165825314255273,-0.055747021422345,0.297883513812329,0.216637737580564,5182.578347033022,14511.060533710612,30360.67226067546,56740.650004334915,93539.8976083203,,-9.340376940480771,-4.457026545279078,-6.014153206096829,-7.839948688178512,-14.008193038207397,-0.002303568713215,0.999997346782072,0.389219372187,-0.006429973522464,0.999979327506574,7.159383293031005,-0.004313157950762,0.999990698290985,72.26748357038439,0.002658768692856,0.999996465468272,,0.0,0.0,0.0,0.0,0.0,,1201.686370483233,211.6956146810162,704.4550083192147,,750.6431994183214,,16.720398784358906,9545.615476627247,1.759618816890592,,1170.0,7.9416407066445025,2810.970344,6.799094200134277,896.034389912924,-1914.935954087076,-68.12366264106969,68.12366264106969,True,0.24684952,0.120466344,0.13835628,0.007682499,-0.022985145,0.032292303,-0.14486319,0.15642032,0.18022059,0.12715793,-0.1889571
155,VilaNovaPaiva_16092024,2024,3064,p,2024-09-17 15:00:00,2024-09-17 20:00:00,261.625,261.833333,sat,1,3,864.25,172.85,518.763063,720.147588,5826.482626,8592.098827,7.25,5.0,4,506.59671717171716,-0.404930755160599,-0.91434735386781,21.0,6.0,0.030978934324659,15.551425030978935,70.57001239157373,14.0,233,18.988679026651216,0.200558695828519,0.278566177043764,0.102873669308888,0.149809500682929,0.224857699768725,0.31983997662855,23.578859714943377,3.862788628911121,27.844780844873664,2112.7501642886195,949.7539345729842,5427.125710941299,8.243314661718733,24396.414529698228,1.383936687146416,58.07971057572511,774.6161622419477,92.95611493727493,11.198106069727398,0.959510834908317,0.281671719726254,21.611100226022884,0.962360329659923,0.271776739065073,0.014209775029384,0.01444365784365,23.48508635519264,15.219380694648535,6.451507320355702,-9.909663964375007,-37.14003057062381,27.683456869111115,37.818315035237674,2.638948976204992,15.08144950090039,16.33653246782528,14.072733499319494,29.9851965484614,8.482982139292597,34.6279232334186,72.70653427401562,0.961875454361911,0.273487861332212,0.996135522775258,-0.087829495417332,0.959785939752382,0.280732879894104,0.283888281369206,0.958857363585032,0.578127031648371,0.815946772331041,-0.067233330458012,-0.1207637805554,0.032894870085207,0.08148353153387,0.09332242881742,5102.117718408642,14464.221444331046,30264.893559254768,56497.70822826887,93205.09264511411,,-9.019085843352466,-5.641972304427759,-6.388895341133487,-7.590147596566639,57.00189835645222,0.025211801896564,0.999682132002532,-0.753833496498188,0.000450946734755,0.999999898323516,4.535968820586312,-0.002959995735626,0.999995619203027,98.58925443131182,0.01164283622425,0.999932219885256,,0.0,0.0,0.0,0.0,0.0,,1006.4910616859679,406.8728109038694,708.6007257108085,,940.0472468510752,,16.729750492821832,7153.577229550106,1.909571667578021,273.339973,1305.0,6.580843815366087,720.147588,6.152430534362793,468.8580060931277,-251.28958190687234,-34.894178095459,34.894178095459,False,-0.146387,-0.06086741,0.11831208,-0.053604923,-0.0035739907,0.15402572,-0.14871761,0.10269266,0.099878766,0.13589141,-0.19196482
155,VilaNovaPaiva_16092024,2024,3067,p,2024-09-17 15:00:00,2024-09-17 20:00:00,261.625,261.833333,sat,4,3,1396.25,279.25,1051.688996,317.078012,11733.127796,4079.97598,7.25,5.0,4,513.7048020068088,-0.495144475321692,0.868810651729366,22.0,7.0,1.944288652084502,31.31426434847635,61.60029912133109,19.0,223,19.028852459016395,0.205891157653474,0.283673789264959,0.101502040036928,0.152204737697277,0.231698638797862,0.324828620805428,23.553551801552846,3.85786330289385,27.860869430516257,2107.9455531793074,939.3595984253952,6409.033096568987,8.248001323533893,23748.685117096655,1.260602878077968,57.590897156633396,705.3791308538567,93.13672987234166,10.926334023166804,0.977383947365045,0.211472502782569,21.114868477827525,0.981741226576016,0.190221355375836,0.010783177016066,0.011228559743745,23.619496156546603,15.110758978078044,6.589553221922106,-9.786132978675775,-37.090318712998396,27.28998435099423,38.02245287280884,2.202679736556066,15.686423274613896,17.885758199276175,14.772008820754484,31.240955953731373,10.067946489287063,36.984513370834634,78.7684356504301,0.979770175245251,0.200125969578886,0.990727505002022,-0.13586394235583,0.913752728673949,0.406270785118636,0.287419906864438,0.957804675880233,0.564446912010905,0.825469371643403,-0.107868868639364,-0.160212870580771,0.011845992052482,0.090001472546923,0.067464802271328,5097.985807915843,14461.876380221445,30266.379414948493,56513.28915990473,93246.23723828692,,-9.2842685407311,-5.483246030619115,-6.394563289763013,-7.610723818900774,-21.778475217086893,-0.005028355119184,0.999987357742484,-0.267081484322798,-0.000980209029186,0.999999519595014,5.142254195930792,-0.003334636829522,0.999994440083151,94.28903215111511,0.010410227091264,0.999945812117791,,0.0,0.0,0.0,0.0,0.0,,1060.9143442775664,409.9993827384328,701.0314213778987,,790.7937932662279,,17.038111087488634,7479.757138800018,1.939281110597098,2810.970344,1305.0,5.762296673448678,317.078012,6.121407508850098,454.50537135603344,137.42735935603343,43.341813104351566,43.341813104351566,True,-0.13427423,-0.064004384,0.08704405,-0.037708882,0.00028820615,0.1456618,-0.18124858,0.12629789,0.0045311023,0.13899103,-0.186379
155,VilaNovaPaiva_16092024,2024,3066,p,2024-09-17 15:00:00,2024-09-17 20:00:00,261.625,261.833333,sat,5,3,2235.5,447.1,1503.008126,1503.008126,18524.193375,18524.193375,5.0,5.0,4,581.6118002011398,-0.612801907111622,-0.790236561189343,22.0,6.0,0.0,6.130177514792899,56.3905325443787,19.0,227,20.091742627345845,0.206113323270014,0.283665850218211,0.104157127936666,0.153040260233263,0.231505374535364,0.324698933259585,23.199288240715276,3.780891389628757,28.304342757154785,2050.3737117996225,935.8101380432068,6654.985271321352,8.342853105387212,23307.100439857284,1.269785345032108,56.94466098337603,712.1029452301228,92.93040968981008,11.028713363105188,0.975976395960658,0.217876282618473,21.28460775787,0.978661308591034,0.205480030822667,0.009924010933345,0.010379666201342,23.46835138598612,15.07530196466456,6.535731274600345,-9.824713858446719,-37.12078423841751,27.7701835398514,38.15669139675421,2.133082473216084,15.176317208807257,17.405469424937447,13.792471984446609,31.5351564241918,9.876996551909597,36.06129382766702,76.58422046350404,0.974933625725116,0.222495899805996,0.993168405059502,-0.116689841852515,0.934015071856757,0.357233600805436,0.299679600394654,0.954039903309762,0.571235637353331,0.820786115024818,-0.085923287063884,-0.160308830899941,0.016001789252589,0.084063634316692,0.079711951389421,5103.35853893274,14463.900851215976,30265.760978314134,56507.23823645615,93234.97710884568,,-9.158036388803128,-5.495063542581245,-6.38861178520538,-7.608461758377696,-7.349528910600203,-0.002412601875064,0.999997089671861,-0.344753768186669,-0.000534981057582,0.999999856897624,4.99545565552992,-0.003210353136184,0.999994846803093,95.58504058732296,0.010953340762158,0.999940010363696,,0.0,0.0,0.0,0.0,0.0,,1034.8131755116494,403.1239297230036,701.127722970452,,940.6410525329223,,17.017876597977004,6991.32910830645,1.964306874841697,,1305.0,7.315888907420721,1503.008126,6.1371750831604,461.7445079799092,-1041.2636180200907,-69.27864194528584,69.27864194528584,True,-0.12907594,-0.06086741,0.15736148,-0.042543635,0.0029953266,0.15244229,-0.17903537,0.14758383,0.079472736,0.13899103,-0.1902446
155,VilaNovaPaiva_16092024,2024,3073,p,2024-09-17 20:00:00,2024-09-17 22:00:00,261.833333,261.916667,sat,1,4,115.75,57.875,195.555746,188.319373,942.151024,2654.518491,2.0,2.0,4,475.5109953703704,-0.137610824458565,-0.990486375974871,31.0,7.0,0.0,37.327188940092164,43.54838709677419,14.0,233,18.177264957264956,0.199953910183254,0.278108455921797,0.101114812313951,0.149370160321828,0.22431686063013,0.319460067423672,20.119716130154185,3.64118563310765,33.721299220288294,1561.0000912301823,954.2268749141464,5098.576354718383,9.376682482503213,17457.59625717491,2.349554764197585,58.501252720346336,780.4816748330333,93.03712472646924,11.233435115064129,0.895891904116156,0.44427209696213,26.562702013138548,0.920860439245191,0.389892358777591,0.001117259323615,0.00114509500409,22.09197250475542,15.910532873497743,5.211423345102571,-9.53569464256094,-38.2665643433187,31.888336799382447,35.43484267169111,4.660804335707031,4.728899073239224,20.098621508925508,15.190859436526578,37.27535847342007,13.32858115836693,20.79150813859631,29.879739757927965,0.894823226250456,0.446420646658199,0.954875787413723,-0.297005438689299,0.393259273204948,-0.919427617617785,0.997775601609567,-0.066662199428662,0.903185329250682,0.429250813658328,-0.094373767497062,-0.091945173077664,0.035212881565893,-0.103841509842933,0.175454031331461,5143.974095776916,14501.340423546026,30282.331785363902,56444.565482052276,93174.58361975862,,-6.744848771465222,-6.88468880244445,-5.75862154162883,-8.008395360950919,139.05109597656016,0.016199051411432,0.999868786758227,0.872225897932309,0.01172831766599,0.999931220917082,2.276510510435943,0.001652860802294,0.999998634024651,166.36515700220343,0.016324374096342,0.999866748527204,,0.0,0.0,0.0,0.0,0.0,,377.49700442109673,61.14336718024148,745.7117308279809,,949.9798254023594,,20.3218518208635,7609.8073531686505,2.133324642815059,720.147588,1605.0,5.243435393179616,188.319373,6.835463047027588,929.259004678328,740.9396316783279,393.44843808413054,393.44843808413054,True,0.27228224,-0.11689452,0.05723109,-0.016132388,0.021288343,0.11921133,-0.12473265,0.020251317,0.16134726,0.017908193,-0.13182747
155,VilaNovaPaiva_16092024,2024,3069,p,2024-09-17 20:00:00,2024-09-17 21:00:00,261.833333,261.875,sat,5,4,609.25,609.25,2322.934523,2336.966156,24133.487552,22698.052668,1.0,1.0,4,587.7077522559475,0.57092991766584,-0.820998799703189,22.0,4.0,0.0,66.41350210970464,20.253164556962027,8.0,234,17.216584564860426,0.205821845356287,0.283483927405722,0.103030572242486,0.152663054295602,0.231320088746162,0.324574976109127,19.921458621959665,3.410440704573037,33.579679427375325,1545.1355778883453,938.0406816047162,6492.818592602136,9.377531181072328,14259.761246644543,2.153345733669302,57.2283421095194,712.484981957107,93.0042870658215,9.223398177682183,0.932418308967873,0.36138082005205,24.035619383852083,0.929527394519504,0.368753064852052,0.001802946465741,0.001806519942663,22.46979279303896,15.826574211573346,5.519882744234741,-9.608955228517107,-38.20511022538338,31.089260092634618,35.67407129911853,2.680330302811501,4.32426063087559,18.95870816647578,13.869830934994608,37.755540336120134,14.10369366242768,21.22209365312251,32.86278010704906,0.906773632579594,0.421617811837223,0.954319000831936,-0.298789632770507,0.624322030512524,-0.781167077017919,0.958084251670814,0.286486590786333,0.859872438529585,0.510508951397705,-0.083904641365914,-0.178809383530832,0.037967975782151,-0.115585175062258,0.18840413689006,5129.0952160426405,14490.54405913064,30278.929843187805,56446.04066136578,93189.08685265837,,-7.248716700426094,-6.632174682118555,-5.907679881762729,-7.970845205980568,-21.60091564492449,0.000446907598541,0.999999900136794,1.604985537261536,0.009716126065993,0.999952797333089,2.277987545393268,0.000460870464679,0.999999893799202,148.82424794117662,0.010738292021171,0.999942342880062,,0.0,0.0,0.0,0.0,0.0,,354.1336709413674,59.41486874104589,732.5962841189556,,911.2233438574829,,20.656981082339772,6941.128371467501,2.297479703316183,1503.008126,1605.0,7.7570366663070525,2336.966156,6.609071254730225,740.7937612469528,-1596.1723947530472,-68.30104880445035,68.30104880445035,True,0.39751092,-0.11900027,0.10655362,0.0001579118,0.02158526,0.09123321,-0.09250255,-0.022937749,0.18068458,0.043431435,-0.12675373
155,VilaNovaPaiva_16092024,2024,3071,p,2024-09-17 21:00:00,2024-09-17 22:00:00,261.875,261.916667,sat,5,4,389.0,389.0,1716.330234,1239.387361,18813.367426,18296.782088,2.0,1.0,4,613.7955128205128,0.164623175857172,-0.98635653288793,21.0,6.0,0.0,24.203389830508474,48.88135593220339,19.0,233,19.28992327365729,0.20424038048483,0.282300909795479,0.098882567607979,0.151216558169075,0.229948782689953,0.323602777155611,19.64842382665274,3.5628022368153,34.511585942489894,1497.3344642118795,947.6502001936951,5759.3865415632135,9.529710133628374,16483.011518325035,2.452622528237685,58.26754663466739,723.7730499312381,93.22917202037257,10.98767976254711,0.952550518897126,0.304380533130514,26.348407597095186,0.965657303062861,0.259819116004505,0.00035350149556,0.000356433512851,21.96179998864212,15.979153180311954,5.073908123836585,-9.16143130929618,-38.48861365146586,31.486775917949537,35.103280567905124,4.6811861898132,4.354922587756916,22.097583525530176,17.10453488791332,39.43710285917711,12.438269315700927,24.09130974789088,26.41885050023345,0.946250020518614,0.323436081271899,0.917333125298662,-0.398120505914716,0.272645090727536,-0.962114678456874,0.975741495473855,-0.21892586418796,0.902802550748209,0.430055292215464,-0.117553381301136,-0.160864523771727,0.035890762914688,-0.103843584479071,0.2061561407537,5147.720556482843,14507.937485373399,30288.49255544103,56456.31635670639,93191.88719350283,,-6.527936918000121,-7.017333389191903,-5.558776459279192,-8.174610565742778,-22.50588994565743,-0.002028618106601,0.999997942352172,0.791308376880395,0.0121014496777,0.999926774776882,2.865588623038048,0.001815922411479,0.999998351211538,172.10768114568629,0.012810818036513,0.99991793810354,,0.0,0.0,0.0,0.0,0.0,,410.84005731391943,74.10803635738262,744.729482477896,,803.9941476016576,,20.978063451649312,8591.136415490793,2.110392956122862,2336.966156,1665.0,7.123178997719367,1239.387361,6.974395275115967,1067.9105969518998,-171.47676404810022,-13.835606965504645,13.835606965504645,False,0.41381675,-0.12984984,0.119638085,0.07933003,0.023360841,0.14390315,-0.13649586,0.12271184,0.19536448,0.03740918,-0.098007716
155,VilaNovaPaiva_16092024,2024,3076,p,2024-09-17 23:00:00,2024-09-18 00:00:00,261.958333,262.0,"sat,fops",6,5,1467.5,1467.5,2576.487262,1765.467601,25656.755581,17988.932975,2.0,1.0,4,539.1005444028581,-0.643784450969235,-0.765206887508366,22.0,7.0,0.347794252242358,32.692659710781626,50.53999633900788,11.0,223,17.62087755102041,0.205833782892122,0.283811827388631,0.099331481688973,0.15174841730585,0.231963071582869,0.325070051989958,18.472173579700716,4.644466734053571,40.141195380726145,1272.8299332400238,943.6677354239778,6147.604446412299,10.40170282304723,17658.68882719317,2.663862551700237,48.86210103419012,709.5557027140927,92.96001748689329,13.853219040167184,0.983849445181216,0.178997958693985,29.613699014037255,0.987853172341283,0.1553901859683,4.628236249e-05,4.6282366103e-05,20.18382153973669,16.046238924146323,4.718513820745845,-8.956275165192599,-38.94792482593054,37.463390437802005,34.51915015128482,7.220338433520149,5.110118561486344,30.737908914453513,21.147860147262087,38.834136441796645,8.908911158264537,28.527450208317948,20.999314314276294,0.980290166970607,0.197563125458016,0.81792597505196,-0.575323473652258,0.226746613644384,-0.973953783914208,0.802420667094053,-0.596758806403671,0.897273519090605,0.441475063779102,-0.173049571337596,-0.324961576240538,-0.057010702882485,-0.049706371394583,0.119313396782899,5165.405901963932,14492.724681258776,30271.623762580482,56450.58283948736,93131.85231019204,,-4.51470380467382,-7.289191868685174,-5.339886376275636,-8.359823093137493,-80.49009142786014,-0.001358174627257,0.999999077680416,-1.854276485095463,0.011207327690871,0.999937195930839,3.039089711392521,0.00297027804553,0.999995588714436,179.09033794748922,0.008878574488797,0.99996058468074,,0.0,0.0,0.0,0.0,0.0,,499.8437850267455,61.567698475031534,766.9670807814571,,641.8383915747006,,21.340767177935376,10601.605062897943,1.787306396158248,4160.806846,1785.0,7.476737125844139,1765.467601,7.146510124206543,1268.6672334409761,-496.8003675590239,-28.13987451696226,28.13987451696226,False,0.40263978,-0.104088664,0.13445571,0.20390248,-0.032833584,0.16084717,-0.13779604,0.010477543,0.22370914,-0.034866326,0.041527636
155,VilaNovaPaiva_16092024,2024,3078,p,2024-09-18 00:00:00,2024-09-18 01:00:00,262.0,262.041667,"sat,fops",6,5,1599.75,1599.75,2108.266772,2275.301549,21651.187501,18182.553988,3.0,1.0,4,544.0043440826549,-0.65343896233366,-0.756979208766205,22.0,7.0,0.265736588606544,55.65520677628301,31.29048330842053,8.0,234,16.6796497811132,0.204869369171063,0.283059297620172,0.097394464405316,0.150835720616601,0.231078132407228,0.324429630132928,17.85543725939717,5.67731811352107,44.841532570555955,1129.8889656448841,947.9539020723166,5780.977491646365,11.093221638514784,15348.34500137642,2.849326153338547,39.99638386012252,716.7007872871545,92.72078532561707,13.469365195065048,0.984800599720041,0.17368874111769,28.947391984686018,0.986336362523989,0.164743983085717,3.58642123e-07,3.59610798e-07,19.059550718650858,16.37791402757063,4.679261720893535,-8.962268367029768,-39.08664840484907,42.9291989165419,30.14282315733749,7.710313259603993,5.529341012273103,33.484395447817526,22.309014418108376,33.24287727912908,8.986806604608477,27.01298625985456,22.265001221031785,0.979314952621839,0.202341848294628,0.684941981084288,-0.728597613603236,0.558799927572495,-0.829302502676179,0.806918767112803,-0.590662427517744,0.852479307808742,0.522760968089554,-0.201386104045214,-0.275364878266981,-0.04710430742216,-0.049462290484089,0.053385611640866,5163.039313126576,14487.087888006505,30269.733275065577,56453.30294699983,93108.18634332565,,-2.926055259018762,-7.527877000017185,-5.326899065350135,-8.396820140116812,-54.41893094129199,-0.00187311662026,0.999998245715525,-1.820862401404064,0.008656694006445,0.999962530122444,2.702488820167117,0.002930549721509,0.999995705929945,171.44518505713395,0.007695476737848,0.999970389380494,,0.0,0.0,0.0,0.0,0.0,,423.3849311491533,80.98839079759802,789.6744399677439,,649.2083434356135,,21.9716469911545,11222.470569550122,1.629945135976947,1765.467601,1845.0,7.730307277243381,2275.301549,6.7114362716674805,820.7500485844513,-1454.5515004155486,-63.92785611449292,63.92785611449292,True,0.4082184,-0.11167334,0.16969015,0.23596679,-0.010269815,0.12784688,-0.12765557,-0.087621145,0.23671389,-0.031932738,0.041283283
155,VilaNovaPaiva_16092024,2024,3081,p,2024-09-18 01:00:00,2024-09-18 03:10:00,262.041667,262.131944,sat,6,5,2294.75,1059.115385,1412.44681,971.611929,14425.867574,9668.685735,5.166667,2.166667,4,517.9156573922531,-0.688121265089362,-0.725595703220337,22.0,4.0,1.134429948950652,64.77595008508224,27.18094157685763,8.0,223,17.611718273004797,0.20545402058164,0.28359508684253,0.097655792304465,0.151009429459389,0.231814076297022,0.324939566345646,16.306562130001357,6.594670555160547,52.80333770177722,880.584507350066,945.9401236664165,5922.2051597249965,12.34931687311841,10971.731007120974,3.034296002891738,40.13888039364599,713.0146263553728,92.75622986692906,12.353749059057622,0.986731079070125,0.162363104174276,27.749124038337346,0.984958257763604,0.172792449092214,7.1804239858e-05,7.0734010726e-05,17.38304518272252,16.602582419236846,4.53399041345337,-9.039025417420406,-39.265222217788704,51.88826258276898,26.78442612378559,8.488393258007163,5.363275585010101,34.12896607018123,22.356521068478482,28.477692259842378,11.507753738483503,25.891597337569635,25.24548063948104,0.982491208563422,0.18630895065881,0.509033915170787,-0.860746462790234,0.701878632000673,-0.712296557580383,0.924289917185214,-0.381691169651265,0.772944034437511,0.634474207220013,-0.209352448273074,-0.178597640962925,-0.034489849557291,-0.030880128512043,0.012761853593895,5151.477435765529,14465.813642487139,30247.6450818874,56449.61095796456,93066.99871156369,,-0.851598272488449,-7.765926689784163,-5.300144842804134,-8.425200377031219,-94.03883414175327,-0.001974266328662,0.999998051134333,-0.676110335618963,0.00718281368605,0.99997420326104,2.630158326372874,0.002070584015544,0.99999785633862,162.79352623172142,0.004239878304315,0.999991011675587,,0.0,0.0,0.0,0.0,0.0,,341.1168387869661,45.09059888935445,817.5214612057774,,650.385281774275,,23.15361259640484,11231.982792598996,1.433218399583951,2275.301549,1905.0,6.879985162957189,971.611929,6.585319995880127,723.3828100984174,-248.22911890158264,-25.548175304626447,25.548175304626447,False,0.2669879,-0.1377894,0.16260792,0.20356151,-0.14464267,0.11636273,-0.1661277,-0.0019978085,0.18574996,-0.100588515,-0.0561091
155,VilaNovaPaiva_16092024,2024,3088,p,2024-09-18 18:00:00,2024-09-19 15:00:00,262.75,263.625,sat,6,8,530.0,25.238095,83.886925,85.186322,1113.249394,1130.493488,21.0,21.0,4,1118.714116532449,0.080073983209748,-0.99678892309903,21.0,7.0,5.190476190476191,25.09523809523809,69.0,11.0,233,21.98623595505618,0.213160500980282,0.288267513244263,0.11384450616143,0.15949977379504,0.238467268127811,0.328006673172295,18.83659325725749,10.475173189182174,60.23659791451053,940.4760113790046,930.0566401670509,7486.689859070433,13.98074122232942,4495.6334350529005,2.635404086241422,35.070221495988065,738.2922732744977,90.99041264598982,3.054419271708362,-0.55640876140434,-0.830908713537467,5.170248234040724,-0.59606776977379,-0.802934127956273,0.268632548526678,0.317790585174003,21.072745675559826,14.071094166974609,2.800285994491766,-12.31202688904658,-39.87194836633808,58.256845014593,67.30325438066076,57.11031584062756,14.159175069038168,60.953529279572145,3.360023985886528,12.806082154946635,17.943828978599647,6.871408296714377,21.77698256148845,-0.536712310851889,-0.843765308234479,-0.083779210040856,-0.996484342057079,-0.251914257810545,-0.967749557846327,-0.996254291793819,0.086471880298719,-0.305741333815555,0.952114613267061,0.016506085819392,0.087347761226871,0.003365659349619,0.036206415280107,0.025349376000234,5238.471207093438,14566.43349599088,30303.871403828474,56259.999175840334,92566.11845211341,,-7.639819102512238,-7.25256682471136,-5.901226977893524,-7.682007179235921,-0.131502548964644,-0.004515275995479,0.999989806089384,5.982353389139662,-0.000180169426955,0.999999983769489,0.787256185295927,0.005395556543375,0.999985443878853,15.239559338839507,0.048346900053938,0.99883060488512,1788.2332317345586,13.720102129263301,4.8404284141749,26.1424660468371,36.7716697952435,6.801781653878414,,412.5383293460321,98.15478802453002,822.4665680126705,,903.9012019856993,,17.7156011200515,2859.758906826264,1.323114667010604,484.934844,2925.0,4.456511487584843,85.186322,5.222103118896484,184.3235319267144,99.13720992671439,116.37691075183922,116.37691075183922,True,-0.4726408,-0.25756422,0.078476064,-0.25955242,-0.12546101,0.14580229,0.16790709,0.10053911,-0.19967979,-0.19187498,-0.08509345
107,VilaNovaPaiva_27082023,2023,2634,p,2023-08-27 11:30:00,2023-08-27 12:35:00,239.479167,239.524306,airb,1,1,21.0,19.384615,736.375079,736.375079,8820.175722,8820.175722,1.083333,1.083333,5,845.6864519817074,0.739552209489847,-0.673099197324351,22.0,7.0,0.0,0.0,100.0,10.0,233,22.128571428571426,0.202884735190868,0.270582463382436,0.129778515696522,0.157171333432197,0.223325359821319,0.306401367187499,20.421777343750023,4.652246093750023,35.504194425090716,1545.5571440884578,933.911875,7761.20751953125,9.585384318587154,24450.281555548805,0.54229736328125,43.588110814704024,651.2600145625042,91.03465323163944,15.819720188973761,-0.037560434036929,0.999294357932115,19.327192792407423,-0.04693861442448,0.998897775788849,,,19.105987548828125,10.079681396484375,2.995086669921875,-6.92938232421875,-34.6614990234375,37.154720306396484,59.998504638671875,16.924076080322266,30.512697219848633,34.210243225097656,15.019376876373157,23.48605299479526,50.40228317402881,92.11988985747706,108.08763934397138,-0.057718504623591,0.99833289749663,0.009695414275795,0.999952998366434,-0.080086480368503,0.996787919099236,-0.384575818713836,0.92309340787408,-0.365152356993464,0.930947773068993,0.013411236949259,0.009803384696588,-0.093250379721898,-0.314031185762126,-0.14971693983214,6133.41552734375,15352.66015625,30858.23828125,57123.13671875,94201.6796875,,-9.849011491537905,-4.558812100612074,-3.875418979267315,-7.730004592151817,-1.065311238417063,2.7606545944e-05,0.999999999618939,16.06513305559086,-0.000179540367118,0.999999983882628,16.185799193313848,-0.001231962671152,0.999999241133701,50.84012154700681,0.00201529679388,0.999997969287354,1748.9783398437544,45.6826171874986,0.4890136718751,64.3730468749975,79.84167480468571,0.729999999999991,,2022.6910742187458,,737.7831069082957,,716.5537927948301,,21.16755977655251,7509.688377380371,0.572746313794286,,0.0,6.6030966894600365,736.375079,6.368211269378662,582.014040574492,-154.361038425508,-20.962284415590336,20.962284415590336,False,0.27706298,-0.0764772,-0.07470444,0.044850864,0.2001408,-0.2604983,-0.019025143,0.06185156,-0.078629375,0.01237482,-0.0911949
3,VilaNovadeCerveira_08082015,2015,16,p,2015-08-08 12:00:00,2015-08-08 15:00:00,220.5,220.625,sat,1,1,608.25,202.75,912.908376,912.908376,10783.730192,10783.730192,3.0,3.0,3,435.1451149425287,-0.946294356918316,0.323306340897532,22.0,7.0,6.943303204601479,35.866885784716516,56.1216105176664,10.0,233,20.609950900163668,0.161303165416418,0.221475579542167,0.08756729915738,0.120402259826659,0.180401360988615,0.253312835693358,24.679772949218773,10.670800781250023,41.36577208847199,1822.0489944638473,992.92625,2365.025390625,9.94503616493337,37928.60715105597,0.446529388427734,31.01547818928568,536.4111359036748,89.0213229303697,20.75491479706567,0.177158907455741,0.984182260310095,32.5176875840275,0.257976112213278,0.966151295360785,0.000754374937595,0.00077975073635,19.51361083984375,15.216712951660156,8.323654174804688,-8.046630859375,-36.44740295410156,45.938499450683594,17.828551292419434,2.644498407840729,26.172488689422607,33.952274799346924,35.804226535104135,28.859562262949186,23.212544472051082,45.882747682404904,44.05820403649967,0.492422611624463,0.870356232562819,0.899506833734916,0.436906690340381,-0.224644377438214,0.974440815896685,-0.503135338380325,0.864207632038109,-0.215687446761135,0.976462454633901,-0.087647132120852,-0.227853911865885,-0.038764952214597,-0.083026467885712,-0.274244072153812,6118.3739013671875,15383.209228515625,31274.43896484375,57716.708984375,94609.001953125,-15.438137978817963,-4.688539914824006,-4.435562085766086,-6.392454181168931,-7.91638449722369,39.2995589066533,0.019480244205525,0.999810242038805,-0.279212910220332,0.037029164888467,0.999314185302932,4.10722024336097,0.018245259794352,0.999833541393284,94.01805185104934,0.015535720084404,0.999879313418104,,0.0,0.0,0.0,0.0,0.0,,1008.4892053222632,43.10883789062615,807.1952900854636,,659.4041360534602,,21.158211888269918,17904.261112213135,0.867379538598221,,0.0,6.81773032135269,912.908376,6.8840742111206055,975.5971283051305,62.68875230513049,6.866927060063528,6.866927060063528,False,0.10655757,0.15410419,0.04869044,0.018790705,0.19138694,0.12997784,-0.046373263,0.13415027,0.20971581,0.019450858,-0.10048454
3,VilaNovadeCerveira_08082015,2015,17,p,2015-08-08 15:00:00,2015-08-09 00:00:00,220.625,221.0,sat,1,1,874.5,97.166667,584.719588,478.394166,7025.733757,5616.412889,12.0,9.0,3,283.3561678101772,-0.940386671517132,-0.340107200795471,21.0,7.0,2.72463768115942,26.956521739130434,66.26086956521739,10.0,233,22.202794959908363,0.159348415063244,0.219358825329902,0.085008424404921,0.118850323728794,0.178387857460907,0.251110365153531,21.82175410553369,10.723250317521469,50.28698286225212,1363.5145847394801,992.011899066996,2339.956948682208,11.785581498635342,27606.179129413817,1.134484763937247,30.070522140799227,536.6293867478507,89.10833191706743,19.129998876888116,0.318165757228454,0.948035100050227,33.7510887277446,0.427871332703196,0.903839655387387,0.012244654383124,0.01308540372177,20.241592702102235,18.06512497053031,9.796155442655815,-7.241661347174838,-35.985667597854814,44.197555789667696,9.174577522284773,5.10999270407841,23.256256506220573,33.534681659854186,40.69188888766932,17.67787988251544,21.05037424014241,25.844028178588747,21.996913821362114,0.696275173235327,0.717774952987435,0.89080413413821,0.454387493888503,-0.145958171988871,0.989290762126923,-0.162935994252845,0.986636641209334,-0.390640090986661,0.920543491266943,-0.204875230246169,-0.081698145824242,-0.088485222501353,0.023178435157497,-0.073162034460909,6017.574376982166,15370.980309357241,31377.447238524466,57857.0147650867,94848.77738848684,-3.29322777167186,-2.374842525549314,-5.320936454124802,-6.653119536327047,-8.012057021267916,66.52539831909243,0.025927009627395,0.999663838583642,-0.164697482865772,0.024729475145096,0.999694179766516,1.023656147757794,0.009182022061991,0.999957844346877,136.768715795984,0.022516250465402,0.999746477095558,,0.0,0.0,0.0,0.0,0.0,,662.7943794685395,85.35118818382665,842.2076578858675,,631.1515288736852,,24.28012167878889,21011.329617750653,0.875233022670816,912.908376,180.0,6.172523152547847,478.394166,6.1061601638793945,447.6128040311925,-30.78136196880746,-6.434309645993354,6.434309645993354,False,-0.46175247,-0.084785625,0.10585263,-0.04286001,0.11178538,0.11246117,-0.119031794,0.11862917,0.15151253,-0.018072912,-0.18287015
3,VilaNovadeCerveira_08082015,2015,18,p,2015-08-09 13:30:00,2015-08-09 15:00:00,221.5625,221.625,sat,2,2,328.5,219.0,566.286712,566.286712,8753.848757,8753.848757,1.5,1.5,3,104.43571224256293,-0.272261331079074,-0.962223346006036,31.0,7.0,0.0,0.0,100.0,10.0,233,26.55027692307692,0.140257649093969,0.195444824363016,0.070705887859286,0.103963294865863,0.157605479197205,0.224644387997433,28.143960243788953,12.078755245884203,37.09374995022132,2399.170319688522,990.4197397263854,2016.3048972050537,9.026166468950763,24580.145564969112,1.20433027176102,20.88725592887853,536.108213771281,89.46797404874803,10.308425628601206,-0.527622174433707,0.849479158688338,11.528810864327559,-0.183632037065607,0.982995053376738,0.002390192633574,0.0023959394764,25.83328492594458,18.72767181821422,10.319011274692182,-8.880072498137158,-36.37738004752744,29.595313167392913,21.661929580286554,12.169666219136541,29.570726823058095,23.2246322538655,7.373053591072827,12.73060795482008,2.275905262382486,19.675265132945448,26.48428276898117,0.493512660354521,0.869738612497918,0.64469948776419,-0.764436112750171,0.998165512334701,0.060544281196532,0.265125661240919,-0.96421386826345,-0.868668313653009,-0.495394146973132,0.001653192520643,-0.071777398981218,-0.024966680386922,0.013299978174753,-0.042375169507532,5866.994513314466,15315.469625256299,31405.884538135397,57849.51730179982,94667.29765142727,-4.0353737618492,-7.753256312305224,-5.410825165767426,-7.497075529350147,-7.664554275966451,-8.472952708732851,-0.280332068295092,0.959903084423316,-2.768103952341535,-0.027946689310443,0.999609414999972,1.775910784688257,-0.009701161181231,0.99995294262867,13.91630904161414,-0.299513757246684,0.95409198153007,,0.0,0.0,0.0,0.0,0.0,,719.120918300795,232.0693455529124,782.4127173722959,,651.661537810172,,17.85015536945292,3765.7761729398153,1.408510427356024,,1530.0,6.340864840825335,566.286712,6.123652458190918,455.5291065260453,-110.75760547395464,-19.55857397444188,19.55857397444188,False,0.24212348,-0.08147601,-0.09121985,0.03161665,0.02323719,-0.30576107,0.010866064,0.0047973893,-0.24048607,0.023663199,0.28257412
3,VilaNovadeCerveira_08082015,2015,19,p,2015-08-09 15:00:00,2015-08-09 19:00:00,221.625,221.791667,sat,2,2,796.0,199.0,511.443226,569.29258,7906.059865,8800.314473,5.5,4.0,3,255.44519743027263,0.261142210529754,0.965300339728332,22.0,7.0,0.0,5.399431638774866,94.37953899589517,10.0,233,25.77459526774595,0.139941183510196,0.195286575643804,0.070009988224265,0.103672335903696,0.157318463603779,0.224569851904971,27.013781898217207,13.397033677318415,43.560006670838696,2031.5975791879614,989.8590242795656,2016.6107861238524,10.005662704070666,22596.718296501465,1.246133899518776,20.889006030926854,536.1155344922645,89.46891509029318,10.90894681822521,-0.604690852494719,0.796460277044128,16.327882245323426,-0.441818061227355,0.897104676597609,0.008478232676876,0.009429243724504,26.223545995806234,18.81982745270989,10.327559653672342,-8.762587323397678,-36.35705130077954,30.650426172164355,28.151475566893186,10.222458847042619,29.540287779031036,22.634504989748976,12.108444480425304,12.142934027072208,8.206235158106777,20.142079439646743,32.35509294237836,-0.214172160234917,0.976795928421238,0.598350888248719,-0.801234182079103,0.160132587453256,-0.987095514342723,-0.440294250240919,-0.897853536610948,-0.9238597286465,-0.382731239625426,-0.008558556370479,-0.053127181738294,0.011680914386169,-0.032558413504526,-0.028621230239641,5813.027292053559,15284.156741023344,31346.76825221922,57792.723787241404,94623.06677746658,0.446615985933984,-8.078532655590688,-5.464624964182714,-7.454536656381177,-7.691635498892114,1.159302278064535,-0.068786609174416,0.997631396056823,-1.18772221791233,-0.018236742695326,0.999833696779552,1.706247239872255,-0.006885100704315,0.999976297413239,46.761398958966275,0.026830177621571,0.999640005986553,,0.0,0.0,0.0,0.0,0.0,,311.20583234560934,126.29157149523283,810.7587565365436,,674.1188824264876,,18.810786745598367,6261.696052593824,1.532806281974898,566.286712,1620.0,6.346149527381729,569.29258,6.283650875091553,534.7410213005503,-34.55155869944974,-6.069209386050621,6.069209386050621,False,-0.10391235,-0.1058778,0.1784483,-0.05326122,0.031895988,-0.008642811,0.018640708,0.031983025,-0.039334096,0.031181127,0.34458455
153,VilaPoucaAguiar_16092024_1,2024,3024,p,2024-09-16 16:50:00,2024-09-16 18:20:00,260.701389,260.763889,airb,1,1,67.5,45.0,1307.680434,1307.680434,16587.272471,16587.272471,1.5,1.5,4,891.962744869403,0.89447140063043,-0.447125165310831,22.0,6.0,30.418250950570343,0.0,41.825095057034225,25.0,233,18.080000000000002,0.209292993009091,0.287221205502646,0.123081436753274,0.160144326090813,0.232009699940682,0.328453063964844,26.255273437500023,-0.855322265624977,16.889294010733764,2835.0194296942996,931.308125,7779.28857421875,6.507638053688323,25394.349491623085,1.920875549316406,58.43278028984477,772.6368152632215,94.28662682415457,8.8826706494109,0.986153198514297,0.165836874850022,17.684383430259032,0.992825321354854,0.119573748275411,9.3230298125e-05,9.5300844594e-05,27.083175659179688,18.814193725585938,8.972442626953125,-7.23687744140625,-36.78827667236328,16.753947257995605,17.09855556488037,9.82855749130249,48.7365608215332,74.315673828125,7.400966919460672,33.69506350989,21.9319083079247,49.79465871506202,48.4838114984106,0.986933947766824,0.161125363445339,0.981008263042049,0.193965945060524,0.938186596936662,0.346129902389849,0.810228943044196,0.586113521302388,0.777210924949076,0.629240159350786,0.025524307317783,-0.168586439667611,-0.080914084904229,0.050149097945454,0.052067645815535,5651.92578125,15110.8408203125,31108.9423828125,57626.16796875,94483.6953125,,-9.022660733276513,-6.332993732364011,-6.329598759492924,-8.237108412508764,11.56161066865392,0.000838021844202,0.999999648859633,5.244461297967619,-0.00154535648318,0.999998805935957,8.259032520306457,-0.001714930802464,0.99999852950509,81.65886528568197,0.007201455360861,0.999974069184139,,38.5247802734375,0.0,0.0,38.5247802734375,0.0,,837.641061401365,788.8297424316221,622.8628880176692,,940.9681587007868,,16.248441431637417,3703.722834587097,3.080958630091,,0.0,7.176774606235223,1307.680434,6.756048679351807,858.2403451963287,-449.4400888036714,-34.369260036177266,34.369260036177266,False,0.31645706,-0.050922096,-0.100859895,0.11298746,0.18655291,0.124583244,-0.12199726,0.029933907,-0.041282225,0.13166392,-0.08288925
153,VilaPoucaAguiar_16092024_1,2024,3025,p,2024-09-16 18:20:00,2024-09-17 03:30:00,260.763889,261.145833,sat,1,2,543.5,59.290909,337.186905,340.675421,2412.665643,2370.189319,9.166667,9.166667,4,978.6268281535649,0.999405523626917,-0.034476069149586,22.0,7.0,7.872928176795579,53.45303867403315,25.59852670349908,8.0,234,14.781518987341773,0.208974237630628,0.287364386668107,0.124971311754748,0.159920031857972,0.23144866544114,0.328840656000107,19.027434329846756,0.970022710379684,31.702395784190045,1559.964892482939,926.7450239980062,8210.47742402806,9.21537760209679,15644.240643790557,0.593090024258612,58.32613380485707,788.8244525325945,93.81609297865737,10.356320643214486,0.992878670297891,0.119129954534919,24.08430300264703,0.998624317875865,0.052435405471524,0.002982967416025,0.003308050826843,22.1387148784341,16.23806460077145,9.05188455225423,-7.48156444554785,-36.4425198745182,28.381785341204036,29.814385933460684,23.63396332465385,36.22028629141675,41.00776004744587,7.564218390152305,53.82590622518998,32.22819248696536,43.559260289886346,58.0531875579847,0.993310522168642,0.11547383491103,0.998363150606292,0.05719282744784,0.679804230315747,0.733393624491524,0.59471406819412,0.803937296741481,0.690028540568198,0.723782158664693,0.026514106351542,-0.140699537982544,-0.131935275715312,-0.022146048941767,-0.027694968518225,5686.061887496043,15023.067116398497,30963.712124313817,57504.31046998269,94404.50074345994,,-6.438466789336147,-4.624180468577489,-6.456168292395237,-8.072529078364639,12.924203962082494,-0.000447820297848,0.999999899728485,9.666838341784182,-0.005328563059762,0.999985803107083,7.13201372966191,-0.002971119856586,0.999995586213658,141.2267739677998,0.016088746205627,0.999870567746411,,27.442894649980698,0.0,0.0,27.442894649980698,0.0,,519.1367331050614,176.4095616392618,708.9713329711623,,949.9587117170429,,22.549032837276723,3830.9769304687743,2.411289056893404,1307.680434,90.0,5.833861225015174,340.675421,5.734266757965088,308.28610602224103,-32.38931497775894,-9.507382388399234,9.507382388399234,False,-0.47762653,-0.16192646,0.10849814,-0.032221135,0.06120328,0.067957096,-0.17039049,-0.1413805,0.09799247,0.055444457,-0.1125185
153,VilaPoucaAguiar_16092024_1,2024,3026,p,2024-09-17 03:30:00,2024-09-17 05:10:00,261.145833,261.215278,sat,2,3,468.25,280.95,1172.466098,1172.466098,11900.288654,11900.288654,1.666667,1.666667,4,1057.7160551687198,-0.401361091970912,0.915919905806134,22.0,7.0,20.819848975188783,36.6235167206041,33.76483279395901,8.0,233,16.96607296137339,0.209174139516197,0.287604679921905,0.125617463615473,0.160087094484867,0.231614760029572,0.329102320348206,14.09561874138382,4.431549202941231,52.178617666260095,769.1284624277127,924.2811788027011,8351.430274173223,12.45237289314047,7995.113658513317,-0.515376504417206,57.358873224882174,796.1723609444108,93.20466931825179,10.385786811934466,0.982219089301241,0.187738276896963,25.595816760335897,0.98244492434319,0.186552862835988,5.672891734e-05,5.6729101174e-05,15.983356979575342,13.165498720633707,8.196251729468118,-7.83108613543741,-35.906514142644966,47.83145713722647,43.22408785122245,20.178831969697168,38.348238560146406,34.14551654315056,7.998606888048973,55.18730850266083,27.69415468145035,59.70646291007981,71.00296305213166,0.974518349300978,0.224307794950813,0.999520156180493,-0.030975109183379,0.499196199526726,0.866488981105976,0.417982916066508,0.908454887089358,0.470635254969165,0.882327862407229,0.026676239609644,-0.288879861581632,0.01203535506111,0.088723779975013,-0.064237287577679,5658.428117195097,14838.904022889445,30713.74362439007,57175.94938737467,94089.02676729628,,-3.074692781901139,-3.197623038240841,-6.258536288989939,-7.825698621427479,12.71250012143165,-0.000454506554074,0.999999896711891,7.310443393088319,-0.006607576717849,0.999978169726678,10.127529080606012,-0.003362763046958,0.999994345896361,151.8856778022622,0.008428279017797,0.999964481425615,,20.9796181947078,0.0,0.0,20.9796181947078,0.0,,583.5687281731875,25.6497601300523,798.6140597533622,,949.9640691342713,,25.63648848196552,4003.402783191811,1.378581008694754,,640.0,7.067717125227407,1172.466098,6.3421125411987305,566.994957589647,-605.4711404103531,-51.64082283003061,51.64082283003061,True,0.31160435,-0.12089345,0.11064936,0.21829423,-0.014168851,0.1155766,-0.15056154,-0.120693766,0.14997384,-0.16103542,-0.1303258
153,VilaPoucaAguiar_16092024_1,2024,3027,p,2024-09-17 05:10:00,2024-09-17 09:20:00,261.215278,261.388889,sat,2,3,410.75,98.58,484.536153,324.237874,5708.126098,3738.867982,5.833333,4.166667,4,1029.983044403893,-0.495613483680064,0.868543191093287,32.0,7.0,6.915739268680444,16.375198728139907,47.13831478537361,14.0,233,18.498418491484184,0.211198820751328,0.28865665178712,0.123790485001439,0.161471025689129,0.234200793620153,0.329639631171137,14.151227411869602,5.404396926925911,55.69984354743167,719.3951824926099,928.1472699278843,7943.068119453936,13.0091528379442,9113.425775363083,-0.193196867536885,57.44747254705305,781.3274039629727,93.25815982903347,12.338418473839068,0.985279435495005,0.170951554513682,24.833034397040045,0.985588960706709,0.169157915963369,0.000508080864472,0.00050012106442,14.942139070063451,12.769124599556424,7.155518334630194,-7.731594888059295,-35.83532359737938,54.14450488642227,34.319032991343114,9.561942170544008,32.348111389286764,38.12544323924667,10.252166479376655,52.076484379342304,30.614658494255742,65.77425362065853,82.301155452355,0.987163368593411,0.159713755535675,0.999539215457602,0.030353859102298,0.527770406316294,0.849387072080058,0.580566694166284,0.814212695568444,0.536353125795648,0.843993675597891,-0.001281258273346,-0.348594315761369,0.03616595675879,-0.115615465836275,-0.136224197721593,5633.140974039361,14783.304632841333,30625.706169736302,57038.94329075147,93927.18898359158,,-2.371074515985109,-3.612256897725831,-5.813288465486111,-7.833587112582471,16.549761466235406,-0.001164419870112,0.999999322062953,7.253643317348882,-0.006577292108622,0.999978369380317,10.768926716097694,-0.002800052441296,0.999996079845479,112.7492528456365,0.003079616506407,0.999995257969843,592.466692539431,4.843666137760199,1.2273461036751,0.0,6.070592144014101,0.0,,605.4253258106381,52.938573232524995,813.2805173800206,,877.9851495135225,,25.03842762469025,5132.443491472386,1.210126436448383,1172.466098,740.0,5.784556834606921,324.237874,6.159938335418701,472.39888199091644,148.16100799091646,45.69515774425429,45.69515774425429,True,-0.13699995,-0.15299469,0.12822637,0.0570856,-0.023242455,0.13481027,-0.18015364,0.06680396,0.10692832,-0.13759346,-0.12425225
153,VilaPoucaAguiar_16092024_1,2024,3028,p,2024-09-17 09:20:00,2024-09-17 14:50:00,261.388889,261.618056,sat,2,4,357.25,64.954545,562.79775,360.177235,4382.044413,2679.293626,5.5,5.5,4,1038.2304248595506,-0.304629758358122,0.952470844867533,22.0,7.0,16.86367218282112,31.678486997635936,25.295508274231675,7.0,233,16.329436619718308,0.210762225233517,0.288394569093526,0.123395944686407,0.161044781111807,0.233757090377762,0.329469883305172,20.869843503596844,4.24216566142392,34.277431875508974,1651.0850952982892,926.5145315440826,7920.808136701986,9.376191520958518,27821.802678235217,-0.439853897466397,57.42348762204823,780.7088006078429,93.26181856194194,16.959672721784,0.994664278080036,0.103164790076463,26.463763792244016,0.991911898913159,0.126928266333752,4.3463420838e-05,4.5364852627e-05,19.76080854226768,12.405493421447805,7.285201216380598,-7.56644650612939,-35.87571863944356,33.45195500558559,36.19480472367385,3.10469429721493,27.908659309383545,40.44698797177071,14.790259510705134,41.00801431616583,25.864638947464538,57.41130698384792,114.5147237709078,0.992682089407768,0.12075706757382,0.989673812920471,0.143337866662848,0.669549685692995,0.742767270676631,0.418911474807646,0.908027079042515,0.454600968999048,0.890695211048721,0.020711545141675,-0.234339575347722,-0.005705960180178,-0.014640722769068,-0.038802192592065,5391.942018440718,14640.176390182594,30453.429728895146,56851.57761743669,93705.74715892153,,-8.025717489100147,-3.294817976758988,-5.799439495572861,-7.890879948487985,16.32500222735455,-0.000364138208475,0.99999993370168,3.181644306969589,-0.005478224930385,0.999984994413222,8.18696885398352,-0.003714588978661,0.999993100890561,81.73521884113539,-0.000130175613585,0.999999991527155,,0.0220299168828,0.001231587494,0.0,0.0232615043768,0.0,,1077.6677331286185,156.51818205662653,723.6054355696806,,908.8251467331226,,18.95350602181935,7398.867575014537,1.678570591777395,324.237874,990.0,5.889368793532244,360.177235,5.95665979385376,385.3175863916228,25.1403513916228,6.979994555075865,6.979994555075865,False,-0.20193489,-0.04482511,0.09310612,0.19623591,-0.028197479,0.11264716,-0.16734461,-0.10785335,0.11799047,0.012161879,-0.117083184
153,VilaPoucaAguiar_16092024_1,2024,3029,p,2024-09-17 14:50:00,2024-09-17 16:50:00,261.618056,261.701389,sat,2,4,454.75,227.375,383.43,734.588471,3067.346393,5680.147966,7.5,2.0,4,1074.2952316076294,0.447559908414608,0.894253950720883,22.0,7.0,20.31063321385902,44.086021505376344,16.965352449223417,7.0,234,16.364039301310044,0.209850624642406,0.287902896809675,0.12278359105862,0.160253848607661,0.232781201473186,0.329200395310875,23.667658058480118,2.562769436197234,25.14608784563664,2185.8836940995375,924.1260069873113,7947.567268313746,7.872809965467298,32029.56273987369,0.839861667313367,57.38197037927314,781.9177832479844,93.25923421291532,14.654200917518963,0.998326867025467,0.05782271677391,24.86625318728648,0.99994698675245,0.010296780307244,1.4923967445e-05,1.4948034981e-05,22.75501653280726,14.262597310931543,6.582873976304809,-9.453417108137428,-36.5488306630742,25.45745676503462,37.37836993534199,1.451187412305979,18.159540435981718,20.77735936616923,13.880253587834057,33.65499234428813,17.109932631267636,56.86545271759619,112.18924738265204,0.999948584813593,0.010140400844739,0.999922575639299,0.012443581754068,0.925406348263897,0.378976372077309,0.320092284168368,0.947386367653597,0.549399878807318,0.835559556923685,0.037285442895723,-0.045924965824594,-0.032117145807987,0.180983775976336,-0.005773106579265,5181.386121193715,14514.423886013265,30285.01696066789,56561.41729780998,93370.03388157563,,-9.266463279166866,-4.94176689260482,-6.262032443488339,-7.552531005028342,14.636817726792518,-0.00012948803779,0.999999991616424,-0.261869921093368,-0.00297539240597,0.999995573510218,8.229558075218408,-0.004507127664326,0.999989842848525,78.65896236159253,0.000354082947807,0.999999937312631,,0.0,0.0,0.0,0.0,0.0,,1572.8360882483607,66.17243365824493,675.0695669823067,,920.1962136978254,,15.315377909400267,6940.813633564412,1.721729110919097,360.177235,1320.0,6.600670819687279,734.588471,6.662020206451416,781.1294050443403,46.54093404434025,6.335647220406791,6.335647220406791,False,0.280646,0.07686706,0.106320225,0.1664093,-0.023358181,0.054644283,-0.14377192,-0.11468029,0.16360858,0.07662499,-0.1961116
154,VilaPoucaAguiar_16092024_2,2024,3036,p,2024-09-16 18:35:00,2024-09-16 23:30:00,260.774306,260.979167,sat,1,1,680.75,138.457627,862.936237,862.936237,10186.794564,10186.794564,4.916667,4.916667,3,915.3455262192886,-0.999985833714681,-0.005322815979738,22.0,7.0,10.0,15.46875,65.5078125,13.0,233,20.11614598540146,0.205416331767895,0.285097838523332,0.127954073567681,0.157208366688644,0.22700804112992,0.327257365907161,21.29327261360012,-1.700590564764773,21.865187402599158,1999.4285363405984,925.4063203246162,8170.448744748501,7.670607850588278,19489.371969696345,1.280724125546524,59.23044306331461,809.9057341587481,94.30448681790298,10.048051729348039,0.990058052277881,0.140659351341202,23.601378152820548,0.995003663642332,0.099838416144976,0.003647606927886,0.003818779627599,24.68881225148929,17.550890164731094,8.98944191363805,-7.52701562760525,-36.649063406922565,20.317658910176757,22.937762992477104,19.06101432266066,43.35944872312075,48.20432106341643,9.036523199196102,49.01459333514514,29.42527487770122,46.66755574668875,53.38962078098644,0.98395658578751,0.178408063958405,0.982604155935823,0.185712338679071,0.71212733051164,0.70205032949096,0.749339179114953,0.662186374552761,0.746171530490161,0.665753743576385,0.033437224516439,-0.040731455633746,-0.074043622656042,-0.10042157298529,-0.064079988260469,5688.797570429096,15093.558600438515,31056.048399827152,57590.97029116277,94459.44339800153,,-7.788510102765494,-5.509141368314337,-6.449533276126641,-8.117431695119368,9.535792106952218,-5.44582018e-07,0.999999999999852,8.134544041406404,-0.004344170789899,0.999990564045556,7.364248976366123,-0.001912694601994,0.999998170798007,129.41706246857552,0.020111155515202,0.999797750259443,,13.457899971537298,0.0,0.0,13.457899971537298,0.0,,450.0826347416696,175.49747900513148,656.5197335883353,,949.9699804054413,,21.335086247092637,4564.9889454967715,3.068784319209692,,0.0,6.7614989663122005,862.936237,6.3965840339660645,598.7926630820372,-264.14357391796284,-30.60985998644102,30.60985998644102,False,-0.14922038,-0.08485831,0.09668941,-0.039102823,0.22149754,0.13230088,-0.15113614,0.13387968,0.12444616,0.11851079,-0.10296137
154,VilaPoucaAguiar_16092024_2,2024,3037,p,2024-09-16 23:30:00,2024-09-17 11:40:00,260.979167,261.486111,sat,1,2,664.0,54.575342,213.93918,214.691723,1614.98989,1240.0965,12.166667,12.166667,3,893.0148496240602,-0.970769904837711,0.240012066074567,32.0,7.0,6.181102362204725,21.023622047244096,67.6771653543307,20.0,233,18.812995461422087,0.205864673921543,0.285521889141027,0.125971374334752,0.157556658550794,0.227721915864505,0.327668563860331,15.468471787322514,4.639604354957591,49.045833023134016,916.4939059138723,924.0457503172033,8270.062675843292,11.982119110381097,11397.413085234557,-0.43502803656999,57.30508547241956,809.7693545309174,93.1752499753801,11.972617303156154,0.989097842704013,0.147259830090445,24.63805011152543,0.989890546931274,0.141833370883243,0.001514531464477,0.001636570712879,16.67560369887995,13.036259278011395,7.906315351151377,-7.570490701916044,-35.96152765265678,46.13420937881722,37.40994295128106,16.822119863107677,30.31432345597284,36.887149769218254,10.08333478059882,54.17401935488925,31.55926193200622,55.52178241753666,78.42372771921127,0.986553267713519,0.163440050060497,0.999770651335062,0.021415992367043,0.579319219997458,0.815100755331227,0.484783264223278,0.874634316002421,0.530271707758388,0.847827763140016,0.043981451145067,-0.178492535132248,-0.04204517567458,-0.017232118627291,-0.083699221828756,5643.313699119372,14834.887736797327,30690.132947978123,57154.831995893735,94054.89051184645,,-3.97105354259357,-3.301028689975349,-6.043558396112501,-7.91367093920243,10.262832652350466,-0.000259258864196,0.99999996639242,8.462898006852031,-0.006372891594455,0.999979692920174,9.045601466561942,-0.00337517670503,0.999994304074883,126.98280717081029,0.004753230605263,0.999988703335599,611.7335057952214,18.8585678493316,0.3641069912246,0.0,19.2225713364016,0.0,,660.0139304344317,80.71680641279711,785.3503826654172,,923.8139632457833,,24.252590156959844,5066.210198607295,1.440628819928054,862.936237,295.0,5.373850179918942,214.691723,5.7686920166015625,319.11874868624744,104.42702568624745,48.6404525647444,48.6404525647444,True,-0.5215348,-0.16366261,0.1257325,0.029618837,0.056665093,0.1201675,-0.17756353,0.05092765,0.095774144,-0.0062614963,-0.124113984
154,VilaPoucaAguiar_16092024_2,2024,3038,p,2024-09-17 11:40:00,2024-09-17 14:50:00,261.486111,261.618056,sat,1,3,456.75,144.236842,380.611637,391.23288,3513.86101,3611.917842,3.166667,3.166667,3,841.7916895982388,-0.969926243175235,0.2433990197186,22.0,7.0,0.0,14.465408805031446,83.41909662664379,11.0,233,20.523521739130434,0.205503739910632,0.285420770114812,0.12488967822363,0.157057762516589,0.22747129487013,0.327704913079987,22.09720227904701,3.278581387694129,29.242327352165983,1885.8197256923893,920.9381997314255,8328.28814314308,8.57875163728554,31388.290042148583,-0.321482832025276,57.359999331848506,805.7736777737177,93.20139248208439,16.678016157797682,0.993817732871349,0.111023933592955,25.9692548632347,0.992061961125123,0.125750011087772,0.0001203035157,0.000121653454734,21.021092510397942,12.45109474763305,7.094060411683603,-7.899419071402093,-36.05206211790777,28.239523351779937,41.3889556333339,2.540120640119201,30.13774092128665,36.31407259078343,15.263839108261545,36.319951685054356,23.349135418979564,58.14532598396637,123.93325854946329,0.992097324685018,0.125470707150433,0.991035694530517,0.133597350895951,0.769451203262276,0.638705601821556,0.304998087595483,0.952352963224822,0.455453478497308,0.890259585134977,0.065517553627513,-0.117410982921639,-0.031655138461374,0.059186315696428,-0.042433889793407,5330.022598447104,14610.394691436182,30403.200981434657,56773.30148708815,93612.23028479534,,-9.351112739069778,-3.447157374091645,-5.854823566712839,-7.847221414470337,11.779340635881313,0.000137780916569,0.999999990508209,2.087393699593127,-0.004534853909436,0.999989717497145,8.315381842791739,-0.004194287831294,0.999991203936109,78.17923138873181,-0.000383342151431,0.999999926524395,,0.0,0.0,0.0,0.0,0.0,,1257.4944688621536,166.55907358408194,695.7604733707816,,913.2655707228947,,17.512453477314427,7635.9476064971195,1.802525063161676,214.691723,1025.0,5.971855745026482,391.23288,6.55314826965332,700.4490519829263,309.2161719829263,79.03634581605878,79.03634581605878,True,0.04031384,0.092311576,0.11986855,0.112815976,-0.055273656,0.026395043,-0.15300275,0.13029657,0.16412966,0.051320396,-0.19630924
154,VilaPoucaAguiar_16092024_2,2024,3039,p,2024-09-17 14:50:00,2024-09-18 03:10:00,261.618056,262.131944,sat,1,3,1261.25,102.263514,300.394694,317.277489,2133.049568,1683.100102,15.5,12.333333,3,840.0749504950495,-0.507632781672802,-0.861573536600987,22.0,7.0,46.27916331456154,24.8793242156074,28.177795655671762,8.0,235,13.120079302141157,0.207025580987719,0.286430086283445,0.125035743123008,0.158302220736248,0.229207795297911,0.328443052048379,18.52326257816359,4.062599244718476,40.907136037131785,1357.244089503957,918.9851387110691,8435.289762477983,10.780180308602809,15682.215828863626,1.332542673130776,50.998908695930446,804.5448960309883,92.73410588068879,10.77079801750358,0.981289341271546,0.192538901801314,22.38174743144572,0.988272209976814,0.152702452460806,0.006229611060213,0.005999476264346,20.141101548783432,14.298211682006439,5.633126335744887,-9.246922196366025,-38.406319600880956,41.01887237738539,42.68159003013903,3.384401446999961,6.24434372350603,26.037845046036384,8.129720870764661,38.31082185956221,16.634838579083542,27.041284356329403,45.53083204965063,0.980543095425177,0.196303942940564,0.979226461025766,-0.202769667423295,0.933024292787597,-0.359813380890989,0.971395339263042,0.237468092294607,0.701544621576602,0.712625528547036,0.038275284251308,-0.063303901016564,-0.023708985457412,-0.010515239818647,0.036383805830671,5245.165002641267,14526.382616086494,30283.173809359574,56499.915833946325,93196.40779352582,,-6.375441788747054,-5.575830016255628,-5.810529765149898,-8.127842468210515,9.461672538452975,0.000949259556179,0.999999549453046,3.098008041074884,0.00455414069747,0.999989629847484,5.039969925527424,0.000287429388494,0.999999958692173,124.5982781974389,0.011337494237872,0.999935728546793,,0.0,0.0,0.0,0.0,0.0,,817.7080247773445,112.17795509234266,742.4444553477998,,935.1755674664893,,20.483235446514545,4111.834096370007,1.748525057539775,391.23288,1215.0,5.762923609198334,317.277489,5.37945556640625,215.90415336534048,-101.37333563465953,-31.951001615075036,31.951001615075036,False,-0.52391094,-0.14444998,0.10417968,-0.06580758,-0.005032147,0.088960595,-0.19616455,-0.18397291,0.06703284,-0.02469501,-0.12395344
154,VilaPoucaAguiar_16092024_2,2024,3040,p,2024-09-18 03:10:00,2024-09-18 11:40:00,262.131944,262.486111,sat,1,4,346.5,40.764706,161.510687,159.86022,787.3646,779.318573,8.5,8.5,3,950.4413780663781,0.759000666271803,-0.651089846794557,22.0,7.0,70.49062049062049,2.236652236652237,27.27272727272727,2.0,235,12.987249283667623,0.206240115226623,0.285720029118925,0.12460186475899,0.15802906925378,0.228238722430833,0.327772893612207,13.845193168793333,7.606902974750483,67.34448768392473,567.862878152675,920.0291314012852,8373.273325606668,15.788433396990222,5028.388767515303,1.80727949167828,36.64189513301436,809.7073169299363,91.72316860851103,7.950522158662248,0.997825114951017,0.065916917198773,15.438681562001184,0.996603988704875,0.082343728950865,0.004100519705701,0.003889217195355,15.210805075737795,14.050686494361038,4.43612751100448,-9.381852564609051,-38.580670234614374,66.28640988652745,42.15088168800459,10.285106413664476,7.142197170847277,30.74792420930705,5.303682070411184,21.26415497924131,11.603977184743137,19.966463139266118,53.46225157460339,0.998242310743176,0.059264568184745,0.857812519777197,-0.513962723272317,0.720905777154756,-0.693033087568622,0.788338059973698,0.615242312586599,0.811138743169417,0.584853776024006,0.029999786510173,-0.049246502996589,-0.00729367274948,-0.009828093411889,-0.085107861877199,5368.829218512923,14542.08823271513,30289.656985554233,56497.37153226187,93002.88188619574,,-1.265857931991313,-6.186799602105331,-5.395801253627405,-8.138830408170872,13.085829708298453,-0.000949298700742,0.999999549415887,1.042809446819704,0.006900992388123,0.999976187868521,2.743312576495127,-0.00207883405257,0.999997839222156,66.8904626832531,0.006164557462918,0.999980998935123,,0.0,9.54091129e-05,0.0,9.54091129e-05,0.0,,391.3429487553942,91.88395025111132,838.2978186208759,,840.8296988397632,,23.996646738757796,2666.8609810624766,1.184241006248126,317.277489,1955.0,5.080535789123875,159.86022,5.0147576332092285,149.61962714607725,-10.240592853922749,-6.40596694657542,6.40596694657542,False,-0.38898432,-0.21983108,0.19231817,-0.030590318,-0.13026166,0.09226139,-0.16756739,-0.17748511,-0.016235266,-0.25164223,-0.119331814
88,VilaPoucaAguiar_27072022,2022,2435,p,2022-07-27 17:15:00,2022-07-27 19:30:00,208.71875,208.8125,airb,1,1,83.5,37.111111,863.324498,863.324498,9760.799096,9760.799096,2.25,2.25,3,843.525946969697,0.959090491385816,-0.283099680913478,22.0,6.0,0.0,0.0,0.0,0.0,227,20.66175,0.185566716670992,0.242363796267131,0.125877240300179,0.157531931996347,0.199546672403815,0.272415161132813,25.765405273437523,9.816918945312523,36.726179634650535,2101.7367600790717,923.5303125,8071.5986328125,9.21476754369942,25266.660340906186,1.82891845703125,37.35302285300165,605.2904068404058,92.92660223959649,11.90016733848955,-0.878543071953095,0.477663135193851,20.456505287878358,-0.848701885539693,0.528871543459629,5.239938654e-05,5.296282424e-05,25.723968505859375,17.748748779296875,8.090911865234375,-9.354049682617188,-37.16650390625,37.78398323059082,52.86482620239258,39.80781555175781,29.64284324645996,43.37346649169922,12.19676768699795,26.954844503620762,31.588807926259857,61.016313910244136,67.77552298788919,-0.832503789886542,0.554019349684237,-0.592271042707146,0.805738798848975,-0.93961637513238,0.342229553929941,-0.990247452157286,-0.1393197168243,-0.996843931650726,-0.079386245226248,-0.06713069164869,-0.100015687135245,-0.100585321487752,-0.003156231768655,-0.039369214163231,5431.357421875,14875.0595703125,30876.0166015625,57253.13671875,93944.515625,,-8.70212348315465,-6.21464818932966,-6.812106029556558,-7.752397741559713,7.525405286697335,-0.004803415795274,0.999988463531804,7.890332398365433,-0.001296604697707,0.999999159407776,9.833278094403845,-0.002392826519366,0.999997137186526,68.13500371069523,0.009179832545053,0.99995786444952,,0.0,0.0,0.0,0.0,0.0,,951.5702758788873,302.9357666015562,729.9032072706966,,931.4739616774091,,13.868738348505474,6099.820613861084,1.730012745370443,,0.0,6.761948274681787,863.324498,6.36109733581543,577.8812351046057,-285.44326289539424,-33.06326457278341,33.06326457278341,False,0.21679176,-0.062298212,-0.08776632,0.106359154,0.1549667,-0.0632487,0.055892855,0.12199054,0.026878448,-0.0025939308,-0.06345054
88,VilaPoucaAguiar_27072022,2022,2436,p,2022-07-27 19:30:00,2022-07-28 04:00:00,208.8125,209.166667,sat,1,2,453.0,53.294118,272.424037,277.912569,3065.80701,3246.13381,8.5,8.5,3,784.4176104972375,0.179945955267767,-0.983676498236473,21.0,6.0,0.0,0.0,0.0,0.0,233,22.04125274725275,0.18522489496781,0.24221903454105,0.124665889218779,0.157118513003062,0.199310270822017,0.272374663944881,18.343114612295114,11.887158862552747,67.45122745635516,738.9981984224846,924.1011807245832,8070.863897602273,15.43035914038915,4883.974852436596,1.054260336162348,38.426947811397156,610.1489198810392,92.53198667680448,5.946406467388549,-0.966100257539427,0.258167179134477,11.19687216575732,-0.926690616663856,0.375825093610261,0.003798157735017,0.003271345016108,19.13886087426079,15.91117672761259,7.802656055287893,-10.053630254672592,-36.91547328913363,67.16706099168434,54.972012886494674,51.969851725376394,41.958080903422896,69.82399577001387,6.413044706282068,27.77165859590316,31.444258042660554,55.99260683330595,72.27310966168277,-0.961663967982536,0.274230583057549,-0.507980757364045,0.861368417198965,-0.983631209031893,0.180193353424746,-0.995633189835171,-0.093351761090202,-0.972972829259869,0.230919625675354,-0.026730395584792,-0.106800452225836,-0.034050460371873,0.06280764609119,-0.00440091229442,5564.546960408388,14872.730598228176,30826.49815153304,57160.7637612378,93837.27391907248,,-3.521872371140265,-5.21769043760006,-6.972724778092189,-7.487425942351335,-2.144772494057201,-0.000736392610233,0.999999728862925,11.872304914939175,-0.000608563431387,0.999999814825258,10.559835199528033,-0.00128129734952,0.999999179138214,60.28858302928594,0.025535120322379,0.999673925652821,6773.521535152743,15.0691852589591,0.0,3.9794269756757,17.818047966521,0.0,,247.88459119807067,62.88494623047555,840.1870576292613,,949.8580473641244,,20.408242358977603,3252.792622127609,1.31052024042459,863.324498,135.0,5.630898359950005,277.912569,5.378420829772949,215.67983076935693,-62.23273823064309,-22.39291963460749,22.39291963460749,False,-0.34114337,-0.26395297,-0.113675684,-0.026790284,0.036803834,-0.06544489,0.1135539,0.10875694,-0.10269723,-0.19956943,-0.056840688
88,VilaPoucaAguiar_27072022,2022,2437,p,2022-07-28 04:00:00,2022-07-28 12:30:00,209.166667,209.520833,sat,1,3,166.0,19.529412,121.95724,123.919901,1368.160739,1689.097089,8.5,8.5,3,751.7055306427503,0.723594706223386,-0.690225109022768,32.0,7.0,0.0,0.0,0.0,0.0,233,24.724723926380367,0.185512332376509,0.242300405612547,0.124760485357709,0.157418066594337,0.199612922800914,0.272347005208334,19.170366753472244,11.650754123263912,64.51575216854556,910.0945454571665,924.0860416666666,8071.5986328125,14.602684916083303,6118.353241029416,0.732645670572917,39.283906039154836,613.9373823143274,92.21557463530067,5.508861052291393,-0.874044596273166,0.485845699503122,7.58622188112385,-0.800623951246767,0.599167162559844,0.010683530960873,0.011231638965949,19.842600504557293,14.22542995876736,6.760138617621528,-7.83162095811632,-35.549336751302086,63.476685418023,73.13393317328558,51.896351708306206,27.416056950887043,55.231831868489586,5.091462324743793,16.006035988587975,27.09188839782034,50.43904509163369,70.93983064368996,-0.831873539326531,0.554965237261173,-0.330153149523063,0.943927379547813,-0.996197170576309,0.087127477501396,-0.992217240602214,0.12451886383889,-0.892353434576419,0.451337288288558,-0.030898529972252,-0.052428787776816,-0.023545238120005,-0.043319232268815,0.011651833976609,5554.94287109375,14856.740559895834,30720.905598958332,57096.41232638889,94048.828125,,-6.129149213606949,-4.803783676292683,-5.697955430573312,-7.725990507292249,0.401737159599536,-0.000555221921862,0.999999845864297,10.040647940629297,-0.003784465854056,0.999992838883459,9.56035059081041,-0.001630681025459,0.999998670438813,26.501965115793194,0.0149546679633,0.999888172700381,1448.168627929673,0.3218587239583,19.7014024522565,6.997477213541201,20.354614257812003,0.055555555555556,,654.0341237385996,247.62825753347965,828.187665187763,,932.5062908485933,,21.022519562836933,2576.932907104492,1.028522488717727,277.912569,645.0,4.827672739907359,123.919901,4.856666088104248,127.5947630389087,3.6748620389086994,2.9655140209551165,2.9655140209551165,False,-0.36418527,-0.2651581,-0.11104186,-0.04060772,-0.025641466,-0.073466405,0.14354797,0.033863712,-0.2328034,-0.17578211,-0.07298133
88,VilaPoucaAguiar_27072022,2022,2438,p,2022-07-28 12:30:00,2022-07-28 17:15:00,209.520833,209.71875,airb,3,4,218.25,45.947368,482.652128,482.652128,5312.726264,5312.726264,4.75,4.75,3,672.1187428896474,0.980949605067844,-0.194262380087449,32.0,7.0,0.0,0.0,0.0,0.0,233,21.46826484018265,0.176676699607684,0.233091132839442,0.126536422755855,0.153104678396993,0.188426621599174,0.262940039311272,26.73798382303117,10.57919554690301,36.45403654291996,2231.6808887754833,926.4470396559966,7627.746634852311,9.081042514448157,28091.92342210463,1.706273849244264,40.064977270196124,646.9725970498356,92.47053402393774,12.554219811017251,-0.94597995899896,0.324225102625207,18.157453410232232,-0.92727392315186,0.374383588639458,0.005239465064728,0.005054747923885,25.45979266300577,16.67970362551372,7.267155927025195,-7.652279786314241,-35.51221560184534,41.73035065055639,65.06553281071824,55.803464655482045,45.92404449024796,54.648548955827074,12.115927579625183,18.476966423670987,16.834509083079414,47.22607438776912,69.13253638878632,-0.906693938861966,0.421789166801346,-0.814872012272864,0.579640926448757,-0.999491279150182,0.031893304982925,-0.999349303872237,-0.03606894578548,-0.998439331712574,-0.05584712068986,-0.071539224626134,0.008755657726507,-0.075865423530507,0.039113902456187,0.137774441293549,5443.963181124254,14883.072799447129,30764.81075485693,57194.00273339546,94194.60277254847,,-9.580352845059569,-6.056808893326509,-5.825910117465272,-7.76563268238292,6.440875885912265,-0.006201050531071,0.999980773301323,1.464070288876098,-0.002520363837531,0.999996823878019,7.00411906324061,-0.001387040911177,0.999999038058293,50.70591938466157,0.005334751047749,0.999985770114384,1661.3095900921928,0.0,54.6793184308749,48.2466764548801,60.52567709008439,0.014714564106649,,1791.3856452319064,138.56227324987833,730.2465909961506,,917.3964660732515,,14.452106681235318,6094.030495075067,0.886043769564103,,1155.0,6.18136590449482,482.652128,6.149672031402588,467.5636874041536,-15.088440595846407,-3.126152299041849,3.126152299041849,False,-0.09264378,-0.069603726,-0.06549902,-0.016369555,-0.0021862304,-0.063134044,0.08008013,0.1399267,-0.032366943,0.01633341,-0.08583931
88,VilaPoucaAguiar_27072022,2022,2441,p,2022-07-28 17:15:00,2022-07-28 19:15:00,209.71875,209.802083,airb,3,4,253.25,126.625,594.724805,952.090477,7261.608769,10916.755797,6.75,2.0,3,710.0054780876494,-0.26161956232222,-0.965171075307549,21.0,6.0,0.0,0.0,0.0,0.0,227,18.505366795366797,0.172192594025129,0.228701256017603,0.12700032088085,0.150659036678258,0.182866908140326,0.258600018976585,24.47597713690108,11.50384486072138,44.3508270135743,1711.0221921803395,927.6914824779919,7422.062679769273,10.365413106128846,21411.98620760938,0.757825743360881,40.426930850985364,662.2813343204658,92.58868389299643,12.358605517906135,-0.722342228601143,0.691535758135134,20.00035193569784,-0.677887664562044,0.735165501254389,0.007354138338191,0.007373151648953,24.337739169650597,15.517026900865766,8.001375414144004,-7.726655105345015,-35.86443255993021,47.58178281804028,74.30737345611345,37.463968601325064,41.45295752690269,41.49953636519226,13.649619930707178,23.800868617178786,18.653908054744313,44.966393904349495,84.25951940478139,-0.636828482530958,0.771005501820394,-0.492622125235946,0.870243323288389,-0.969035938691252,0.2469197228347,-0.970216582118759,-0.242239104567766,-0.998556676817595,-0.053708129580174,-0.068673023225994,-0.046964481910107,0.021744498924872,0.067348520727154,0.129237349290686,5454.621411199025,14862.972699150296,30772.885300539463,57202.397891676024,94129.1260365274,,-9.62467869276219,-4.836189544221776,-6.141659369152103,-7.843077803830848,2.411727318974564,-0.006520939620906,0.999978738447203,1.955090684262272,-0.004261267480435,0.999990920758514,6.382739020196842,-0.003784721935103,0.999992837914289,64.72176572948227,0.004569435943886,0.999989560073081,,0.0,1.3632035485085,0.4055601130079,1.6888357560331,0.0,,1212.0460429530315,241.37032721749983,765.8855119512771,,927.7650660872221,,16.27470750404421,6853.392610431651,1.08657055921015,482.652128,1440.0,6.859709838287326,952.090477,6.313921928405762,551.2064215212781,-400.88405547872185,-42.105668018221536,42.105668018221536,True,0.25152773,-0.080393285,-0.07619941,-0.03329649,0.039744437,-0.056149513,0.11774405,0.07159034,-0.04239804,-0.031455427,-0.06880955
86,VilaReal_21082022,2022,2419,p,2022-08-21 07:00:00,2022-08-21 11:40:00,233.291667,233.486111,sat,1,1,643.0,137.785714,743.956819,743.956819,8420.612808,8420.612808,4.666667,4.666667,3,983.4020046710782,0.949826150891571,-0.312778328984767,22.0,7.0,0.0,0.0,0.0,0.0,233,16.661941448382127,0.18733917655468,0.245331493310038,0.122305397748948,0.146125283479691,0.20568262386322,0.276015258789063,21.871777343750022,11.600097656250023,55.580638660945986,1299.4003819247203,926.018,8485.453125,12.963514198060489,7812.616856443728,1.176028442382812,48.29718444500015,794.7489285898965,93.89428441300167,4.997884955754417,-0.826451158653473,0.563008421216177,7.867719133636825,-0.792347467938005,0.610070069788899,0.010189140301311,0.009924156526089,22.2943603515625,17.6981689453125,9.346112060546876,-6.810174560546875,-33.995541381835935,53.399889373779295,34.672050857543944,57.47563781738281,48.129949951171874,40.63184356689453,5.135890084952031,22.247695702593163,28.790056251695265,34.23314823007398,32.72187650316973,-0.819707636301118,0.572782149677897,-0.255252175843712,0.966874514467648,-0.74057928238167,0.671968992221405,-0.661564248619076,0.749888488342819,0.40087639303501,0.916132150678733,-0.011656020149476,-0.053642805127655,-0.077370966674446,-0.106677322710478,-0.030974116130478,5963.0091796875,15349.3857421875,31392.696484375,57985.01484375,95144.809375,,-5.015112628958397,-5.374401706919433,-6.308889658765166,-7.577604430527155,1.930527911069027,0.001465505980809,0.999998926145534,10.687648877663632,0.001181430806956,0.999999302110381,6.034151518351228,0.00094723485249,0.999999551372966,22.83186087750702,0.008656651512932,0.99996253049031,8819.581767577976,64.46372070312461,0.24775390625,2.4752441406247,65.0949707031246,3.259999999999811,,482.311817871087,217.33558044433482,798.0655180323516,,893.3040805892135,,19.706660282487455,3461.035075187683,1.507559345901525,,0.0,6.6133262556259265,743.956819,5.335511207580566,206.57883756426864,-537.3779814357314,-72.23241560687023,72.23241560687023,True,-0.020321539,-0.18762837,-0.097348906,-0.01833079,0.22747919,-0.052011065,0.10818297,-0.09674039,-0.16881806,-0.15607111,-0.0807547
86,VilaReal_21082022,2022,2420,p,2022-08-21 11:40:00,2022-08-21 14:30:00,233.486111,233.604167,airb,1,1,380.0,134.117647,574.654552,396.803677,6962.02402,5087.415044,7.5,2.833333,3,815.4160079051384,0.833165921167272,-0.55302309879922,22.0,7.0,0.0,0.0,0.0,0.0,233,22.67246073298429,0.187069514662028,0.245173228506811,0.122084458470346,0.146133410533269,0.205327203273773,0.275915934244792,28.480859375000023,9.371565755208357,30.32639323269648,2705.208356598474,925.863125,8485.453125,8.085650755681327,30018.70326016204,0.986017862955729,48.29718444500015,794.7489285898965,93.89428441300167,11.047808537380469,-0.850515444336016,0.525950072674118,15.21639803560705,-0.84328851615712,0.537461141402355,0.00020555931736,0.000222126396556,26.810333251953125,17.60479736328125,9.632761637369791,-6.328348795572917,-34.06860860188802,33.486245473225914,51.484161376953125,59.33944574991862,47.69142278035482,38.72685114542643,10.432180260709009,18.159370336001864,30.6084364100388,22.871948039413308,24.87631107806866,-0.852458106247752,0.522795540429044,-0.696134512462941,0.717911373748866,-0.707130304509415,0.707083257081103,-0.72740748081741,0.686205768593407,-0.219909354840243,0.975520310221037,-0.0062228026877,0.03902951676794,-0.040599479050714,-0.049999847353767,-0.074072193478774,5882.839192708333,15352.164713541666,31394.422526041668,58050.130208333336,95298.95572916667,,-10.044577175099684,-5.129864775120429,-6.232675051786379,-7.732274388429249,4.101583967807061,-0.000576902503413,0.999999833591737,8.809760952679227,0.001979605431181,0.999998040579249,2.369235033482787,0.00076122494778,0.999999710268248,38.346238425825334,0.005310648270606,0.999985898408046,,64.9690755208359,0.0,0.5052490234374,65.1486816406275,0.0,,1344.279433593738,161.70860351562078,699.1895793866097,,920.675083463463,,14.822921942812249,5225.145022074382,1.675555221219733,743.956819,280.0,5.985958609715514,396.803677,6.229379653930664,506.4405970568038,109.63692005680383,27.630016154513566,27.630016154513566,False,0.09696413,0.11632837,-0.083989955,0.026852831,0.018125085,-0.074634805,0.080951914,0.07870768,-0.08633703,0.06515098,-0.08153135
86,VilaReal_21082022,2022,2421,p,2022-08-21 14:30:00,2022-08-22 03:00:00,233.604167,234.125,sat,1,2,3041.25,243.3,473.340435,475.221602,6317.249078,6185.441969,12.5,12.5,3,805.2615510874025,0.368308248928013,-0.929703734407677,22.0,7.0,0.0,0.0,0.0,0.0,233,22.126875615359367,0.187007052724861,0.245566680010442,0.121659871908407,0.145996323679786,0.205321713497941,0.276550609791173,22.256617161532695,11.864707712459742,55.79441279493523,1373.8431079508787,927.0595471700495,8227.598942893439,13.073621385572608,12494.608418946866,1.738909908443174,45.290042875979616,793.4624509802704,93.63378704105354,6.323348402650571,-0.735125841270644,0.677930673075151,11.935378466386078,-0.580412756367179,0.814322437518612,0.087416848146588,0.126690211451923,23.273936005491592,19.68043237670518,10.202612559818833,-5.94080039024927,-33.89358963765555,57.42519636666051,31.933059297458,50.726416510379494,49.64465507967783,40.30396645509593,5.859920014663808,22.571024963981063,23.693173436956794,19.8988288305619,14.276290135089866,-0.828821950641312,0.559512443235296,0.153902764615608,0.988085997797597,0.128922089800201,0.991654725578187,-0.769577401182972,0.638553540111135,-0.436017314987766,0.899938276233909,-0.019486700556158,-0.061603876261733,-0.044285902886428,-0.025564696117989,-0.00494919391105,5818.874326918528,15253.667276231401,31377.267290107437,58023.38154182983,95288.431122145,,-3.921034577982994,-6.098810353490332,-6.303862601997183,-7.791514495249099,6.6050930714777,0.010505184581616,0.999944819025983,7.410015703728776,-0.024341701000019,0.999703696898449,2.511493189075046,0.00304182826141,0.999995373629712,57.19711142814223,0.032638685113168,0.999467216187746,3261.415938938417,19.306451394447897,0.1598778764626,0.5146154999044,19.8673514381057,0.0,,522.5090665199302,140.39074237752865,798.3157707395543,,869.6744013324349,,21.203057670447816,3181.2445628498817,1.469169959533919,396.803677,450.0,6.165883296316614,475.221602,4.972715854644775,143.41857510468094,-331.8030268953191,-69.82069533432511,69.82069533432511,True,-0.4159122,-0.14977787,-0.08565458,-0.16064677,-0.030398088,-0.07809959,0.20224637,0.09341154,-0.07680949,-0.17444296,-0.085504666
86,VilaReal_21082022,2022,2422,p,2022-08-22 03:00:00,2022-08-22 12:30:00,234.125,234.520833,sat,1,3,306.5,32.263158,123.984269,128.231014,915.424212,1195.634264,9.5,9.5,3,805.0363775510205,-0.333914838164854,-0.942603246786971,21.0,7.0,0.0,0.0,0.0,0.0,233,21.789774919614146,0.187712437183708,0.245598386571861,0.124710157705991,0.146880926313779,0.205746849469994,0.27622587302062,20.811617833492477,13.312554047633668,65.60646745064815,1025.865100855545,935.0141029415897,7294.191940789475,14.8785067212597,7841.78179826034,1.10344899163079,39.093995433813696,795.5916948707821,93.1397929292182,6.040592835517384,0.899598567511799,0.436717777667362,12.714991757215257,0.899691684986309,0.436525912136376,0.028059872381085,0.02886245510885,21.897899685081335,18.872893151335813,10.665995168074236,-7.556878710085202,-34.799385961356066,64.41586043872618,43.54675983534143,44.291686479727005,71.15062255424918,50.01575584366852,6.407181081541922,23.526409932425334,13.241492943523674,5.436355378279046,17.687907096358,0.930010394496565,0.367533217720989,0.960221092482571,0.279240852225419,-0.175591707467028,0.984463078164343,-0.174269994755442,0.984697907445699,0.48432685093666,-0.87488713641348,-0.023836647112819,-0.084214994463728,-0.022327732250153,0.019419555711937,0.089635657202165,5744.241953264291,15148.080535094317,31271.125974430273,57857.12860261662,94942.17408673043,,-3.300721647370753,-5.280994506898933,-7.115874040808455,-7.593531659989926,9.325262862313659,-0.003587805523591,0.99999356380505,2.317561685329232,0.031520138557732,0.999503116986286,0.091249155913026,0.011988715613152,0.999928132766524,55.49961984079008,0.005747238205238,0.999983484490125,10245.002393605537,13.952378439529001,0.1279926716761,0.0173101620737,14.0977528709669,0.0,,409.75339872937275,118.5667389224587,839.2586302478569,,837.2798194914328,,20.882405906764085,3311.9032496070513,1.169383275625565,475.221602,1200.0,4.861601608981593,128.231014,4.7321295738220215,112.5370906973338,-15.693923302666192,-12.238789051973178,12.238789051973178,False,-0.46554625,-0.20224649,-0.10868279,-0.08034357,-0.016014691,-0.067779064,-0.15645029,0.102363154,-0.0657508,-0.19087999,-0.17087533
59,ViladeRei_20072019,2019,1880,p,2019-07-20 14:30:00,2019-07-20 17:00:00,201.604167,201.708333,"airb,fops,sat",1,1,521.25,208.5,1743.59626,1743.59626,27180.18271,27180.18271,2.5,2.5,3,237.54133787661405,0.35041250549114,0.936595470838623,22.0,6.0,0.0,0.0,99.80870396939264,16.0,233,29.353180952380956,0.196007470173847,0.237499309280666,0.104705976553937,0.158382810886502,0.215857863234591,0.259452663305439,29.212358310453283,15.003666278481193,42.19974761759189,2349.8943736116485,979.3434418904553,3073.090664329029,9.603530349711987,49000.634619421115,2.041193840480928,45.91683809946875,580.5844489409997,90.91076241081504,20.915658297577405,-0.584113365918087,0.811672086347586,29.569354882828854,-0.564843065815573,0.825198346459846,9.2054193828e-05,9.4391286004e-05,24.46349463072619,19.711266860807047,9.628879179845189,-8.000862195810477,-35.870120620882766,54.314146306047725,33.73086140401677,21.28104948060309,11.115665170704219,59.48979668033684,31.329073715784922,10.065865346734608,22.92585296967796,30.302647066444017,12.938980870194909,-0.535234387885336,0.844703587079521,-0.820507020796649,0.571636448123637,-0.863591047627104,-0.504192921864559,-0.813041565753548,-0.582205644387805,-0.022442108774669,0.999748144161191,-0.110978925139095,-0.148598935203108,-0.05461720800357,-0.037988598877822,-0.020887360613425,5697.464070205388,15152.808362069283,31235.278636936604,57733.890392787005,94690.41287568888,-22.34268253483693,-5.185370973062546,-6.487839140705931,-6.884260948079711,-7.768231251231661,40.29990140640282,0.00504416773946,0.999987278104985,0.213116392116257,-0.009529849869236,0.999954589949699,1.511127113415175,-0.005189424522572,0.999986534845907,80.0351644878633,0.005535671020479,0.999984678055795,,0.0,0.0,0.0,0.0,0.0,,896.3519821503755,128.62701381392418,795.605124214298,,730.5396836699869,,15.565243301309541,15667.689627780528,1.09729357344333,,0.0,7.464278438238939,1743.59626,7.327939510345459,1521.2419745011323,-222.35428549886774,-12.75262459549367,12.75262459549367,False,0.14067194,0.19135739,-0.077385955,0.12107588,0.16504298,-0.017301545,0.14820048,0.029122682,0.31799987,0.0074279443,0.0076216226
59,ViladeRei_20072019,2019,1882,p,2019-07-20 17:00:00,2019-07-20 18:00:00,201.708333,201.75,"airb,fops",1,1,216.25,216.25,1609.3486,1428.410421,26432.563864,23131.316056,3.5,1.0,3,269.14133522727275,0.316846510232989,0.948476825733331,22.0,6.0,0.0,0.0,99.41656942823805,16.0,233,28.825674418604653,0.192653123645467,0.234253540626325,0.103109368234862,0.155971546769126,0.212057559788209,0.2562643432617,27.376855468750023,14.860498046875023,46.50757703872014,1956.9666887546964,974.3328125,3439.842041015625,10.364329776313497,43578.41013963946,2.201461791992188,46.7647948861916,589.6882885916996,91.14692942954477,22.290662776317244,-0.596472356770045,0.80263361978501,32.86277923012013,-0.564896462926328,0.825161793936998,4.1164820986e-05,4.1167841041e-05,23.215362548828125,20.1702880859375,9.767364501953125,-7.931884765625,-35.76720428466797,58.84533500671387,28.649439811706543,19.918668746948242,10.589230060577393,56.686912536621094,35.481432468053384,11.734327896061536,23.679685613856876,30.188937325984806,10.809759979319805,-0.533710669477292,0.845667145682095,-0.926863082270221,0.375399556105951,-0.894254679534825,-0.447558452193753,-0.773774703723998,-0.633460896880651,0.188626626465094,0.982048876476318,-0.157041383560002,-0.135569045137685,-0.052468112921821,-0.030061400808781,-0.067050232264559,5686.236083984375,15137.15673828125,31235.650390625,57741.970703125,94705.55078125,-22.452271285481405,-3.322618673842676,-6.694098356621403,-6.911403176416985,-7.758771176391191,60.081423491927964,0.005967206960821,0.999982196062053,-0.162177564608362,-0.009229284402473,0.999957409247723,1.16474066543595,-0.005444235987519,0.99998518003744,97.23176379803186,0.005370966833204,0.999985576253616,,0.0,0.0,0.0,0.0,0.0,,708.4245202636833,163.72645751953632,810.8456744808889,,727.1452871201782,,17.238154443822893,17743.80588531494,1.131721119791178,1743.59626,150.0,7.26501734523083,1428.410421,7.3773345947265625,1598.321242411092,169.910821411092,11.895098139380767,11.895098139380767,False,0.31830722,0.16689734,-0.08183432,0.13953815,0.018898327,-0.003808514,0.14688914,0.070233375,0.34174648,-0.011793537,0.022620067
59,ViladeRei_20072019,2019,1883,p,2019-07-20 18:00:00,2019-07-20 19:00:00,201.75,201.791667,"airb,fops",1,1,325.75,325.75,1640.477618,1912.839732,27017.557461,30095.289783,4.5,1.0,3,257.0951574427481,0.890472140141847,0.455037765060438,22.0,6.0,0.0,0.0,96.26168224299066,16.0,233,27.520091185410337,0.192586958157999,0.234221066219978,0.103029628396024,0.155894152522071,0.211995989084225,0.2562496948242,25.080590820312523,14.972802734375023,53.67709843074478,1484.3594073219617,974.5803125,3439.842041015625,11.55467210768855,32396.225434216947,2.236442565917969,46.7647948861916,589.6882885916996,91.14692942954477,21.699608059952244,-0.578265952849547,0.815848324000856,33.513717552014874,-0.550498091421648,0.834836421906186,9.7939430579e-05,9.8066371557e-05,21.45849609375,20.311370849609375,9.838485717773438,-7.871505737304688,-35.679901123046875,64.93747901916504,25.73009204864502,18.206636428833008,10.210397243499756,53.25485420227051,38.06841278575649,13.200329660327384,23.485157969467192,30.33558873375305,9.638163801724534,-0.501988971021193,0.864874021446525,-0.949124524984706,0.314900994079974,-0.908852210521009,-0.417118279905203,-0.757638686539321,-0.652674207134748,0.372811588903553,0.927907063869657,-0.176839244610835,-0.120081780486394,-0.06461981064166,-0.041265241614593,-0.056671462202067,5696.31640625,15136.76806640625,31240.2587890625,57753.552734375,94731.6484375,-20.30303999448501,-1.251680313196624,-6.739117382159651,-6.915597907373465,-7.751266387762467,75.5130210956516,0.00796763366141,0.999968257903138,-0.110569002339048,-0.009107555215664,0.999958525358924,1.255388405155553,-0.005579374465054,0.999984435169157,108.13443999678046,0.005820421381689,0.999983061204008,,0.0,0.0,0.0,0.0,0.0,,566.4860168457117,120.15054931640697,839.7886055897867,,720.7123593917688,,19.105099725668907,19037.421226501465,0.989600457131519,1428.410421,210.0,7.556866833919711,1912.839732,7.2662858963012695,1430.2248517253586,-482.61488027464134,-25.230283133550124,25.230283133550124,False,0.30567646,0.14116603,-0.08183432,0.16168314,0.04534962,0.045635734,0.14567205,0.06425059,0.34145898,-0.024797443,0.02676595
59,ViladeRei_20072019,2019,1884,p,2019-07-20 19:00:00,2019-07-20 20:00:00,201.791667,201.833333,"airb,fops",1,1,1163.0,1163.0,2314.670092,5364.430684,37597.698783,81282.479478,5.5,1.0,3,258.0610259433962,-0.985845082222917,-0.167658801906996,22.0,7.0,0.0,0.0,98.53068280034573,16.0,233,25.611802575107298,0.192560272924585,0.234207242266821,0.102997150570144,0.155862401127799,0.211971344649773,0.256242675781232,22.741479492187523,14.876977539062523,61.311629597308674,1077.3803066924138,974.911875,3439.842041015625,13.68726079031311,20979.89765563164,2.254302978515625,46.7647948861916,589.6882885916996,91.14692942954477,19.19425215527079,-0.579035534327,0.815302305888218,32.17823294658628,-0.548576769532481,0.836100190126343,0.000142945344866,0.000144107617584,19.908035278320312,20.434341430664062,9.925735473632812,-7.811965942382812,-35.67060852050781,68.63788223266602,22.497748374938965,16.09273910522461,9.951774597167969,51.462778091430664,39.28151484348534,14.274404813984017,22.699224527900498,30.66893726587205,8.482705043410268,-0.438604998426145,0.89867995157097,-0.948535062627519,0.316672125338195,-0.914395182462863,-0.404822739342428,-0.760332482614546,-0.649534075996942,0.646456582632176,0.762950776113065,-0.204861230439002,-0.134512936027699,-0.065806695549814,-0.031731464760488,-0.010288945157167,5708.578369140625,15144.833984375,31252.3603515625,57774.224609375,94765.2734375,-15.345877732809345,0.574276481986458,-6.76210310490448,-6.926418406545294,-7.765272207515592,94.972164178084,0.016468394056527,0.99986438680313,0.502327223206122,-0.008892017705453,0.999960465229064,1.782643031179624,-0.005500422781202,0.999984872560194,120.16759787555131,0.010046817688475,0.999949529453529,,0.0,0.0,0.0,0.0,0.0,,453.5861425781337,105.649199218749,867.8312250144778,,708.8037265080113,,21.24125771108349,19669.721603393555,0.834004558543297,1912.839732,270.0,8.587731928450447,5364.430684,6.750262260437012,853.2827777243233,-4511.147906275677,-84.09369366502708,84.09369366502708,True,0.33249876,-0.08610932,-0.0825681,0.18873958,0.055539686,0.016292078,0.12664413,0.060934912,0.33005476,-0.14048766,0.032414738
59,ViladeRei_20072019,2019,1885,p,2019-07-20 20:00:00,2019-07-20 21:00:00,201.833333,201.875,fops,1,1,396.25,396.25,2327.564959,2453.809823,36950.871805,38536.650271,6.5,1.0,3,336.5876654064272,-0.051044055919285,0.998696402494426,22.0,6.0,0.0,0.0,93.98058252427185,16.0,233,26.009346733668345,0.19575773051814,0.238170697760535,0.105065918407696,0.159161520517944,0.215248884612268,0.260611421169209,21.28418057421643,14.525454261348173,65.43583815418577,877.7516475890224,972.1301817365825,3725.960526333238,15.276751885402266,13956.458792397085,2.334801164953026,47.78869541334899,620.9171323912059,91.77822876168347,15.771340250977161,-0.602990124090533,0.797748651048238,28.756144632631433,-0.549631281636437,0.835407358267024,0.000209897636792,0.000211234538885,19.80063914029897,20.69217397570131,10.022571645795257,-7.847801315131306,-35.77761985725887,64.23997554852491,19.21557691988155,14.57537074149877,9.765145351074839,52.44692856308079,36.46053635046049,14.064010893550769,21.04815522569347,31.398546075227653,7.926221838851257,-0.381470986507281,0.924380812464842,-0.948399866316095,0.317076794438845,-0.894379828196942,-0.447308308568495,-0.775665685909193,-0.631143996012813,0.922406937716355,0.386219421123195,-0.224081187827117,-0.12213017007223,-0.041155573345321,0.006805713209304,0.033249791090038,5726.8758389286795,15175.8374792315,31287.66587446092,57813.558739125845,94803.54891871037,-9.430164359192563,0.972794041193028,-6.865701439197966,-6.978225492995977,-7.785111678644247,118.13205932265362,0.029413139023431,0.999567340029069,1.256355555402766,-0.009144119831372,0.999958191662286,2.628696388737469,-0.005366373605723,0.999985600913495,122.36905237528728,0.014875028436554,0.999889360643972,,0.0,0.0,0.0,0.0,0.0,,362.014598801635,70.86187854681407,879.3490784955256,,700.1772158799104,,22.385414879824815,18261.59503773162,0.817266931237269,5364.430684,330.0,7.805804572054924,2453.809823,6.704527378082275,815.0922320765056,-1638.7175909234943,-66.78258337559416,66.78258337559416,True,0.32128468,-0.16383927,-0.090605095,0.11351678,0.005035714,0.033097,0.13918045,0.05854678,0.32190004,-0.16048317,0.014937868
59,ViladeRei_20072019,2019,1887,p,2019-07-20 21:00:00,2019-07-20 23:00:00,201.875,201.958333,fops,1,1,382.75,191.375,2258.355479,2035.061725,34290.563106,24212.722475,8.5,2.0,3,324.0629722404731,0.242705462604254,0.970100024957249,32.0,7.0,1.277740416946873,2.219233355749832,91.32481506388702,16.0,233,21.878582474226803,0.197083249255998,0.239804572521798,0.106054989993562,0.160544245441739,0.216590428352339,0.262408447265607,19.588769531250023,14.184065755208357,71.079411891147,663.2502647733867,971.4277083333333,3843.651611328125,16.35490836134967,8615.652143059759,2.223637898763021,48.20986346138414,633.7627075585001,92.03790545916588,12.802566452828108,-0.571297538972395,0.820743030408473,24.401412597747925,-0.507689954471139,0.861539848253749,0.000349144101847,0.000337997144568,20.646067301432293,20.774566650390625,10.327290852864584,-7.974873860677083,-35.95147196451823,53.647212982177734,15.665253321329752,12.136591911315918,9.895701090494791,49.6053721110026,31.679822564541514,11.018097879578779,20.29446005371394,33.63721238525383,5.860483439949713,-0.283005993812471,0.959118140515659,-0.861923848001298,0.50703775031711,-0.841560332607697,-0.54016312960181,-0.821627021839866,-0.570025470468252,0.952303573118918,0.305152264656419,-0.189187255165406,-0.07825144854375,-0.033730302105067,0.019122998808279,0.004954003681708,5764.020345052083,15227.7060546875,31344.15625,57862.631510416664,94829.81770833333,8.810063096351419,0.140211460057461,-6.72263822595572,-7.146836423632531,-7.79815093672854,121.2852737790057,0.040982727732321,0.999159855092076,2.511954264233125,-0.010053142183926,0.999949465889267,3.845082185348126,-0.00521220431692,0.999986416370822,118.3934338943641,0.019622301153433,0.999807464113688,,0.0,0.0,0.0,0.0,0.0,,262.4107533772879,55.361546325683506,896.3372145133204,,685.3001937566402,,23.85258741050235,15858.643213907877,0.759581049439365,2453.809823,390.0,7.618772694008511,2035.061725,6.456199645996094,635.6370073645112,-1399.4247176354888,-68.76571361173276,68.76571361173276,True,0.24977496,-0.14486566,0.19991145,0.109474055,-0.039083607,0.03347401,0.10781561,0.12488352,0.20476231,-0.30071524,0.008938735
59,ViladeRei_20072019,2019,1888,p,2019-07-20 23:00:00,2019-07-21 00:00:00,201.958333,202.0,fops,2,2,1561.5,1561.5,1707.181949,1707.181949,26452.609119,26452.609119,1.0,1.0,3,306.8563719219699,-0.999809758450145,-0.019505048266102,22.0,7.0,0.080321285140562,0.0,96.0160642570281,16.0,233,25.358017960230917,0.197086643780091,0.239413318769958,0.105638272231906,0.159905594475545,0.216821930394435,0.261808384902163,17.65221099425391,14.022113056911305,79.34127233988215,418.4437426318341,975.2278628665874,3559.9850961483908,17.878723747295638,5008.9670732039685,2.121212999734563,41.655233405464315,599.2466490136411,91.8886904498008,11.96652238177904,-0.507507505054877,0.861647336392897,23.26003443378878,-0.476008476298334,0.879440691855988,2.5695928666e-05,2.5715004644e-05,21.012883789646356,20.678889895254162,10.436463895785035,-8.045287893130673,-36.03039207429313,45.05126078482802,11.134114569070581,10.616686564370529,10.9455574877942,46.81417675341363,30.6037761501693,8.635662355252583,20.88019055951767,33.260626652860346,3.902416245496099,-0.246104280958914,0.969243355867708,-0.782868088534008,0.622187717618332,-0.798143234022113,-0.602467740202513,-0.857350897941945,-0.514732394354718,0.988928822354131,-0.148390647674548,-0.163303694536533,-0.058990065322493,0.00303975170617,0.01633328167047,-0.013882355194706,5801.469750238512,15259.19028279148,31372.371918618697,57879.37818168579,94833.70524054693,20.705953025659106,-0.364435866505378,-6.590820983864453,-7.216963617414542,-7.800521906729429,104.30392560113494,0.035364873042384,0.999374467231726,3.232489904120939,-0.01064766563926,0.999943312001453,4.017053281237782,-0.005059192359525,0.999987202204443,121.30955601026935,0.020416103826809,0.999791569630657,,0.0,0.0560900252921,0.0,0.0560900252921,0.0,,206.8685145140604,23.180074426644182,923.7498891765617,,676.8466977837192,,25.46950091642388,15302.688114158484,0.566250760997608,,510.0,7.4431848961924265,1707.181949,6.358673572540283,576.4798630094423,-1130.7020859905579,-66.23207834717785,66.23207834717785,True,0.3455296,-0.22241455,-0.089754716,0.17618184,-0.051145077,0.012842754,0.06465947,0.06681195,0.24190845,-0.3121933,-0.023483504
59,ViladeRei_20072019,2019,1893,p,2019-07-21 14:30:00,2019-07-21 15:00:00,202.604167,202.625,sat,5,3,78.0,156.0,1952.776083,1952.776083,21434.01249,21434.01249,0.5,0.5,3,293.5841619318182,-0.320025917593235,-0.947408788258061,31.0,6.0,0.0,0.0,38.63636363636363,16.0,233,20.420384615384616,0.197011645257457,0.239596183716614,0.108578175306311,0.160876357555374,0.216148802638037,0.262127685546857,33.61782226562502,12.445703125000023,27.766481856238386,3752.843249454161,971.47,3843.651611328125,7.228926342173443,46810.28512155019,1.854782104492188,38.23675852379724,643.2701773377142,93.17414375596296,12.473285455862989,-0.792375075739713,0.610034211619712,14.802582986432846,-0.838796347262007,0.544445302872487,,,28.871734619140625,20.019927978515625,10.31036376953125,-8.842071533203125,-36.18963623046875,34.02216720581055,42.656463623046875,21.02916145324707,11.6867036819458,42.36296463012695,13.821497045671775,0.468392462475683,18.998846189886454,22.90689311670581,12.061756143858812,-0.834433293021839,0.551108954288287,-0.311135748913676,0.950365480090647,-0.5018888380162,-0.864932132756524,-0.523975477589838,-0.851733349637374,-0.967427591397299,0.253147892353899,-0.006331205336097,-0.029019642264518,-0.040690159627812,-0.025526718854664,-0.040499272775098,5827.09619140625,15368.396484375,31519.783203125,57963.51171875,94876.3984375,-26.579704479718824,-9.658607170304078,-6.247933793817044,-7.478859706773994,-7.622815199677403,11.945519346312997,0.005074424017037,0.999987125027565,2.652741938184441,-0.010568283753992,0.999944154129867,2.095679964916051,-0.005256432182132,0.999986184864928,30.558286632528546,0.006804537118847,0.999976848869312,,0.0,0.0,0.0,0.0,0.0,,1357.3276855468896,,714.0445171092953,,675.5955234356693,,11.850915032378424,6910.748481750488,1.49685245883016,,1440.0,7.577519231870501,1952.776083,7.225245475769043,1372.675778362966,-580.100304637034,-29.706442519812143,29.706442519812143,False,0.2851157,0.18189594,-0.080446124,0.11676009,0.020075977,0.17528272,0.0598167,0.11882662,-0.08556072,0.12356926,0.19611394
59,ViladeRei_20072019,2019,1896,p,2019-07-21 15:00:00,2019-07-21 16:00:00,202.625,202.666667,airb,4,3,104.0,104.0,1705.24325,1780.874444,22503.530824,23173.480302,1.5,1.0,3,324.3106083535109,-0.840000085358551,0.542586266502965,22.0,4.0,0.0,0.0,93.33333333333333,16.0,233,23.478899082568805,0.196916627258046,0.239553326584871,0.108467486500731,0.160771846771225,0.216058076918108,0.262112426757794,33.36550292968752,12.781518554687523,28.80543408267134,3648.2093340688807,971.3709375000001,3843.651611328125,7.393377874109207,49578.48839278486,1.975807189941406,38.23675852379724,643.2701773377142,93.17414375596296,13.608808853380653,-0.76135015468397,0.648340914922616,16.91473574591642,-0.791205624412327,0.611550210447433,0.001025807354744,0.001033167360616,28.68011474609375,20.3594970703125,10.407882690429688,-8.801895141601562,-36.238975524902344,36.543508529663086,39.835487365722656,20.312691688537598,11.480809211730957,42.86595153808594,16.089981562392722,0.67826822652705,18.902377270867298,22.94450806858555,11.45131461057857,-0.778466892081297,0.62768566809613,0.971241418147101,-0.238096845160974,-0.508603301857534,-0.861000976387143,-0.524203179252088,-0.85159322852052,-0.956063465972348,0.29315976707751,-0.019620519295762,-0.056066746336993,-0.048694766181241,-0.019385637326004,-0.021944918179488,5829.86376953125,15370.59619140625,31528.599609375,57978.078125,94894.84375,-26.7004952801109,-9.0790028304307,-6.403688821540758,-7.501251466624067,-7.647766654758394,17.334995419186356,0.006326788764895,0.999979985671676,2.033899877218658,-0.010997999994025,0.999939520169161,1.808585713051794,-0.005499146177417,0.999984879581346,37.58008750289924,0.006939493178716,0.999975921427322,,0.0,0.0,0.0,0.0,0.0,,1274.5639648437782,165.52744140622303,720.0664443107278,,679.4559820498515,,12.036878342579413,8072.154521942139,1.513551087252574,,1470.0,7.485421147636021,1780.874444,6.944164752960205,1036.08041700363,-744.7940269963701,-41.821815653859204,41.821815653859204,True,0.24303503,0.17979835,-0.079273336,0.01973667,0.022442829,0.019118315,0.07321678,0.032303013,-0.08189012,0.090940826,0.18493176
59,ViladeRei_20072019,2019,1899,p,2019-07-21 18:00:00,2019-07-21 19:00:00,202.75,202.791667,fops,3,3,144.25,144.25,1004.359154,1859.443756,16425.482976,28542.406633,4.5,1.0,3,371.6603813559322,-0.018143821880733,-0.999835387315112,21.0,6.0,0.0,0.0,99.48979591836735,16.0,233,25.95513888888889,0.196392293423366,0.239181924858557,0.107969635567382,0.160202373681473,0.215544333972973,0.261821941490933,29.110443690730357,15.297528980131144,43.43423612891587,2293.703429280282,971.455969027376,3829.704367363305,9.779143272201692,38427.764573742985,2.874395262876293,38.18420936418042,641.742607889141,93.14638517683763,16.52451617401685,-0.660136605025453,0.751145566921266,24.5403263050221,-0.629315855710445,0.777149634080484,3.7893479e-08,3.8213286e-08,25.67791480002405,22.534265693643796,10.785475167891212,-8.570271848143035,-36.542103024590574,52.83725484048921,16.587209645194104,18.539518600821925,10.279581670242244,44.050286061493665,26.99884510986754,8.426123959159112,17.54754765435246,24.123524516781323,3.958924994540224,-0.55738735915364,0.830252571122626,-0.209938058028262,-0.977714688337719,-0.480086782538238,-0.877220999082946,-0.477241736216907,-0.87877205532076,-0.91403167507511,0.405642819435261,-0.136624956101905,-0.071198529694606,-0.033062438049983,-0.040557128765725,0.019820870517229,5796.863542605706,15332.368477398792,31513.41285751685,57979.31213543412,94921.12543744418,-22.17052110336463,-3.430177932316473,-7.560140062146555,-7.558251165691832,-7.796822211227971,64.90208375607091,0.015220993011011,0.999884153975729,0.081100491680787,-0.012777813369848,0.999918360410231,1.311750850071461,-0.006469780351264,0.999979070752086,79.92188620428622,0.008288351466899,0.999965651025055,,0.0,0.0,0.0,0.0,2.366842404958068,,561.3791213644104,207.07812390238826,793.9262995788456,,699.3217783714952,,15.273312705856071,13519.02236662618,1.450373311463703,610.030054,1650.0,7.528570316746547,1859.443756,7.109947204589844,1223.082918425987,-636.360837574013,-34.22318290190935,34.22318290190935,False,0.31451115,0.14324991,-0.074686386,0.13359536,0.0044587506,-0.02913996,0.12890823,0.058338057,0.25949064,0.029536407,0.22918451
59,ViladeRei_20072019,2019,1900,p,2019-07-21 19:00:00,2019-07-21 20:00:00,202.791667,202.833333,fops,3,3,382.0,382.0,1461.166563,3691.178761,18126.457589,47046.291237,5.5,1.0,3,359.8410094895288,-0.900647140187645,0.434551180957799,22.0,7.0,0.0,0.0,96.87712152070604,16.0,233,23.145026178010472,0.196523046880944,0.239361257588144,0.108060935139647,0.16033410429953,0.215678638219816,0.262026977539044,26.813256835937523,16.043481445312523,51.86901949488014,1706.5082807706083,971.2684375,3843.651611328125,11.139122928720187,23261.76212587511,2.951927185058594,38.23675852379724,643.2701773377142,93.17414375596296,13.398289967021128,-0.678791639767661,0.734330926613832,23.448807971609572,-0.621593535119318,0.783339949892682,0.000349948877587,0.000354985449496,24.560012817382812,22.705535888671875,10.801681518554688,-8.449111938476562,-36.63603210449219,57.41721534729004,12.693357944488525,18.020434379577637,9.356311321258545,44.56201362609863,26.25632481828366,8.701513424106254,17.103662011591442,25.06973573217589,1.8959213472087,-0.434118412701843,0.900855817405445,-0.480607384081422,-0.876935882699763,-0.40444990090321,-0.914560155298373,-0.442696061731459,-0.896671733092694,-0.99165865162238,0.128891887496781,-0.172663982015273,-0.023968187765123,-0.005673959003875,-0.022339757034067,0.018069045226301,5792.859375,15337.09619140625,31515.6689453125,57980.537109375,94924.6796875,-12.770917487715263,-2.023503775896562,-7.659920918686781,-7.517267712094264,-7.856775762380069,80.08646593689645,0.036653220671702,0.999328044945398,0.991141068365976,-0.013136514618001,0.999913712269059,2.035508062102337,-0.006498553079669,0.999978884180996,99.14270249303652,0.016290668187089,0.999867298260133,,0.0,0.0,0.0,0.0,2.69999999999929,,380.89362487793954,155.1404235839825,829.2381546575358,,698.3575227270696,,17.489259882107604,13193.921566009521,1.277730710049889,1859.443756,1710.0,8.213972012922978,3691.178761,6.9792962074279785,1073.1621135875323,-2618.016647412468,-70.92630340946167,70.92630340946167,True,0.33270782,-0.086584836,-0.08731053,0.062830724,-0.032855194,0.0160955,0.14206083,0.053065933,0.23499252,-0.023651514,0.2282776
59,ViladeRei_20072019,2019,1901,p,2019-07-21 20:00:00,2019-07-21 23:30:00,202.833333,202.979167,"fops,sat",3,3,811.0,231.714286,1265.080159,1079.306305,15370.935497,11911.418943,9.0,3.5,3,325.2513871763255,0.083880188139379,-0.996475847192345,31.0,6.0,10.18867924528302,0.0,75.50314465408805,21.0,233,19.051439114391144,0.196439434029146,0.239330330019264,0.107638205215325,0.160288882628068,0.215616797655804,0.262023925781232,23.273156738281273,16.085229492187523,64.3904981510001,1038.0112208272856,971.93046875,3843.651611328125,14.535090650177764,10688.83896122884,3.017921447753906,38.23675852379724,643.2701773377142,93.17414375596296,9.94663537303689,-0.654596593338593,0.755978372699582,19.666752695606867,-0.565143138091944,0.824992868737415,0.001408221902368,0.001418597470267,25.09239959716797,22.916290283203125,10.880447387695312,-8.664604187011719,-36.81178665161133,53.11583232879639,11.759101867675781,15.939035654067993,9.183369398117065,44.546929359436035,17.75447249947569,8.827093315297345,20.32331223236752,28.40565850454525,1.470626930171408,-0.307479978966706,0.951554550477604,-0.079317726840401,-0.996849385919895,-0.181387981628666,-0.983411612764807,-0.426763114984822,-0.90436344667863,-0.790573829148494,-0.612366737066512,-0.145427410325505,-0.088183485191301,-0.01120217328021,0.006404666673666,0.018788068364784,5858.5330810546875,15418.095703125,31602.31591796875,58050.5869140625,94945.666015625,17.37371254778878,-2.374451439863614,-7.744853213322734,-7.632172952336082,-7.845699340851956,49.65787121255939,0.048226145817243,0.998836442496775,3.797166420656609,-0.01472849472428,0.99989152983869,3.465081888975921,-0.006616053936313,0.99997811367565,101.98422027694387,0.026850270450195,0.999639466496172,,0.0,0.0,0.0,0.0,0.149999999999961,,195.07593231202273,60.38295593261725,874.2346513557093,,697.0216573941967,,20.584280264664336,8932.403683662415,1.033650846377633,3691.178761,1770.0,6.984999895647665,1079.306305,6.428224086761475,618.0735502829058,-461.2327547170943,-42.7341851502567,42.7341851502567,True,0.07336736,-0.16367537,-0.1074832,0.07053122,-0.017893497,0.12456217,0.15006877,0.09569853,-0.040971827,-0.12189798,0.33483315
59,ViladeRei_20072019,2019,1907,p,2019-07-22 18:00:00,2019-07-22 20:30:00,203.75,203.854167,"airb,fops",6,5,157.25,62.9,476.956186,449.43191,2325.161406,2190.98056,2.5,2.5,3,447.92701771653543,-0.512153107303915,-0.858894169661748,21.0,6.0,41.29032258064516,0.0,49.193548387096776,21.0,235,14.222578616352203,0.196157911146664,0.238958164016594,0.107368546227604,0.16018176277477,0.215283253788931,0.261603800455711,28.79083658854169,15.995589192708357,46.64867624416187,2169.5023608150364,969.42875,3843.651611328125,10.241838957863521,34377.69599818889,4.002543131510417,42.2103283602988,653.4366212995848,94.79395423899159,15.265294751691888,-0.722070540281221,0.691819438045785,23.499704930341945,-0.725452405934595,0.688272334707496,0.000242374795618,0.0002283180961,26.109832763671875,23.524444580078125,9.519358317057291,-9.1827392578125,-36.8843027750651,51.44850285847982,34.17590204874674,56.41074879964193,8.457938353220621,33.81282297770182,25.433983371312298,5.900392775624625,27.039845641154976,31.47207525319887,24.96586230336179,-0.67678931590398,0.736176759941675,-0.999968575814163,0.00792763421174,0.560222093259193,-0.828342445021555,-0.306603276826588,-0.951837397163611,0.126622460316223,-0.991950982933868,-0.127381790908242,-0.124603473840936,0.174037244610461,0.017251426724907,0.039033120981821,5643.614420572917,15244.7919921875,31455.551432291668,57855.84765625,94640.8359375,,-2.821034152900891,-9.012026684687177,-7.303006733816255,-7.721488248467536,62.925927677986884,0.013562644825196,0.999908023102798,4.088369511600898,-0.019152549326963,0.999816573104426,2.921326105429848,-0.00662952846269,0.999978024434719,79.684264724477,0.009725991944585,0.999952701421769,,0.7147216796875,0.0,0.0504557291667,0.7643636067708,139.59999999996816,,387.2526000976718,105.40098876953687,804.5894197927873,,717.560714617725,,15.041061631556602,27411.886088053387,1.520043033564586,1577.787415,3090.0,6.110206922450861,449.43191,6.806952476501465,903.1113038143023,453.67939381430233,100.94507838001586,100.94507838001586,True,0.12656692,0.14129901,-0.08828607,0.014227264,-0.09100187,0.19810803,0.077750996,-0.16597755,0.15355173,-0.025670948,0.3032574
94,Vimioso_10082023,2023,2570,p,2023-08-10 11:50:00,2023-08-10 15:15:00,222.493056,222.635417,airb,1,1,148.75,43.536585,526.348061,526.348061,6652.338427,6652.338427,3.416667,3.416667,5,597.7801041666667,0.576419849508496,-0.817153692454854,22.0,7.0,0.0,0.0,95.73283858998145,19.0,236,22.119866666666667,0.185562015452694,0.243174444752467,0.143962991688683,0.160346816070076,0.196960798138569,0.273657211577743,31.5537567622438,7.502274657173179,22.57168953591262,3596.6328265781503,948.3572873310998,6434.555617368004,6.739230721587911,34988.001418382664,2.093513617346118,44.630755678793335,654.3018871656441,94.37609485089384,9.536420015238525,-0.925969139810877,-0.377599195070521,13.13104907066044,-0.966943255826298,-0.254991646945616,0.004861446204651,0.004821667786484,29.21411127456675,20.604245106456716,10.417217871764482,-5.901781423392658,-32.9914101014873,23.37815570481827,33.84882771403685,31.42613953802833,52.053008844550405,48.74767752921858,9.763892054094695,13.173394828961316,27.524838247370205,54.352595147247094,57.382248882464935,-0.951152592311571,-0.308721146245247,-0.999984386472621,0.00558809546947,-0.992905716000096,0.11890432765184,-0.992263108265678,-0.124152825078347,-0.997387645940385,-0.072234920402091,0.021049089054718,-0.044433805124069,-0.053693317918981,-0.033249211705628,0.023445195953332,6092.936657854545,15618.674668963005,31727.94319916008,58355.04128348248,95646.47076791123,,-9.394614961990907,-6.555172853100253,-6.372427545336719,-7.550918537972915,6.284986023956426,0.001723955828495,0.999998513987047,7.227296167603212,0.003206242563427,0.999994859991102,8.912058748200746,0.000684961502998,0.999999765413842,29.59095431637214,0.008255481948673,0.999965922928274,,0.0,0.0,0.0,0.0,0.0,,1475.4173267115793,197.7905863472481,667.3608416150917,,911.9770284966037,,12.662839877608267,4919.848065885687,1.911333153378275,,0.0,6.267860787840923,526.348061,6.581363677978516,720.5225831335732,194.1745221335732,36.89089720681486,36.89089720681486,True,0.030690745,0.12103292,-0.07904876,-0.019121118,0.17003042,-0.012682115,0.071929134,0.08962534,-0.12971222,0.10290741,-0.08773007
94,Vimioso_10082023,2023,2571,p,2023-08-10 15:15:00,2023-08-10 17:30:00,222.635417,222.729167,airb,1,1,196.75,87.444444,580.30474,715.46675,7320.307187,8487.005955,5.666667,2.25,5,569.6641438802084,-0.866251123135976,0.499608838658466,22.0,7.0,0.0,0.0,93.73177842565597,19.0,236,21.210714285714285,0.185277943381488,0.243026426432117,0.143554082717431,0.160219370464637,0.196643180269019,0.273581179368959,32.65185294200634,6.084860332318982,19.09636323533924,3982.3745770961277,947.8649578022741,6433.20547256171,6.163727379334825,48172.403151899314,2.767856855503364,44.62938781439341,654.3786352502195,94.37607308237797,12.090358394769408,-0.990525093065862,-0.137331860858526,15.89134423167745,-0.999105938157357,-0.042276758848175,0.000512966652042,0.000512969554045,31.11602555538568,22.37976305579793,10.844049344791202,-5.981457014556934,-32.86371303090358,19.153795895825724,28.80626728416106,37.422266216749385,37.767881347000355,34.2967433513591,11.440452625384331,16.42581333854571,26.53677767202895,51.66832568199974,56.82773379090844,-0.997362705809508,-0.072578461407892,-0.991352148722793,0.131228492419525,-0.999555665468925,-0.02980724121709,-0.984934168280947,-0.172929708704779,-0.984700861861791,-0.174253300251805,0.003422557234759,-0.049549119012193,-0.023151574582366,-0.044199275046539,-0.012066955514209,6033.29550963784,15611.208918081544,31767.36137834667,58414.533309325096,95704.6260778814,,-9.53253172441858,-7.423028879515137,-6.570214156475074,-7.493115823344795,7.341527939312648,-0.000145680316762,0.999999989388623,6.052032888176521,0.000325295959627,0.999999947091268,8.012107231787162,-0.000355974950207,0.999999936640915,40.090016649192904,0.006036993210534,0.999981777190453,,18.2834629567242,0.0,0.0,18.2834629567242,0.0,,1691.222340066614,74.26334770535004,642.9039656620778,,916.4228681147997,,11.476289731087036,5722.2620200316815,1.982507293624595,526.348061,205.0,6.574331840050466,715.46675,6.767602920532227,868.2257914153797,152.75904141537967,21.35096304830094,21.35096304830094,False,0.18350993,0.18550538,-0.08460052,-0.0012854398,0.0390072,0.023894956,0.04607682,0.1518251,-0.081476,0.10086379,-0.06638024
94,Vimioso_10082023,2023,2572,p,2023-08-10 17:30:00,2023-08-10 19:15:00,222.729167,222.802083,airb,1,1,114.5,65.428571,556.11196,519.480644,6966.513167,4576.893063,7.416667,1.75,5,597.9061825053996,-0.938113414928568,-0.346328198001635,21.0,1.0,0.0,0.0,41.6,28.0,236,19.316173913043478,0.184428557360786,0.237536055032494,0.145736560318067,0.162006267745039,0.194730113766754,0.2656352601498,31.116417568017525,6.416546787403479,21.382657988610795,3553.4919840400908,945.2266655284275,6648.668483892808,6.623634413672093,37669.41361810152,2.650918247090893,45.180013080251896,676.6133310529426,94.47981527128512,10.519354952755737,-0.995359777573632,-0.096223246612084,17.214215525743235,-0.99998490575587,-0.005494384444504,0.00057086834208,0.000577954596307,30.792754476230854,22.24941288975307,10.947576395571286,-5.818193193401807,-32.955835430786905,21.41348374638268,30.71205375604245,35.547924212736945,22.19316071946008,27.37003324815408,10.149055931896036,17.083872182678203,26.575259495954807,50.281704513879795,58.06948588981295,-0.998672719921858,-0.051505324810922,-0.957636433683219,0.287979966113072,-0.999920663428514,0.012596302976646,-0.985048548357179,-0.172276978669274,-0.978115752459737,-0.208061468778154,-0.002121011342569,-0.060976916120073,0.006385562445498,-0.04021853004686,0.012572163905261,6044.724280012637,15617.853236485862,31789.333045207313,58432.516164300374,95737.04796900772,,-9.322026977724978,-7.272533003989403,-6.546887466270464,-7.564301758511984,6.785411516607835,-3.6831405869e-05,0.999999999321724,6.634120037372432,0.000502087812765,0.999999873953906,8.0065685015075,-0.000424597198909,0.999999909858605,68.01402499784169,0.009463818901627,0.999955217063143,,5.501935809890901,0.0,0.0,5.501935809890901,0.0,,1048.4283944621498,862.9115878925465,658.3921070551261,,936.7690072994026,,13.242085076457709,5078.793059126414,2.44218706810612,715.46675,340.0,6.254752700043674,519.480644,6.618239402770996,747.6259074735709,228.14526347357094,43.917952691529145,43.917952691529145,True,0.21598251,0.1285373,-0.078247726,-0.008585967,-0.009813463,0.1374938,0.067721866,0.13268356,-0.060682457,0.10660426,-0.07602755
134,Vimioso_10082024,2024,2777,p,2024-08-10 18:30:00,2024-08-10 20:00:00,223.770833,223.833333,fops,1,1,100.75,67.166667,893.650507,820.018166,6326.507743,5186.998412,1.833333,1.5,3,709.4937810945273,0.962657586031066,0.270721946019974,22.0,7.0,0.0,0.0,0.0,0.0,236,16.575049504950496,0.206564521068339,0.271502092369294,0.156132574975492,0.177305440008643,0.220001525580888,0.305860595703132,31.562402343750023,10.149194335937523,26.780555486464216,3392.346632202165,929.7296875000001,7321.23583984375,7.302354200811203,24511.844368144186,4.915313720703125,37.525236699246825,622.0224979941786,94.21633676487193,7.220344517503522,0.80140331654263,0.598124338440155,4.623939296986343,-0.264010347856558,0.964519847501678,0.00589266081588,0.00596645273215,35.10224914550781,26.560791015625,10.73016357421875,-8.642547607421875,-36.78184509277344,22.156411170959473,24.740389823913574,54.48511505126953,61.428110122680664,71.18623733520508,3.98845005215535,3.645152253780854,20.926138284871204,23.353051500988222,31.973065762665378,0.126816339181492,0.991926215056647,-0.598656620913561,-0.801005774159186,0.313869582150459,-0.949466105451214,0.174079778274649,-0.984731552655773,-0.421655629548742,-0.906756047716173,-0.012491097346948,-0.030647415937609,-0.175901021672025,-0.052847306155689,0.360601960247978,5476.036865234375,15168.9931640625,31485.396484375,57961.294921875,94755.078125,,-9.319971852922581,-10.186730324824275,-7.564875525080451,-7.843501494706366,0.94574571673277,0.247894542552111,0.968787022917256,7.48249932796109,-0.002493298605264,0.999996891726202,3.985104306065625,-0.000695253999138,0.999999758310909,5.867268682092802,0.510011857592168,0.860167370408449,3966.0732177734617,82.2543945312509,0.0,26.2775268554691,86.1387329101569,7.739999999998465,,44.84598663330023,10.534902648922746,679.9821998102527,,949.7084115490991,,10.66509989056648,2806.2801837921143,3.193223751700351,,20.0,6.710545235882424,820.018166,6.379431247711182,588.5922803210756,-231.42588567892437,-28.222043763713934,28.222043763713934,False,0.26360294,-0.06908924,-0.09529966,-0.057767462,0.119273186,-0.06734362,0.016562406,-0.08552411,-0.20750667,0.16084588,0.23230535
134,Vimioso_10082024,2024,2778,p,2024-08-10 20:00:00,2024-08-10 21:30:00,223.833333,223.895833,fops,1,1,76.0,50.666667,832.26534,866.351377,5683.498108,6776.031745,3.333333,1.5,3,744.3642578125,-0.389909806369906,-0.920853051738757,21.0,6.0,0.0,0.0,0.0,0.0,233,17.013589743589744,0.206562080639605,0.271498254250909,0.156128588020803,0.177304309308531,0.219998853504663,0.305856018066413,30.363671875000023,9.967919921875023,28.321422004747483,3101.625759577244,929.5931250000001,7321.23583984375,7.628703361136161,25630.243192385245,4.713890075683594,37.525236699246825,622.0224979941786,94.21633676487193,8.263863587308412,0.707966137350247,0.706246379364434,9.958182163428464,0.249553883084309,0.968360913831998,0.001003556247851,0.001004158160191,34.820831298828125,26.390243530273438,10.96246337890625,-8.545150756835938,-37.055206298828125,24.20665454864502,24.99266815185547,53.10327911376953,62.52001953125,81.02261734008789,6.40350319444608,3.309006087069717,25.049475790162386,22.425652678877817,27.991285869697588,0.284160313237448,0.958776781310851,0.960903876506017,0.276882177316833,0.480293723348222,-0.877107712491631,-0.102220534936488,-0.994761761547607,-0.303500702237506,-0.95283121471819,-0.013283217291941,-0.157270211358601,-0.372364097429142,-0.064923962771099,0.184884050092028,5475.79150390625,15160.14306640625,31478.9228515625,57984.8359375,94724.85546875,,-9.19899617977769,-9.927505179080484,-7.617553957447269,-7.946845985554051,-2.230478223762127,0.000526157694844,0.999999861579031,8.382522241908294,0.018320677925001,0.999832162295437,3.509327715100068,0.0108699292134,0.999940920574259,46.96211731354503,0.553760710700316,0.832675852468823,4838.2656445312305,90.1055297851567,0.0,15.924011230468698,91.3064575195316,2.659999999999131,,47.12706771850654,15.097064819335372,689.6059958800831,,949.7799831975498,,12.064212677502411,3273.214340209961,3.080946542899583,820.018166,110.0,6.765444173800554,866.351377,6.463574409484863,640.3494097908815,-226.00196720911845,-26.086640271954977,26.086640271954977,False,0.26485112,-0.06805967,-0.091209985,-0.023834514,0.02679253,-0.07531071,-0.0006629671,-0.1013598,-0.17055584,0.13158792,0.24617258
134,Vimioso_10082024,2024,2779,p,2024-08-11 13:30:00,2024-08-11 14:30:00,224.5625,224.604167,fops,2,2,60.5,60.5,1154.385792,1154.385792,16332.020381,16332.020381,1.0,1.0,3,740.6955046106557,-0.294838753258793,-0.955547021122875,22.0,3.0,0.0,0.0,33.116883116883116,30.0,233,19.093220338983052,0.20632533898354,0.271286411037913,0.155446075797082,0.176852266192439,0.219868246912961,0.30565734863282,34.79042968750002,8.999902343750023,20.684084023089383,4397.95843434836,927.640625,7321.23583984375,6.162624290343976,54648.64256205905,4.918960571289062,49.89763941195539,631.3017603175707,94.63528782366592,12.425911562794537,-0.524807349854523,-0.851221032128949,17.25662526749117,-0.626468459373582,-0.779446771377039,,,33.85772705078125,25.08831787109375,9.250396728515625,-7.70306396484375,-36.018096923828125,21.116802215576172,31.02814483642578,61.89187240600586,18.387481689453125,18.923328399658203,11.936041792567996,19.643722364470506,24.3109821534057,27.75218962519366,32.93386993715534,-0.634633439208761,-0.772813300764201,-0.542479212312136,-0.840069225843445,0.159818982290468,-0.987146338138191,-0.525486868376573,-0.850801710837362,-0.997722060434405,0.067458803150703,0.029280789151878,0.036448807273932,-0.005947842644032,0.076547882596141,-0.003529954560294,5292.11865234375,14948.033203125,31184.943359375,57666.50390625,94546.28125,,-9.568699568462293,-10.191423693244621,-6.620179213023634,-7.892485711559308,5.945068317245468,0.001023093984908,0.999999476639212,4.923679392617876,-0.006630840936238,0.999978015732585,3.023583679591454,-0.000529408568244,0.999999859863274,45.47613742214818,-0.004386964929668,0.999990377223054,3036.012617187494,6.6375732421868,0.0,22.406127929688697,28.231933593750604,0.0,,2913.5960546875017,,637.6199723312395,,912.1439441496997,,7.160032374931291,5968.020915985107,0.823860544434745,,1160.0,7.05218958623157,1154.385792,7.4942803382873535,1796.7305418071694,642.3447498071694,55.64385444265494,55.64385444265494,True,0.29309025,0.2561858,-0.08071449,0.12495275,0.013822655,0.1436356,0.114934266,0.09709948,-0.058326624,0.11583379,0.18146509
134,Vimioso_10082024,2024,2780,p,2024-08-11 14:30:00,2024-08-11 15:40:00,224.604167,224.652778,"airb, fops",2,2,110.0,94.285714,977.951191,836.770244,9774.033571,7249.405492,2.166667,1.166667,3,750.4218397291196,0.004766649862796,-0.999988639460012,22.0,7.0,0.0,0.0,42.64705882352941,29.0,233,19.226666666666667,0.206190826618675,0.271225896463268,0.155074248909952,0.176716479659083,0.219757178425794,0.305635986328132,34.90883789062502,8.831445312500023,20.316768273100692,4447.321611913594,927.30375,7321.23583984375,6.10156315953299,55159.38429483999,5.0467529296875,49.89763941195539,631.3017603175707,94.63528782366592,12.402832335551736,-0.572934614501061,-0.819601078273157,17.56361623674664,-0.681703419426997,-0.731628627065358,,,34.073333740234375,25.336883544921875,9.243377685546875,-7.526641845703125,-35.55958557128906,20.837682723999023,30.208019256591797,67.06810760498047,19.664968490600586,26.285322189331055,12.034770077668911,20.007905986666216,22.133893009973754,27.87691550824249,34.40760135069325,-0.685553578916336,-0.728022177158776,-0.599615057680981,-0.800288562083849,-0.125896260655675,-0.992043412131202,-0.490203871041469,-0.87160780447169,-0.993576177546467,0.113165274762852,0.02725875625775,0.050106131249628,0.063954569234768,0.052554658538085,-0.046739056719406,5264.328125,14925.4638671875,31175.220703125,57652.015625,94558.2421875,,-9.532736527725579,-10.355887963204413,-6.548547031832152,-7.81385662265071,6.234734378239202,0.001218594269733,0.999999257513727,3.892037249611483,-0.004961170388217,0.999987693318462,3.016573653477232,-0.000931326991775,0.999999566314923,47.12550541944722,-0.003820611810527,0.999992701436062,3017.6282128906128,9.6237792968742,0.0,17.4997558593749,24.2606201171868,0.0,,3054.0280566406336,,634.7652663400517,,912.1557440212364,,7.173509217467824,6017.385005950928,0.71804973988478,1154.385792,1220.0,6.730743891052405,836.770244,7.2968597412109375,1474.6586938779892,637.8884498779892,76.23221003040221,76.23221003040221,True,0.26270023,0.24597964,-0.08867472,0.12714867,0.021517321,0.17739448,0.051579397,0.092663325,-0.05901341,0.11314015,0.22941512
134,Vimioso_10082024,2024,2781,p,2024-08-11 15:40:00,2024-08-11 16:05:00,224.652778,224.670139,airb,2,2,85.0,204.0,1066.854879,1875.88282,12560.167233,10954.452211,2.583333,0.416667,3,763.1746601208459,0.495340144777579,-0.868699108421165,22.0,7.0,0.0,0.0,22.5,29.0,233,18.501097560975612,0.206068268096451,0.271167522380102,0.154747642874719,0.176589060425761,0.219655875563626,0.305611572265632,34.87563476562502,7.811914062500023,18.993486645790153,4512.894587996633,926.9768750000001,7321.23583984375,5.927563733973379,55745.774065144564,5.06597900390625,49.89763941195539,631.3017603175707,94.63528782366592,12.352553993487195,-0.631520997269864,-0.77535877502436,17.776365363715215,-0.754325092498162,-0.656501069936401,,,34.244140625,25.50726318359375,9.37530517578125,-7.316436767578125,-35.0150146484375,18.717897415161133,27.0338077545166,62.60169982910156,25.755823135375977,43.05318069458008,11.995673178583022,20.180869191278767,21.17369105502832,29.374652252271392,36.79632289535321,-0.749913085022549,-0.661536367036585,-0.667162430152277,-0.744912271206018,-0.269859065770825,-0.962899831042304,-0.497196548062934,-0.867637938655464,-0.989818896111165,0.142332543366842,0.028152720644529,0.047747960687573,0.018769685089162,0.015540574116479,0.377567989274585,5239.33349609375,14901.2802734375,31154.626953125,57627.55078125,94592.78125,,-9.533202715290685,-10.380631244416275,-6.517980313356666,-7.720656037090364,6.744972282432784,0.002295098742384,0.999997366257413,3.438647201874687,-0.004639661748175,0.999989236711507,3.313257787758749,-0.001283136207486,0.999999176780398,48.75301032463415,-0.003968043275861,0.999992127285291,3195.801621093737,62.191894531250504,0.0,20.787719726562102,67.1243896484378,0.0,,3073.554638671885,,625.3662502438852,,914.4241397900474,,7.487431524850081,5997.836589813232,0.813410344293422,836.770244,1290.0,7.537367605229082,1875.88282,7.261370658874512,1423.207302357104,-452.675517642896,-24.131332342118046,24.131332342118046,False,0.28979722,0.34571657,-0.08344929,0.11640032,0.025939398,0.130897,0.050070327,0.058731917,-0.03517211,0.114677496,0.21387514
134,Vimioso_10082024,2024,2782,p,2024-08-11 16:05:00,2024-08-11 17:10:00,224.670139,224.715278,airb,2,2,322.25,297.461538,1116.289192,1239.985032,14581.162576,15772.835645,3.666667,1.083333,3,771.8746608527132,0.491742612670108,-0.87074060596964,22.0,7.0,0.0,0.0,58.319604612850085,44.0,233,19.411223241590214,0.203882125169905,0.268011687632559,0.153924660479998,0.175193009041426,0.217106759774452,0.301942673062534,34.299337512904636,6.918417903440849,18.447468896369067,4400.793532685598,926.5103464480985,7360.263236395424,5.91202708082299,52253.25330400181,4.946357494660693,50.0089167370321,631.5339635211706,94.67497846397903,11.872211545951282,-0.747514763397713,-0.664245194564824,15.138910177900499,-0.888903456415381,-0.458094581034079,,,33.73850187428594,25.170307425824216,9.27759243650283,-6.770097804504625,-35.09304452778662,20.320400607236074,28.28368915148348,62.42223856119004,19.44223216826793,45.240240020194484,9.944995317577717,17.769524561380262,19.336117080322733,33.08654746014854,28.604816075292007,-0.864030122358976,-0.503440113276974,-0.808136788869308,-0.588994847580184,-0.34337960879579,-0.939196701582395,-0.623361571000503,-0.781933725963898,-0.984355944612986,0.176191300310419,0.025331309163901,0.141257365401412,0.152803174995483,0.076066895431178,0.064186223413827,5225.314835318442,14874.197505249344,31116.25871545182,57618.95936370033,94590.28786517875,,-9.349145061152033,-10.226682569893654,-6.266483715161067,-7.894691581202267,6.341210799153208,0.005515600543429,0.999984788959635,3.570935304222985,-0.005865651307417,0.999982796919397,4.526649991165966,-0.001582195076239,0.999998748328587,43.03244080353867,-0.003002968286592,0.99999549108057,3341.732817807915,44.0165358777274,0.0,9.2650335849025,49.2230594861571,0.0,,2750.8188165904157,,621.8068491377583,,911.951746923007,,8.234561239224778,4974.178611351438,1.180020382903643,836.770244,1315.0,7.123660723890935,1239.985032,6.990528106689453,1085.295004389088,-154.690027610912,-12.475152813853644,12.475152813853644,False,0.27525693,0.25834402,-0.084782206,0.12995066,0.016962543,0.16788906,0.03192729,0.09785185,-0.09230525,0.14755993,0.021815166
134,Vimioso_10082024,2024,2783,p,2024-08-11 17:10:00,2024-08-11 18:40:00,224.715278,224.777778,fops,2,2,278.5,185.666667,958.238862,691.962377,10514.348077,9855.658574,5.166667,1.5,3,769.8098583633093,0.499011674461662,-0.866595262363561,22.0,1.0,0.0,0.0,80.31980319803198,37.0,233,20.056859205776174,0.197370415896259,0.258372815580161,0.151839582953275,0.17114132499731,0.209447176166798,0.290649217529316,33.21900931857802,7.547894842506784,20.45354185134898,4041.840010117458,925.0738397200912,7480.7743333399885,6.288873676222964,43467.212451475,4.879141187590372,50.35252542464457,632.2509742688076,94.79753756412887,10.741675815778049,-0.944709044400114,-0.327909776354143,17.222620492727383,-0.991357622895166,-0.131187131715138,,,33.28177334185522,24.857746086954446,9.099463711773701,-6.787432069382038,-35.10469076434565,22.639710159130104,30.87888726823226,66.35077289983838,14.431360404700094,37.94935111170397,10.509894703452265,19.09494508633896,15.887554893662214,32.125832289335165,31.802848207471403,-0.978507590839606,-0.20621080153394,-0.974214168494797,-0.225625251033638,-0.137679000358416,-0.990476901729822,-0.576251504638753,-0.817272416885321,-0.999664066737176,0.025918211251765,0.011553960656923,0.121643461220495,-0.039759569004385,0.054566075578083,0.00573631517894,5228.39319514375,14865.501401746467,31099.176935073636,57586.88132532446,94582.27827564892,,-9.191837706169856,-10.140177547134416,-6.203694874585489,-7.893106109545044,7.439735607355907,0.005157367969526,0.999986700689378,1.668268222177548,-0.010032980364286,0.999949668385869,4.157823682267848,-0.002962327869472,0.999995612297171,56.50400560897353,0.001762449931314,0.999998446883914,4081.81562070989,9.9782346238037,0.0,10.72640500847,19.1614255217882,0.0,,1683.5492725127729,,636.1265161596493,,930.7890981716598,,9.90773314318923,5255.86364482785,2.072017113985696,1239.985032,1380.0,6.540975707672855,691.962377,7.035675048828125,1135.4618205324396,443.4994435324396,64.0929996013988,64.0929996013988,True,0.24786323,0.16435003,-0.0820764,0.12420945,0.015125569,0.016522622,0.046207584,0.1292637,-0.07942776,0.13778481,0.027386539
134,Vimioso_10082024,2024,2784,p,2024-08-11 18:40:00,2024-08-12 03:30:00,224.777778,225.145833,sat,2,3,1147.75,129.933962,444.199918,444.253009,5959.462519,5960.174795,8.833333,8.833333,3,769.4051102860886,0.079622664917527,-0.996825075543062,22.0,7.0,0.0,0.0,55.755156353958746,37.0,233,20.85614248479583,0.190217069676914,0.247450243865024,0.148284706994797,0.166282828449912,0.201274647517774,0.277732346610056,25.21445504083687,12.666775720326655,47.669931995722116,1789.673562987012,924.4198133852345,7622.344256875413,11.185146022952502,16521.31753541804,3.479891802189468,51.95507829990754,641.2315803072966,94.92046066192307,7.570600088322169,-0.978977024940446,0.203970548459215,15.916469612710577,-0.973179614045044,0.230046601381412,0.023458331100819,0.026104896125789,28.063585507004024,22.68576939710181,9.725985792722875,-7.402763785652242,-35.730839636092966,46.876085324788114,37.3635850528033,46.338326525804064,9.959804514171449,26.733884609370236,7.439571216315938,22.312644357268123,34.164214275768984,33.88383025061554,35.70324696619645,-0.992718755264842,0.120455273630601,-0.950880268621628,0.309558903516054,0.141962554909443,-0.989872028599446,-0.538800455894714,-0.842433420946515,-0.737753348454981,-0.675070364364681,-0.010132877927889,-0.048041420111653,-0.07814795714919,0.051682229587452,0.00832721655726,5354.776676308611,14887.658478002462,31076.231522185786,57535.50816451255,94477.69591095182,,-5.867978746992923,-8.339392808941,-6.688628000787059,-7.896121265669584,5.364639112609545,-0.001097863248835,0.999999397347962,11.54270105963153,-0.013550902000022,0.999908182312249,5.228661624994487,-0.003717717551427,0.999993089264225,82.08169825962972,0.027046011095805,0.999634189733327,4204.991943120011,0.4234301632903,0.0,3.3694332928391,3.6233096453719,0.04783726202465,,301.62793337159326,126.00514690773342,770.2390343801667,,949.6724447479812,,16.93285850110422,3834.9723874792803,1.966152061063728,691.962377,1470.0,6.098642680148059,444.253009,5.7095112800598145,300.72357391700984,-143.52943508299018,-32.308038927202894,32.308038927202894,False,-0.4449001,-0.14707342,-0.11935449,-0.06647197,0.03822165,0.16365777,0.123285376,0.11398736,-0.016701275,-0.020574367,0.10130837
135,Vinhais_01092024,2024,2787,p,2024-09-01 16:20:00,2024-09-01 18:00:00,245.680556,245.75,airb,1,1,173.25,103.95,1378.498072,1378.498072,15651.696862,15651.696862,1.666667,1.666667,4,556.1794472913616,-0.986489495303127,0.163824527029932,32.0,7.0,0.0,44.48051948051948,55.35714285714286,12.0,233,20.4251497005988,0.22540207782177,0.295817552665651,0.158743592013146,0.187227079828641,0.243017138356716,0.333074417662413,25.325405237178707,11.446077284795354,41.9500754053016,1875.1652465557945,936.1450597518202,6369.107503599187,9.958769580592543,23994.26196502164,1.518681841610448,27.540762660062597,755.1623161414749,89.69928924205809,12.733491251289413,-0.709748226509218,0.704455431497991,18.62022633486056,-0.719855742169577,0.694123699685789,0.001810119035385,0.001812338426984,24.916892442259652,16.474166610996843,7.436802927775947,-7.804954310432171,-33.88547752566342,41.1058668209496,59.189736105302686,39.811662295234825,60.33042054336468,39.196352334783555,12.566178344874988,20.746960712402533,16.237177144190216,24.62525372577217,42.29619208683904,-0.741536400435681,0.670912637255324,-0.619443162027231,0.785041507831086,-0.996368428436204,0.085146666497106,-0.999816293473478,-0.019167141282854,-0.921416626677181,-0.388576118775773,-0.031918731438262,-0.068684107895053,-0.021236492118956,0.016572348076178,-0.015404964041968,5455.2699881362705,14865.782826630662,30786.54715529156,57201.86030862843,94274.95846025017,,-9.212240569795004,-5.815384578348337,-5.951773874573077,-7.26964214113303,8.599086225696595,0.000119625304155,0.999999992844893,1.153395237085528,-0.004815741014037,0.999988404252012,2.258087466591278,-0.00267675945809,0.999996417472985,56.90895379988403,0.005887207075856,0.999982670246263,,40.6149526138843,0.0,0.0,40.6149526138843,0.0,,1235.8027421089296,245.4018003589706,762.7523639634885,,924.5424058114218,,15.578718320662727,6287.5452012552605,1.095151181655901,,0.0,7.229474996048535,1378.498072,6.995415210723877,1090.6168346646002,-287.8812373353999,-20.88368806477372,20.88368806477372,False,0.22341159,-0.07543527,0.11222414,-0.0018746802,0.15887257,0.1416701,0.07600832,0.12835112,-0.050667323,-0.019938998,-0.10504065
135,Vinhais_01092024,2024,2788,p,2024-09-01 18:00:00,2024-09-01 18:50:00,245.75,245.784722,airb,1,1,96.5,115.8,1240.787475,1097.262047,14239.27025,14238.142365,2.5,0.833333,4,605.1491071428571,-0.999080817935811,-0.042866294833013,21.0,7.0,0.0,49.863760217983646,38.69209809264305,7.0,234,18.39438775510204,0.226278536098127,0.298194380284285,0.158813425024079,0.188000978312181,0.244001931806783,0.336245091493892,24.7813288303233,11.641087243492333,43.830674434563605,1753.296184343717,936.0939801609762,6402.622034829242,10.265177491199191,21629.840628319882,1.43138035661094,27.528191879639163,743.0109031274611,89.71528393532947,12.335260982494061,-0.680998529272123,0.732284782805983,18.840152625084688,-0.711817539219646,0.702364428811203,,,24.675229411107694,16.328893059555273,7.466132346333395,-7.871023874571307,-33.901055224633446,42.745274063672454,61.04338960289015,41.221117935006255,60.71915275430576,40.358204934995534,12.199513133310967,21.09607380885332,16.460349507835424,25.014661395504834,43.700866995328376,-0.739009635875166,0.673694855319272,-0.587678505735092,0.809094539529819,-0.994742457252616,0.102408221051962,-0.998984014034098,-0.045065948390351,-0.899740692447162,-0.436424891997125,-0.031505809744069,-0.066906606875171,-0.018574899384423,0.013153329113762,-0.021764285487694,5460.132586983695,14863.245506693915,30787.62696475976,57197.30633829327,94265.54533417682,,-9.107065642498249,-5.703030638122241,-5.989026349074575,-7.255568121689913,9.195707645586593,0.000620551741841,0.999999807457749,1.366178873879017,-0.004741019940409,0.999988761301808,2.394082761458591,-0.002796520444946,0.999996089729055,62.2545101202913,0.006913185527473,0.999976103647414,,50.6022263715105,0.0,0.0,50.6022263715105,0.0,,1116.034621859766,,770.8779397707342,,928.0310946322471,,16.01987333499998,6100.25051436871,1.129708834359518,1378.498072,100.0,7.001484252065019,1097.262047,6.525084018707275,681.0370751168292,-416.2249718831707,-37.933050999181305,37.933050999181305,True,0.2969123,-0.116818175,0.1274446,0.054110546,0.025926102,0.13645165,0.087949514,0.06788167,-0.04811461,-0.03217385,-0.10965673
135,Vinhais_01092024,2024,2791,p,2024-09-01 18:50:00,2024-09-02 01:00:00,245.784722,246.041667,"ek,fops",1,1,25.0,4.054054,115.536847,45.978794,1730.549414,688.685707,8.666667,6.166667,4,525.3505544354839,-0.628285287315806,0.777983031783146,22.0,7.0,0.0,0.0,98.91304347826086,24.0,233,24.82,0.224238807547935,0.292834948326351,0.158418942945338,0.186179830006182,0.24173849616731,0.329129202706465,19.77940848214288,12.652420479910736,64.32037918585242,853.9560271972562,936.9425000000001,6327.7841796875,14.85096031802839,6903.287202247675,1.650194440569196,27.688243625033493,771.8796055891964,89.49208913385063,7.266842741499615,-0.699021306702021,0.715100840984402,14.660918542938386,-0.64103158738902,0.767514497563084,0.002335515538621,0.002933130318065,21.101593017578125,15.825182233537946,6.524793352399554,-8.560699462890625,-34.37943158830915,64.85115705217633,58.79345539637974,69.8016608101981,67.43674414498466,33.54967253548758,7.990498235511274,14.70421865344827,11.654124754341286,33.65255265738735,52.94626885440437,-0.725984765647646,0.687710782267904,-0.449728628682567,0.893165248172642,-0.99988910514341,0.014892193106157,-0.984845386582146,-0.173434611677897,-0.762256017917486,-0.647275646960843,-0.030193822936791,-0.090023149075382,0.017295946850752,-0.001453474917033,0.000365409795822,5552.216657366072,14891.703404017857,30822.985212053572,57173.72544642857,94129.47433035714,,-5.757330802766147,-5.984636667043886,-5.890753974090948,-7.196670923379075,-8.74877481515736,0.003929102454088,0.999992281047162,2.498230429576922,-0.006529617695436,0.999978681819143,5.416612961701945,-0.0033798758913,0.999994288203167,84.39162965927468,0.016641320448901,0.999861523639007,3099.721699218773,1.5939243861606,0.0,4.347394670758701,5.5487409319193,0.0,,292.6034958321684,112.60723307291805,843.1988276962982,,949.8307744992569,,20.45712182130197,4003.455979483468,1.233953671537355,1378.498072,150.0,3.8496963084031894,45.978794,5.790658950805664,326.2285808846139,280.2497868846139,609.5196557017435,609.5196557017435,True,-0.29977584,-0.2823085,-0.120533414,-0.021822559,0.026945971,-0.1034076,0.18040214,0.041022785,-0.07150131,-0.15602177,-0.09461281
135,Vinhais_01092024,2024,2792,p,2024-09-02 01:00:00,2024-09-02 06:00:00,246.041667,246.25,fops,1,2,15.0,3.0,37.40425,44.42888,489.891774,642.562539,5.0,5.0,4,477.81129557291666,-0.564420226336251,0.825487618382332,22.0,7.0,0.0,0.0,100.0,24.0,236,23.933333333333334,0.22426106572349,0.292827634201597,0.158473554452254,0.186212129791569,0.241754680077226,0.329106241861971,16.381616210937523,13.484277343750023,83.10291308422265,318.3570140379464,936.3672916666668,6327.7841796875,18.611407385466094,1682.9896831164097,1.632901509602865,28.018196694101714,776.2161829767582,89.02339239426793,5.323034786733037,-0.575263194545665,0.817968371638608,10.140294306329434,-0.460179731395353,0.887825779538362,0.000549734139591,0.000542065115726,18.745590209960938,14.791483561197916,5.525680541992188,-9.316986083984375,-35.68281046549479,80.7905871073405,67.99008305867513,82.50510787963867,64.45175107320149,60.15268611907959,5.402343717317131,12.280735404014917,20.807243161696917,42.615409758780906,60.72462952112178,-0.536618132767925,0.843825206772508,-0.294138034486598,0.95576295003958,-0.739937604381975,-0.672675509901664,-0.903873524289412,-0.427799780374695,-0.896766472646811,-0.442504116971353,-0.033449678520622,-0.033777818364908,0.027507710168133,0.021804380586461,0.076283291883347,5518.260823567708,14810.76220703125,30688.174479166668,56959.594401041664,93756.93619791667,,-4.314504866680299,-5.962381273196505,-5.795932455349266,-7.349166518929493,-3.687864772736159,0.00223907640674,0.999997493265281,6.744347776987041,-0.013183262532469,0.999913097018436,7.64302264027604,-0.005166779424781,0.999986652106105,57.10244782406906,0.014444189198479,0.999895677257582,2395.426373697954,6.503967285156199,1.7100423177081,12.862955729166,18.8291219075514,0.0,,79.94773671467887,3.836114959716436,896.6333257335555,,949.930206573214,,22.074851470978853,2705.577492713928,0.939346280855863,45.978794,520.0,3.8161480261546252,44.42888,5.214495658874512,182.91903964943745,138.49015964943746,311.71202076090475,311.71202076090475,True,-0.108528115,-0.25508395,-0.10988073,0.03553459,-0.053423874,-0.26774362,0.0099385725,0.027653506,-0.18384573,-0.26987642,-0.050125998
135,Vinhais_01092024,2024,2793,p,2024-09-02 15:00:00,2024-09-02 16:50:00,246.625,246.701389,airb,2,3,24.25,13.227273,426.952064,426.952064,3421.260969,3421.260969,1.833333,1.833333,4,553.5297506313132,-0.324053380917876,-0.946038797468526,21.0,6.0,0.0,98.98989898989899,1.01010101010101,7.0,234,14.543478260869565,0.204153937852384,0.2766068416772,0.14212715625763,0.164630278348924,0.221712053418161,0.314941711425781,24.330102539062523,14.432641601562523,54.12804654753944,1399.1152829650773,951.8846874999999,4981.751953125,11.690147983464033,21162.34915145254,1.503196716308594,29.778911158723385,797.1006720232074,89.84804386778661,15.137678492214478,-0.740887096704657,0.671629592808822,19.09345326643073,-0.779597183645595,0.626281271675799,0.006834690197331,0.006867901526441,23.207550048828125,14.811798095703125,5.805404663085938,-10.54608154296875,-39.27392578125,53.152204513549805,79.60528564453125,38.28975486755371,10.567193508148193,37.23347473144531,14.206478967261935,16.522650245561923,18.67319079230631,36.68486475874015,81.49400702174607,-0.801682513724819,0.597750070838854,-0.812837785259535,0.582490115670965,-0.393810647299924,-0.91919158725111,-0.850970200183739,-0.525213973918485,-0.802684902667543,-0.596403342570779,-0.018839676213489,0.034813763147344,0.003709625762868,-0.003389687874026,-0.036992762804284,5329.254150390625,14701.076171875,30541.20703125,56720.763671875,93036.62109375,,-9.160985243665692,-5.795455766798707,-6.38511340199509,-8.007552048516805,-11.207257437936196,-0.0041409529684,0.999991426217502,1.559764616466442,-0.012494287565367,0.999921943342696,4.326684259895457,-0.004067116423263,0.999991729247797,51.105423852735996,0.004893190667331,0.999988028270885,855.7784887695541,0.0,27.814575195314,33.0396118164063,45.4361572265636,40.23999999999879,,1218.5371215820521,179.53837402341878,822.4947348995281,,928.0400770315401,,14.50903249630636,14417.976379394531,0.505898998760151,,1360.0,6.059011189309328,426.952064,6.548130512237549,696.9381665526423,269.9861025526423,63.23569442977146,63.23569442977146,True,0.2458557,-0.1023758,0.14356709,-0.053427026,0.029566675,0.031491313,0.10336357,-0.13277747,-0.058165293,-0.043420997,-0.031950668
135,Vinhais_01092024,2024,2794,p,2024-09-02 16:50:00,2024-09-02 18:30:00,246.701389,246.770833,airb,2,3,27.25,16.35,291.187871,234.468394,2385.516188,2777.966879,3.5,1.666667,4,481.4573317307692,0.522253951449818,-0.852790015299811,21.0,6.0,0.0,62.745098039215684,19.607843137254903,7.0,237,14.564285714285715,0.20403051775694,0.276544577056561,0.141897720992565,0.164491369426251,0.221603457927705,0.314911804199218,21.445458984375023,14.374047851562523,64.12173065212116,917.8189247473996,952.18875,4981.751953125,15.049052736554007,14826.224919384906,1.305534362792969,29.778911158723385,797.1006720232074,89.84804386778661,16.11559608047135,-0.562908337256451,0.826519330594983,23.895793153881087,-0.505648014014558,0.862739871527411,0.000236422966021,0.000236579860234,21.0146484375,14.479461669921875,5.868392944335938,-10.884033203125,-40.10795593261719,64.26362991333008,80.84003448486328,33.62814903259277,21.549363136291504,41.486209869384766,16.723146672128507,15.070864047334865,20.92409835010004,40.035403666825246,70.73664363640692,-0.526217623296701,0.850349935574744,-0.547329043223475,0.836917509939943,-0.488119250316298,-0.872776946000899,-0.878521305825806,-0.477703166422539,-0.838223480331029,-0.545326871721665,-0.071411779176496,-0.153286840002035,0.049736193644799,-0.034797556913754,-0.033160991354355,5335.614013671875,14657.99560546875,30494.7939453125,56677.91796875,92948.44921875,,-7.130838294966376,-5.541071270911045,-6.541676968205985,-8.1458281511569,-17.764475091437312,0.007906194901795,0.999968745552667,1.452911921181823,-0.014381402147294,0.999896582288527,4.491547405666557,-0.005172604242232,0.999986621993191,73.40651429846407,0.007379188358627,0.999972773418941,816.0269726562493,0.009765625,28.9698486328146,18.0869140625002,36.6995239257829,38.1724999999967,,698.1763024902542,178.93176025392358,857.2921353402867,,925.2616562061994,,16.068374385744406,12539.125347137451,0.688753315874978,426.952064,1470.0,5.461576696381823,234.468394,6.410755634307861,607.3531999746792,372.88480597467924,159.03414512007927,159.03414512007927,True,0.3033008,-0.12050572,0.1308136,0.08950233,0.029279783,0.11380664,0.10592858,-0.16104028,0.1510881,-0.22354363,-0.007766815
